6.653999999999999773e+02 1.125999999999999943e+02 1.900000000000000000e+01
6.660000000000000000e+02 1.130000000000000000e+02 1.900000000000000000e+01
6.666000000000000227e+02 1.134000000000000057e+02 1.900000000000000000e+01
6.673999999999999773e+02 1.137999999999999972e+02 1.900000000000000000e+01
6.682000000000000455e+02 1.142000000000000028e+02 1.900000000000000000e+01
6.687999999999999545e+02 1.147999999999999972e+02 1.900000000000000000e+01
6.696000000000000227e+02 1.152000000000000028e+02 1.900000000000000000e+01
6.703999999999999773e+02 1.157999999999999972e+02 1.900000000000000000e+01
6.712000000000000455e+02 1.162000000000000028e+02 1.900000000000000000e+01
6.717999999999999545e+02 1.167999999999999972e+02 1.900000000000000000e+01
6.726000000000000227e+02 1.172000000000000028e+02 1.900000000000000000e+01
6.733999999999999773e+02 1.177999999999999972e+02 1.900000000000000000e+01
6.742000000000000455e+02 1.184000000000000057e+02 1.900000000000000000e+01
6.750000000000000000e+02 1.190000000000000000e+02 1.900000000000000000e+01
6.757999999999999545e+02 1.195999999999999943e+02 1.900000000000000000e+01
6.766000000000000227e+02 1.202000000000000028e+02 1.900000000000000000e+01
6.772000000000000455e+02 1.207999999999999972e+02 1.900000000000000000e+01
6.777999999999999545e+02 1.212000000000000028e+02 1.900000000000000000e+01
6.782000000000000455e+02 1.217999999999999972e+02 1.900000000000000000e+01
6.787999999999999545e+02 1.222000000000000028e+02 1.900000000000000000e+01
6.792000000000000455e+02 1.227999999999999972e+02 1.900000000000000000e+01
6.797999999999999545e+02 1.232000000000000028e+02 1.900000000000000000e+01
6.802000000000000455e+02 1.237999999999999972e+02 1.900000000000000000e+01
6.807999999999999545e+02 1.242000000000000028e+02 1.900000000000000000e+01
6.812000000000000455e+02 1.247999999999999972e+02 1.900000000000000000e+01
6.817999999999999545e+02 1.252000000000000028e+02 1.900000000000000000e+01
6.822000000000000455e+02 1.257999999999999972e+02 1.900000000000000000e+01
6.827999999999999545e+02 1.262000000000000028e+02 1.900000000000000000e+01
6.833999999999999773e+02 1.267999999999999972e+02 1.900000000000000000e+01
6.842000000000000455e+02 1.274000000000000057e+02 1.900000000000000000e+01
6.850000000000000000e+02 1.281999999999999886e+02 1.900000000000000000e+01
6.860000000000000000e+02 1.288000000000000114e+02 1.900000000000000000e+01
6.867999999999999545e+02 1.295999999999999943e+02 1.900000000000000000e+01
6.876000000000000227e+02 1.301999999999999886e+02 1.900000000000000000e+01
6.882000000000000455e+02 1.308000000000000114e+02 1.900000000000000000e+01
6.887999999999999545e+02 1.311999999999999886e+02 1.900000000000000000e+01
6.893999999999999773e+02 1.318000000000000114e+02 1.900000000000000000e+01
6.902000000000000455e+02 1.324000000000000057e+02 1.900000000000000000e+01
6.910000000000000000e+02 1.331999999999999886e+02 1.900000000000000000e+01
6.920000000000000000e+02 1.338000000000000114e+02 1.900000000000000000e+01
6.927999999999999545e+02 1.345999999999999943e+02 1.900000000000000000e+01
6.936000000000000227e+02 1.351999999999999886e+02 1.900000000000000000e+01
6.942000000000000455e+02 1.358000000000000114e+02 1.900000000000000000e+01
6.947999999999999545e+02 1.361999999999999886e+02 1.900000000000000000e+01
6.952000000000000455e+02 1.368000000000000114e+02 1.900000000000000000e+01
6.957999999999999545e+02 1.371999999999999886e+02 1.900000000000000000e+01
6.962000000000000455e+02 1.378000000000000114e+02 1.900000000000000000e+01
6.967999999999999545e+02 1.381999999999999886e+02 1.900000000000000000e+01
6.972000000000000455e+02 1.388000000000000114e+02 1.900000000000000000e+01
6.977999999999999545e+02 1.391999999999999886e+02 1.900000000000000000e+01
6.982000000000000455e+02 1.398000000000000114e+02 1.900000000000000000e+01
6.987999999999999545e+02 1.401999999999999886e+02 1.900000000000000000e+01
6.992000000000000455e+02 1.408000000000000114e+02 1.900000000000000000e+01
6.997999999999999545e+02 1.414000000000000057e+02 1.900000000000000000e+01
7.002000000000000455e+02 1.421999999999999886e+02 1.900000000000000000e+01
7.007999999999999545e+02 1.428000000000000114e+02 1.900000000000000000e+01
7.012000000000000455e+02 1.435999999999999943e+02 1.900000000000000000e+01
7.017999999999999545e+02 1.441999999999999886e+02 1.900000000000000000e+01
7.022000000000000455e+02 1.448000000000000114e+02 1.900000000000000000e+01
7.027999999999999545e+02 1.454000000000000057e+02 1.900000000000000000e+01
7.032000000000000455e+02 1.461999999999999886e+02 1.900000000000000000e+01
7.035000000000000000e+02 1.465000000000000000e+02 1.900000000000000000e+01
