4.518000000000000114e+02 1.631200000000000045e+03 3.600000000000000000e+01
4.511999999999999886e+02 1.631799999999999955e+03 3.600000000000000000e+01
4.508000000000000114e+02 1.632599999999999909e+03 3.600000000000000000e+01
4.503999999999999773e+02 1.633400000000000091e+03 3.600000000000000000e+01
4.500000000000000000e+02 1.634000000000000000e+03 3.600000000000000000e+01
4.496000000000000227e+02 1.634599999999999909e+03 3.600000000000000000e+01
4.493999999999999773e+02 1.635400000000000091e+03 3.600000000000000000e+01
4.490000000000000000e+02 1.636000000000000000e+03 3.600000000000000000e+01
4.486000000000000227e+02 1.636599999999999909e+03 3.600000000000000000e+01
4.483999999999999773e+02 1.637400000000000091e+03 3.600000000000000000e+01
4.480000000000000000e+02 1.638000000000000000e+03 3.600000000000000000e+01
4.476000000000000227e+02 1.638599999999999909e+03 3.600000000000000000e+01
4.473999999999999773e+02 1.639400000000000091e+03 3.600000000000000000e+01
4.470000000000000000e+02 1.640200000000000045e+03 3.600000000000000000e+01
4.466000000000000227e+02 1.641000000000000000e+03 3.600000000000000000e+01
4.463999999999999773e+02 1.642000000000000000e+03 3.600000000000000000e+01
4.461999999999999886e+02 1.643000000000000000e+03 3.600000000000000000e+01
4.460000000000000000e+02 1.644000000000000000e+03 3.600000000000000000e+01
4.460000000000000000e+02 1.645000000000000000e+03 3.500000000000000000e+01
4.460000000000000000e+02 1.646000000000000000e+03 3.500000000000000000e+01
4.460000000000000000e+02 1.647000000000000000e+03 3.500000000000000000e+01
4.460000000000000000e+02 1.648000000000000000e+03 3.500000000000000000e+01
4.461999999999999886e+02 1.648799999999999955e+03 3.500000000000000000e+01
4.463999999999999773e+02 1.649599999999999909e+03 3.500000000000000000e+01
4.466000000000000227e+02 1.650400000000000091e+03 3.500000000000000000e+01
4.468000000000000114e+02 1.651200000000000045e+03 3.500000000000000000e+01
4.471999999999999886e+02 1.652000000000000000e+03 3.500000000000000000e+01
4.473999999999999773e+02 1.653000000000000000e+03 3.500000000000000000e+01
4.476000000000000227e+02 1.654000000000000000e+03 3.500000000000000000e+01
4.480000000000000000e+02 1.654799999999999955e+03 3.500000000000000000e+01
4.482500000000000000e+02 1.655250000000000000e+03 3.500000000000000000e+01
