2.545999999999999943e+02 1.141000000000000000e+03 2.600000000000000000e+01
2.550000000000000000e+02 1.141400000000000091e+03 2.700000000000000000e+01
2.555999999999999943e+02 1.141599999999999909e+03 2.700000000000000000e+01
2.560000000000000000e+02 1.142000000000000000e+03 2.700000000000000000e+01
2.566000000000000227e+02 1.142400000000000091e+03 2.700000000000000000e+01
2.571999999999999886e+02 1.142799999999999955e+03 2.700000000000000000e+01
2.578000000000000114e+02 1.143200000000000045e+03 2.700000000000000000e+01
2.583999999999999773e+02 1.143799999999999955e+03 2.700000000000000000e+01
2.591999999999999886e+02 1.144200000000000045e+03 2.700000000000000000e+01
2.600000000000000000e+02 1.144599999999999909e+03 2.700000000000000000e+01
2.608000000000000114e+02 1.145000000000000000e+03 2.700000000000000000e+01
2.616000000000000227e+02 1.145400000000000091e+03 2.700000000000000000e+01
2.623999999999999773e+02 1.145599999999999909e+03 2.700000000000000000e+01
2.631999999999999886e+02 1.145799999999999955e+03 2.700000000000000000e+01
2.640000000000000000e+02 1.146000000000000000e+03 2.700000000000000000e+01
2.650000000000000000e+02 1.146000000000000000e+03 2.700000000000000000e+01
2.658000000000000114e+02 1.145799999999999955e+03 2.700000000000000000e+01
2.666000000000000227e+02 1.145599999999999909e+03 2.700000000000000000e+01
2.673999999999999773e+02 1.145400000000000091e+03 2.700000000000000000e+01
2.680000000000000000e+02 1.145000000000000000e+03 2.700000000000000000e+01
2.686000000000000227e+02 1.144599999999999909e+03 2.700000000000000000e+01
2.693999999999999773e+02 1.144400000000000091e+03 2.700000000000000000e+01
2.700000000000000000e+02 1.144000000000000000e+03 2.700000000000000000e+01
2.706000000000000227e+02 1.143599999999999909e+03 2.700000000000000000e+01
2.711999999999999886e+02 1.143200000000000045e+03 2.700000000000000000e+01
2.718000000000000114e+02 1.142799999999999955e+03 2.700000000000000000e+01
2.721999999999999886e+02 1.142200000000000045e+03 2.700000000000000000e+01
2.728000000000000114e+02 1.141799999999999955e+03 2.700000000000000000e+01
2.731999999999999886e+02 1.141200000000000045e+03 2.700000000000000000e+01
2.738000000000000114e+02 1.140799999999999955e+03 2.700000000000000000e+01
2.743999999999999773e+02 1.140200000000000045e+03 2.700000000000000000e+01
2.751999999999999886e+02 1.139799999999999955e+03 2.700000000000000000e+01
2.758000000000000114e+02 1.139200000000000045e+03 2.700000000000000000e+01
2.766000000000000227e+02 1.138799999999999955e+03 2.700000000000000000e+01
2.771999999999999886e+02 1.138200000000000045e+03 2.700000000000000000e+01
2.778000000000000114e+02 1.137799999999999955e+03 2.700000000000000000e+01
2.783999999999999773e+02 1.137400000000000091e+03 2.700000000000000000e+01
2.790000000000000000e+02 1.137000000000000000e+03 2.600000000000000000e+01
2.796000000000000227e+02 1.136599999999999909e+03 2.600000000000000000e+01
2.803999999999999773e+02 1.136200000000000045e+03 2.600000000000000000e+01
2.811999999999999886e+02 1.135799999999999955e+03 2.600000000000000000e+01
2.820000000000000000e+02 1.135400000000000091e+03 2.600000000000000000e+01
2.828000000000000114e+02 1.135000000000000000e+03 2.600000000000000000e+01
2.836000000000000227e+02 1.134599999999999909e+03 2.600000000000000000e+01
2.843999999999999773e+02 1.134400000000000091e+03 2.600000000000000000e+01
2.850000000000000000e+02 1.134000000000000000e+03 2.600000000000000000e+01
2.856000000000000227e+02 1.133599999999999909e+03 2.600000000000000000e+01
2.863999999999999773e+02 1.133400000000000091e+03 2.600000000000000000e+01
2.871999999999999886e+02 1.133200000000000045e+03 2.600000000000000000e+01
2.880000000000000000e+02 1.133000000000000000e+03 2.600000000000000000e+01
2.888000000000000114e+02 1.132799999999999955e+03 2.600000000000000000e+01
2.896000000000000227e+02 1.132599999999999909e+03 2.600000000000000000e+01
2.903999999999999773e+02 1.132400000000000091e+03 2.600000000000000000e+01
2.911999999999999886e+02 1.132200000000000045e+03 2.600000000000000000e+01
2.915000000000000000e+02 1.132000000000000000e+03 2.600000000000000000e+01
