2.201999999999999886e+02 1.127200000000000045e+03 2.500000000000000000e+01
2.210000000000000000e+02 1.127000000000000000e+03 2.500000000000000000e+01
2.220000000000000000e+02 1.126799999999999955e+03 2.500000000000000000e+01
2.230000000000000000e+02 1.126599999999999909e+03 2.500000000000000000e+01
2.240000000000000000e+02 1.126400000000000091e+03 2.500000000000000000e+01
2.250000000000000000e+02 1.126200000000000045e+03 2.500000000000000000e+01
2.260000000000000000e+02 1.126000000000000000e+03 2.500000000000000000e+01
2.270000000000000000e+02 1.126000000000000000e+03 2.500000000000000000e+01
2.280000000000000000e+02 1.126000000000000000e+03 2.500000000000000000e+01
2.290000000000000000e+02 1.126000000000000000e+03 2.500000000000000000e+01
2.298000000000000114e+02 1.126200000000000045e+03 2.500000000000000000e+01
2.305999999999999943e+02 1.126400000000000091e+03 2.500000000000000000e+01
2.314000000000000057e+02 1.126599999999999909e+03 2.500000000000000000e+01
2.321999999999999886e+02 1.126799999999999955e+03 2.500000000000000000e+01
2.328000000000000114e+02 1.127200000000000045e+03 2.500000000000000000e+01
2.335999999999999943e+02 1.127400000000000091e+03 2.500000000000000000e+01
2.344000000000000057e+02 1.127599999999999909e+03 2.500000000000000000e+01
2.350000000000000000e+02 1.128000000000000000e+03 2.500000000000000000e+01
2.355999999999999943e+02 1.128400000000000091e+03 2.500000000000000000e+01
2.364000000000000057e+02 1.128599999999999909e+03 2.500000000000000000e+01
2.370000000000000000e+02 1.129000000000000000e+03 2.500000000000000000e+01
2.375999999999999943e+02 1.129400000000000091e+03 2.500000000000000000e+01
2.384000000000000057e+02 1.129599999999999909e+03 2.500000000000000000e+01
2.390000000000000000e+02 1.130000000000000000e+03 2.500000000000000000e+01
2.392500000000000000e+02 1.130250000000000000e+03 2.500000000000000000e+01
