3.421999999999999886e+02 1.341000000000000000e+03 2.700000000000000000e+01
3.413999999999999773e+02 1.341000000000000000e+03 2.600000000000000000e+01
3.408000000000000114e+02 1.341200000000000045e+03 2.600000000000000000e+01
3.401999999999999886e+02 1.341400000000000091e+03 2.600000000000000000e+01
3.398000000000000114e+02 1.341799999999999955e+03 2.600000000000000000e+01
3.391999999999999886e+02 1.342200000000000045e+03 2.600000000000000000e+01
3.386000000000000227e+02 1.342599999999999909e+03 2.600000000000000000e+01
3.380000000000000000e+02 1.343000000000000000e+03 2.600000000000000000e+01
3.373999999999999773e+02 1.343599999999999909e+03 2.600000000000000000e+01
3.368000000000000114e+02 1.343799999999999955e+03 2.500000000000000000e+01
3.361999999999999886e+02 1.344200000000000045e+03 2.500000000000000000e+01
3.356000000000000227e+02 1.344799999999999955e+03 2.500000000000000000e+01
3.348000000000000114e+02 1.345200000000000045e+03 2.500000000000000000e+01
3.341999999999999886e+02 1.345599999999999909e+03 2.500000000000000000e+01
3.333999999999999773e+02 1.346200000000000045e+03 2.500000000000000000e+01
3.326000000000000227e+02 1.346799999999999955e+03 2.500000000000000000e+01
3.318000000000000114e+02 1.347200000000000045e+03 2.500000000000000000e+01
3.311999999999999886e+02 1.347799999999999955e+03 2.500000000000000000e+01
3.303999999999999773e+02 1.348200000000000045e+03 2.500000000000000000e+01
3.298000000000000114e+02 1.348799999999999955e+03 2.500000000000000000e+01
3.291999999999999886e+02 1.349200000000000045e+03 2.500000000000000000e+01
3.288000000000000114e+02 1.349799999999999955e+03 2.500000000000000000e+01
3.281999999999999886e+02 1.350200000000000045e+03 2.500000000000000000e+01
3.278000000000000114e+02 1.350799999999999955e+03 2.500000000000000000e+01
3.275000000000000000e+02 1.351000000000000000e+03 2.500000000000000000e+01
