5.210000000000000000e+02 1.487000000000000000e+03 2.700000000000000000e+01
5.210000000000000000e+02 1.488000000000000000e+03 2.700000000000000000e+01
5.210000000000000000e+02 1.489000000000000000e+03 2.700000000000000000e+01
5.210000000000000000e+02 1.489799999999999955e+03 2.700000000000000000e+01
5.210000000000000000e+02 1.490599999999999909e+03 2.800000000000000000e+01
5.210000000000000000e+02 1.491400000000000091e+03 2.800000000000000000e+01
5.210000000000000000e+02 1.492200000000000045e+03 2.800000000000000000e+01
5.210000000000000000e+02 1.493000000000000000e+03 2.800000000000000000e+01
5.210000000000000000e+02 1.494000000000000000e+03 2.800000000000000000e+01
5.210000000000000000e+02 1.495000000000000000e+03 2.900000000000000000e+01
5.212000000000000455e+02 1.495799999999999955e+03 2.900000000000000000e+01
5.213999999999999773e+02 1.496599999999999909e+03 2.900000000000000000e+01
5.216000000000000227e+02 1.497400000000000091e+03 2.900000000000000000e+01
5.217999999999999545e+02 1.498200000000000045e+03 2.900000000000000000e+01
5.220000000000000000e+02 1.499000000000000000e+03 2.900000000000000000e+01
5.220000000000000000e+02 1.500000000000000000e+03 2.900000000000000000e+01
5.222000000000000455e+02 1.501000000000000000e+03 2.900000000000000000e+01
5.223999999999999773e+02 1.502000000000000000e+03 2.900000000000000000e+01
5.226000000000000227e+02 1.503000000000000000e+03 2.900000000000000000e+01
5.227999999999999545e+02 1.504000000000000000e+03 2.900000000000000000e+01
5.230000000000000000e+02 1.505000000000000000e+03 2.900000000000000000e+01
5.232000000000000455e+02 1.506000000000000000e+03 2.900000000000000000e+01
5.233999999999999773e+02 1.507000000000000000e+03 2.900000000000000000e+01
5.236000000000000227e+02 1.508000000000000000e+03 2.900000000000000000e+01
5.237999999999999545e+02 1.509000000000000000e+03 2.900000000000000000e+01
5.240000000000000000e+02 1.510000000000000000e+03 2.900000000000000000e+01
5.242000000000000455e+02 1.510799999999999955e+03 2.900000000000000000e+01
5.242500000000000000e+02 1.511250000000000000e+03 3.000000000000000000e+01
