1.771999999999999886e+02 8.137999999999999545e+02 1.900000000000000000e+01
1.774000000000000057e+02 8.132000000000000455e+02 1.900000000000000000e+01
1.775999999999999943e+02 8.127999999999999545e+02 1.900000000000000000e+01
1.780000000000000000e+02 8.123999999999999773e+02 1.800000000000000000e+01
1.784000000000000057e+02 8.120000000000000000e+02 1.800000000000000000e+01
1.788000000000000114e+02 8.116000000000000227e+02 1.800000000000000000e+01
1.794000000000000057e+02 8.113999999999999773e+02 1.800000000000000000e+01
1.800000000000000000e+02 8.112000000000000455e+02 1.800000000000000000e+01
1.805999999999999943e+02 8.110000000000000000e+02 1.700000000000000000e+01
1.814000000000000057e+02 8.110000000000000000e+02 1.700000000000000000e+01
1.821999999999999886e+02 8.110000000000000000e+02 1.700000000000000000e+01
1.830000000000000000e+02 8.110000000000000000e+02 1.700000000000000000e+01
1.840000000000000000e+02 8.110000000000000000e+02 1.700000000000000000e+01
1.850000000000000000e+02 8.110000000000000000e+02 1.700000000000000000e+01
1.860000000000000000e+02 8.110000000000000000e+02 1.700000000000000000e+01
1.870000000000000000e+02 8.110000000000000000e+02 1.700000000000000000e+01
1.880000000000000000e+02 8.110000000000000000e+02 1.700000000000000000e+01
1.890000000000000000e+02 8.110000000000000000e+02 1.700000000000000000e+01
1.898000000000000114e+02 8.107999999999999545e+02 1.700000000000000000e+01
1.905999999999999943e+02 8.106000000000000227e+02 1.700000000000000000e+01
1.914000000000000057e+02 8.103999999999999773e+02 1.700000000000000000e+01
1.921999999999999886e+02 8.102000000000000455e+02 1.700000000000000000e+01
1.925000000000000000e+02 8.100000000000000000e+02 1.700000000000000000e+01
