8.153999999999999773e+02 7.396000000000000227e+02 1.600000000000000000e+01
8.156000000000000227e+02 7.403999999999999773e+02 1.600000000000000000e+01
8.160000000000000000e+02 7.410000000000000000e+02 1.600000000000000000e+01
8.163999999999999773e+02 7.416000000000000227e+02 1.600000000000000000e+01
8.166000000000000227e+02 7.423999999999999773e+02 1.600000000000000000e+01
8.170000000000000000e+02 7.432000000000000455e+02 1.600000000000000000e+01
8.173999999999999773e+02 7.440000000000000000e+02 1.600000000000000000e+01
8.176000000000000227e+02 7.450000000000000000e+02 1.500000000000000000e+01
8.177999999999999545e+02 7.460000000000000000e+02 1.500000000000000000e+01
8.182000000000000455e+02 7.467999999999999545e+02 1.500000000000000000e+01
8.183999999999999773e+02 7.476000000000000227e+02 1.500000000000000000e+01
8.186000000000000227e+02 7.483999999999999773e+02 1.500000000000000000e+01
8.187999999999999545e+02 7.492000000000000455e+02 1.500000000000000000e+01
8.190000000000000000e+02 7.500000000000000000e+02 1.500000000000000000e+01
8.190000000000000000e+02 7.505000000000000000e+02 1.500000000000000000e+01
