6.097999999999999545e+02 1.161799999999999955e+03 2.800000000000000000e+01
6.106000000000000227e+02 1.161599999999999909e+03 2.800000000000000000e+01
6.113999999999999773e+02 1.161400000000000091e+03 2.800000000000000000e+01
6.122000000000000455e+02 1.161200000000000045e+03 2.800000000000000000e+01
6.130000000000000000e+02 1.161000000000000000e+03 2.800000000000000000e+01
6.140000000000000000e+02 1.161000000000000000e+03 2.800000000000000000e+01
6.150000000000000000e+02 1.161000000000000000e+03 2.800000000000000000e+01
6.160000000000000000e+02 1.161000000000000000e+03 2.800000000000000000e+01
6.170000000000000000e+02 1.161000000000000000e+03 2.800000000000000000e+01
6.180000000000000000e+02 1.161000000000000000e+03 2.800000000000000000e+01
6.190000000000000000e+02 1.161000000000000000e+03 2.800000000000000000e+01
6.197999999999999545e+02 1.161200000000000045e+03 2.800000000000000000e+01
6.206000000000000227e+02 1.161400000000000091e+03 2.800000000000000000e+01
6.213999999999999773e+02 1.161599999999999909e+03 2.800000000000000000e+01
6.222000000000000455e+02 1.161799999999999955e+03 2.800000000000000000e+01
6.230000000000000000e+02 1.162000000000000000e+03 2.800000000000000000e+01
6.240000000000000000e+02 1.161799999999999955e+03 2.800000000000000000e+01
6.250000000000000000e+02 1.161599999999999909e+03 2.800000000000000000e+01
6.260000000000000000e+02 1.161400000000000091e+03 2.800000000000000000e+01
6.270000000000000000e+02 1.161200000000000045e+03 2.800000000000000000e+01
6.280000000000000000e+02 1.161000000000000000e+03 2.800000000000000000e+01
6.290000000000000000e+02 1.161000000000000000e+03 2.800000000000000000e+01
6.297999999999999545e+02 1.160799999999999955e+03 2.800000000000000000e+01
6.306000000000000227e+02 1.160599999999999909e+03 2.800000000000000000e+01
6.313999999999999773e+02 1.160400000000000091e+03 2.800000000000000000e+01
6.322000000000000455e+02 1.160200000000000045e+03 2.800000000000000000e+01
6.327999999999999545e+02 1.159799999999999955e+03 2.800000000000000000e+01
6.336000000000000227e+02 1.159599999999999909e+03 2.800000000000000000e+01
6.343999999999999773e+02 1.159400000000000091e+03 2.800000000000000000e+01
6.352000000000000455e+02 1.159000000000000000e+03 2.800000000000000000e+01
6.360000000000000000e+02 1.158599999999999909e+03 2.800000000000000000e+01
6.370000000000000000e+02 1.158400000000000091e+03 2.800000000000000000e+01
6.377999999999999545e+02 1.158000000000000000e+03 2.800000000000000000e+01
6.386000000000000227e+02 1.157599999999999909e+03 2.800000000000000000e+01
6.393999999999999773e+02 1.157400000000000091e+03 2.800000000000000000e+01
6.402000000000000455e+02 1.157000000000000000e+03 2.800000000000000000e+01
6.410000000000000000e+02 1.156599999999999909e+03 2.800000000000000000e+01
6.420000000000000000e+02 1.156400000000000091e+03 2.800000000000000000e+01
6.427999999999999545e+02 1.156000000000000000e+03 2.800000000000000000e+01
6.436000000000000227e+02 1.155599999999999909e+03 2.800000000000000000e+01
6.443999999999999773e+02 1.155400000000000091e+03 2.800000000000000000e+01
6.450000000000000000e+02 1.155000000000000000e+03 2.800000000000000000e+01
6.456000000000000227e+02 1.154599999999999909e+03 2.800000000000000000e+01
6.463999999999999773e+02 1.154200000000000045e+03 2.800000000000000000e+01
6.472000000000000455e+02 1.153799999999999955e+03 2.800000000000000000e+01
6.477999999999999545e+02 1.153200000000000045e+03 2.800000000000000000e+01
6.486000000000000227e+02 1.152799999999999955e+03 2.800000000000000000e+01
6.492000000000000455e+02 1.152200000000000045e+03 2.800000000000000000e+01
6.497999999999999545e+02 1.151799999999999955e+03 2.800000000000000000e+01
6.502000000000000455e+02 1.151200000000000045e+03 2.800000000000000000e+01
6.507999999999999545e+02 1.150799999999999955e+03 2.800000000000000000e+01
6.512000000000000455e+02 1.150200000000000045e+03 2.800000000000000000e+01
6.517999999999999545e+02 1.149799999999999955e+03 2.800000000000000000e+01
6.522000000000000455e+02 1.149200000000000045e+03 2.800000000000000000e+01
6.527999999999999545e+02 1.148799999999999955e+03 2.800000000000000000e+01
6.532000000000000455e+02 1.148400000000000091e+03 2.800000000000000000e+01
6.536000000000000227e+02 1.148000000000000000e+03 2.900000000000000000e+01
6.540000000000000000e+02 1.147599999999999909e+03 2.900000000000000000e+01
6.543999999999999773e+02 1.147200000000000045e+03 2.900000000000000000e+01
6.547999999999999545e+02 1.146799999999999955e+03 2.900000000000000000e+01
6.552000000000000455e+02 1.146200000000000045e+03 2.900000000000000000e+01
6.557999999999999545e+02 1.145799999999999955e+03 2.900000000000000000e+01
6.563999999999999773e+02 1.145200000000000045e+03 2.900000000000000000e+01
6.572000000000000455e+02 1.144799999999999955e+03 2.900000000000000000e+01
6.577999999999999545e+02 1.144200000000000045e+03 2.900000000000000000e+01
6.586000000000000227e+02 1.143799999999999955e+03 2.900000000000000000e+01
6.592000000000000455e+02 1.143200000000000045e+03 2.900000000000000000e+01
6.597999999999999545e+02 1.142799999999999955e+03 2.900000000000000000e+01
6.603999999999999773e+02 1.142400000000000091e+03 2.900000000000000000e+01
6.610000000000000000e+02 1.142000000000000000e+03 2.900000000000000000e+01
6.616000000000000227e+02 1.141599999999999909e+03 2.900000000000000000e+01
6.623999999999999773e+02 1.141400000000000091e+03 2.900000000000000000e+01
6.630000000000000000e+02 1.141000000000000000e+03 2.900000000000000000e+01
6.636000000000000227e+02 1.140599999999999909e+03 2.900000000000000000e+01
6.642000000000000455e+02 1.140200000000000045e+03 2.900000000000000000e+01
6.647999999999999545e+02 1.139799999999999955e+03 2.900000000000000000e+01
6.653999999999999773e+02 1.139400000000000091e+03 2.900000000000000000e+01
6.660000000000000000e+02 1.139000000000000000e+03 2.900000000000000000e+01
6.666000000000000227e+02 1.138599999999999909e+03 2.900000000000000000e+01
6.670000000000000000e+02 1.138500000000000000e+03 2.900000000000000000e+01
