3.980000000000000000e+02 8.983999999999999773e+02 1.900000000000000000e+01
3.970000000000000000e+02 8.980000000000000000e+02 1.900000000000000000e+01
3.960000000000000000e+02 8.976000000000000227e+02 1.900000000000000000e+01
3.950000000000000000e+02 8.973999999999999773e+02 1.900000000000000000e+01
3.941999999999999886e+02 8.970000000000000000e+02 1.900000000000000000e+01
3.933999999999999773e+02 8.966000000000000227e+02 1.900000000000000000e+01
3.926000000000000227e+02 8.963999999999999773e+02 1.900000000000000000e+01
3.918000000000000114e+02 8.960000000000000000e+02 1.900000000000000000e+01
3.910000000000000000e+02 8.956000000000000227e+02 1.900000000000000000e+01
3.900000000000000000e+02 8.953999999999999773e+02 1.900000000000000000e+01
3.891999999999999886e+02 8.950000000000000000e+02 1.900000000000000000e+01
3.883999999999999773e+02 8.946000000000000227e+02 1.900000000000000000e+01
3.876000000000000227e+02 8.942000000000000455e+02 1.900000000000000000e+01
3.868000000000000114e+02 8.937999999999999545e+02 1.800000000000000000e+01
3.861999999999999886e+02 8.932000000000000455e+02 1.800000000000000000e+01
3.853999999999999773e+02 8.927999999999999545e+02 1.800000000000000000e+01
3.846000000000000227e+02 8.922000000000000455e+02 1.800000000000000000e+01
3.838000000000000114e+02 8.917999999999999545e+02 1.800000000000000000e+01
3.831999999999999886e+02 8.912000000000000455e+02 1.800000000000000000e+01
3.823999999999999773e+02 8.906000000000000227e+02 1.800000000000000000e+01
3.816000000000000227e+02 8.897999999999999545e+02 1.800000000000000000e+01
3.808000000000000114e+02 8.892000000000000455e+02 1.800000000000000000e+01
3.801999999999999886e+02 8.883999999999999773e+02 1.800000000000000000e+01
3.793999999999999773e+02 8.876000000000000227e+02 1.800000000000000000e+01
3.786000000000000227e+02 8.867999999999999545e+02 1.800000000000000000e+01
3.778000000000000114e+02 8.860000000000000000e+02 1.800000000000000000e+01
3.770000000000000000e+02 8.850000000000000000e+02 1.800000000000000000e+01
3.760000000000000000e+02 8.840000000000000000e+02 1.800000000000000000e+01
3.751999999999999886e+02 8.830000000000000000e+02 1.800000000000000000e+01
3.743999999999999773e+02 8.822000000000000455e+02 1.800000000000000000e+01
3.738000000000000114e+02 8.813999999999999773e+02 1.800000000000000000e+01
3.731999999999999886e+02 8.807999999999999545e+02 1.800000000000000000e+01
3.726000000000000227e+02 8.802000000000000455e+02 1.800000000000000000e+01
3.718000000000000114e+02 8.796000000000000227e+02 1.800000000000000000e+01
3.710000000000000000e+02 8.787999999999999545e+02 1.800000000000000000e+01
3.700000000000000000e+02 8.780000000000000000e+02 1.800000000000000000e+01
3.690000000000000000e+02 8.770000000000000000e+02 1.800000000000000000e+01
3.678000000000000114e+02 8.760000000000000000e+02 1.800000000000000000e+01
3.670000000000000000e+02 8.752000000000000455e+02 1.900000000000000000e+01
3.661999999999999886e+02 8.743999999999999773e+02 1.800000000000000000e+01
3.657500000000000000e+02 8.740000000000000000e+02 1.900000000000000000e+01
