4.746000000000000227e+02 1.503400000000000091e+03 2.800000000000000000e+01
4.753999999999999773e+02 1.503599999999999909e+03 2.800000000000000000e+01
4.761999999999999886e+02 1.503799999999999955e+03 2.800000000000000000e+01
4.770000000000000000e+02 1.504000000000000000e+03 2.800000000000000000e+01
4.780000000000000000e+02 1.504200000000000045e+03 2.800000000000000000e+01
4.790000000000000000e+02 1.504400000000000091e+03 2.800000000000000000e+01
4.800000000000000000e+02 1.504599999999999909e+03 2.800000000000000000e+01
4.810000000000000000e+02 1.504799999999999955e+03 2.800000000000000000e+01
4.820000000000000000e+02 1.505000000000000000e+03 2.800000000000000000e+01
4.830000000000000000e+02 1.505000000000000000e+03 2.800000000000000000e+01
4.840000000000000000e+02 1.505000000000000000e+03 2.800000000000000000e+01
4.848000000000000114e+02 1.505200000000000045e+03 2.800000000000000000e+01
4.856000000000000227e+02 1.505400000000000091e+03 2.800000000000000000e+01
4.863999999999999773e+02 1.505599999999999909e+03 2.800000000000000000e+01
4.871999999999999886e+02 1.505799999999999955e+03 2.800000000000000000e+01
4.880000000000000000e+02 1.506000000000000000e+03 2.800000000000000000e+01
4.890000000000000000e+02 1.506000000000000000e+03 2.800000000000000000e+01
4.900000000000000000e+02 1.506000000000000000e+03 2.800000000000000000e+01
4.910000000000000000e+02 1.506000000000000000e+03 2.800000000000000000e+01
4.920000000000000000e+02 1.506000000000000000e+03 2.800000000000000000e+01
4.930000000000000000e+02 1.506000000000000000e+03 2.800000000000000000e+01
4.940000000000000000e+02 1.506000000000000000e+03 2.800000000000000000e+01
4.948000000000000114e+02 1.506000000000000000e+03 2.800000000000000000e+01
4.956000000000000227e+02 1.506000000000000000e+03 2.900000000000000000e+01
4.963999999999999773e+02 1.506200000000000045e+03 2.900000000000000000e+01
4.971999999999999886e+02 1.506400000000000091e+03 2.900000000000000000e+01
4.980000000000000000e+02 1.506599999999999909e+03 2.900000000000000000e+01
4.990000000000000000e+02 1.507000000000000000e+03 2.900000000000000000e+01
5.000000000000000000e+02 1.507400000000000091e+03 2.900000000000000000e+01
5.010000000000000000e+02 1.507599999999999909e+03 2.900000000000000000e+01
5.018000000000000114e+02 1.508000000000000000e+03 2.900000000000000000e+01
5.026000000000000227e+02 1.508400000000000091e+03 2.900000000000000000e+01
5.033999999999999773e+02 1.508599999999999909e+03 2.900000000000000000e+01
5.041999999999999886e+02 1.509000000000000000e+03 2.900000000000000000e+01
5.050000000000000000e+02 1.509400000000000091e+03 2.900000000000000000e+01
5.060000000000000000e+02 1.509799999999999955e+03 2.900000000000000000e+01
5.065000000000000000e+02 1.510000000000000000e+03 2.900000000000000000e+01
