3.281999999999999886e+02 1.287200000000000045e+03 2.900000000000000000e+01
3.288000000000000114e+02 1.286799999999999955e+03 2.900000000000000000e+01
3.293999999999999773e+02 1.286200000000000045e+03 2.900000000000000000e+01
3.301999999999999886e+02 1.285799999999999955e+03 2.900000000000000000e+01
3.308000000000000114e+02 1.285200000000000045e+03 2.900000000000000000e+01
3.316000000000000227e+02 1.284799999999999955e+03 2.900000000000000000e+01
3.323999999999999773e+02 1.284400000000000091e+03 2.900000000000000000e+01
3.330000000000000000e+02 1.284000000000000000e+03 2.900000000000000000e+01
3.336000000000000227e+02 1.283599999999999909e+03 2.900000000000000000e+01
3.343999999999999773e+02 1.283400000000000091e+03 2.900000000000000000e+01
3.350000000000000000e+02 1.283000000000000000e+03 2.900000000000000000e+01
3.356000000000000227e+02 1.282599999999999909e+03 2.900000000000000000e+01
3.363999999999999773e+02 1.282400000000000091e+03 2.900000000000000000e+01
3.371999999999999886e+02 1.282200000000000045e+03 2.900000000000000000e+01
3.378000000000000114e+02 1.281799999999999955e+03 2.900000000000000000e+01
3.386000000000000227e+02 1.281599999999999909e+03 2.900000000000000000e+01
3.393999999999999773e+02 1.281400000000000091e+03 2.900000000000000000e+01
3.400000000000000000e+02 1.281000000000000000e+03 2.900000000000000000e+01
3.406000000000000227e+02 1.280599999999999909e+03 2.900000000000000000e+01
3.413999999999999773e+02 1.280200000000000045e+03 2.900000000000000000e+01
3.421999999999999886e+02 1.279599999999999909e+03 2.900000000000000000e+01
3.428000000000000114e+02 1.278799999999999955e+03 2.900000000000000000e+01
3.436000000000000227e+02 1.278200000000000045e+03 2.900000000000000000e+01
3.441999999999999886e+02 1.277400000000000091e+03 2.900000000000000000e+01
3.446000000000000227e+02 1.276599999999999909e+03 2.900000000000000000e+01
3.450000000000000000e+02 1.276000000000000000e+03 2.900000000000000000e+01
3.453999999999999773e+02 1.275400000000000091e+03 2.900000000000000000e+01
3.456000000000000227e+02 1.274599999999999909e+03 2.900000000000000000e+01
3.458000000000000114e+02 1.273799999999999955e+03 2.900000000000000000e+01
3.461999999999999886e+02 1.273000000000000000e+03 2.900000000000000000e+01
3.463999999999999773e+02 1.272000000000000000e+03 2.900000000000000000e+01
3.468000000000000114e+02 1.271000000000000000e+03 2.900000000000000000e+01
3.473999999999999773e+02 1.270000000000000000e+03 3.000000000000000000e+01
3.481999999999999886e+02 1.269200000000000045e+03 3.000000000000000000e+01
3.488000000000000114e+02 1.268400000000000091e+03 3.000000000000000000e+01
3.493999999999999773e+02 1.267599999999999909e+03 3.000000000000000000e+01
3.498000000000000114e+02 1.266799999999999955e+03 3.000000000000000000e+01
3.500000000000000000e+02 1.266000000000000000e+03 3.000000000000000000e+01
3.500000000000000000e+02 1.265000000000000000e+03 3.000000000000000000e+01
3.501999999999999886e+02 1.264200000000000045e+03 3.000000000000000000e+01
3.503999999999999773e+02 1.263400000000000091e+03 3.000000000000000000e+01
3.506000000000000227e+02 1.262599999999999909e+03 3.000000000000000000e+01
3.508000000000000114e+02 1.261799999999999955e+03 3.000000000000000000e+01
3.510000000000000000e+02 1.261000000000000000e+03 3.000000000000000000e+01
3.510000000000000000e+02 1.260000000000000000e+03 3.000000000000000000e+01
3.510000000000000000e+02 1.259000000000000000e+03 3.000000000000000000e+01
3.510000000000000000e+02 1.258000000000000000e+03 3.000000000000000000e+01
3.510000000000000000e+02 1.257000000000000000e+03 2.900000000000000000e+01
3.511999999999999886e+02 1.256200000000000045e+03 2.900000000000000000e+01
3.513999999999999773e+02 1.255400000000000091e+03 2.900000000000000000e+01
3.516000000000000227e+02 1.254599999999999909e+03 2.900000000000000000e+01
3.518000000000000114e+02 1.253799999999999955e+03 2.900000000000000000e+01
3.520000000000000000e+02 1.253000000000000000e+03 2.900000000000000000e+01
3.521999999999999886e+02 1.252200000000000045e+03 2.900000000000000000e+01
3.523999999999999773e+02 1.251400000000000091e+03 2.900000000000000000e+01
3.528000000000000114e+02 1.250799999999999955e+03 2.900000000000000000e+01
3.531999999999999886e+02 1.250200000000000045e+03 2.900000000000000000e+01
3.538000000000000114e+02 1.249599999999999909e+03 2.900000000000000000e+01
3.541999999999999886e+02 1.249000000000000000e+03 2.900000000000000000e+01
3.548000000000000114e+02 1.248599999999999909e+03 2.800000000000000000e+01
3.551999999999999886e+02 1.248000000000000000e+03 2.800000000000000000e+01
3.558000000000000114e+02 1.247599999999999909e+03 2.800000000000000000e+01
3.563999999999999773e+02 1.247400000000000091e+03 2.800000000000000000e+01
3.570000000000000000e+02 1.247000000000000000e+03 2.800000000000000000e+01
3.576000000000000227e+02 1.246599999999999909e+03 2.800000000000000000e+01
3.583999999999999773e+02 1.246400000000000091e+03 2.800000000000000000e+01
3.591999999999999886e+02 1.246200000000000045e+03 2.800000000000000000e+01
3.598000000000000114e+02 1.245799999999999955e+03 2.800000000000000000e+01
3.606000000000000227e+02 1.245599999999999909e+03 2.800000000000000000e+01
3.613999999999999773e+02 1.245400000000000091e+03 2.800000000000000000e+01
3.617500000000000000e+02 1.245250000000000000e+03 2.800000000000000000e+01
