4.581999999999999886e+02 6.042000000000000455e+02 2.200000000000000000e+01
4.588000000000000114e+02 6.037999999999999545e+02 2.100000000000000000e+01
4.593999999999999773e+02 6.033999999999999773e+02 2.100000000000000000e+01
4.600000000000000000e+02 6.030000000000000000e+02 2.100000000000000000e+01
4.606000000000000227e+02 6.026000000000000227e+02 2.100000000000000000e+01
4.613999999999999773e+02 6.022000000000000455e+02 2.100000000000000000e+01
4.621999999999999886e+02 6.017999999999999545e+02 2.100000000000000000e+01
4.628000000000000114e+02 6.012000000000000455e+02 2.100000000000000000e+01
4.636000000000000227e+02 6.007999999999999545e+02 2.100000000000000000e+01
4.641999999999999886e+02 6.003999999999999773e+02 2.100000000000000000e+01
4.648000000000000114e+02 6.002000000000000455e+02 2.200000000000000000e+01
4.651999999999999886e+02 5.997999999999999545e+02 2.200000000000000000e+01
4.658000000000000114e+02 5.996000000000000227e+02 2.200000000000000000e+01
4.661999999999999886e+02 5.992000000000000455e+02 2.200000000000000000e+01
4.668000000000000114e+02 5.987999999999999545e+02 2.200000000000000000e+01
4.671999999999999886e+02 5.982000000000000455e+02 2.200000000000000000e+01
4.676000000000000227e+02 5.977999999999999545e+02 2.200000000000000000e+01
4.678000000000000114e+02 5.972000000000000455e+02 2.300000000000000000e+01
4.681999999999999886e+02 5.967999999999999545e+02 2.300000000000000000e+01
4.683999999999999773e+02 5.962000000000000455e+02 2.300000000000000000e+01
4.686000000000000227e+02 5.956000000000000227e+02 2.300000000000000000e+01
4.690000000000000000e+02 5.947999999999999545e+02 2.300000000000000000e+01
4.693999999999999773e+02 5.940000000000000000e+02 2.300000000000000000e+01
4.696000000000000227e+02 5.932000000000000455e+02 2.300000000000000000e+01
4.698000000000000114e+02 5.923999999999999773e+02 2.400000000000000000e+01
4.700000000000000000e+02 5.916000000000000227e+02 2.400000000000000000e+01
4.700000000000000000e+02 5.907999999999999545e+02 2.400000000000000000e+01
4.700000000000000000e+02 5.900000000000000000e+02 2.400000000000000000e+01
4.700000000000000000e+02 5.890000000000000000e+02 2.400000000000000000e+01
4.700000000000000000e+02 5.880000000000000000e+02 2.400000000000000000e+01
4.700000000000000000e+02 5.875000000000000000e+02 2.400000000000000000e+01
