8.977999999999999545e+02 1.646799999999999955e+03 2.000000000000000000e+01
8.982000000000000455e+02 1.646400000000000091e+03 2.000000000000000000e+01
8.987999999999999545e+02 1.645799999999999955e+03 2.000000000000000000e+01
8.992000000000000455e+02 1.645200000000000045e+03 2.000000000000000000e+01
8.997999999999999545e+02 1.644599999999999909e+03 2.000000000000000000e+01
9.002000000000000455e+02 1.643799999999999955e+03 2.000000000000000000e+01
9.007999999999999545e+02 1.643200000000000045e+03 2.000000000000000000e+01
9.012000000000000455e+02 1.642400000000000091e+03 2.000000000000000000e+01
9.016000000000000227e+02 1.641599999999999909e+03 2.000000000000000000e+01
9.020000000000000000e+02 1.641000000000000000e+03 2.000000000000000000e+01
9.023999999999999773e+02 1.640400000000000091e+03 2.000000000000000000e+01
9.026000000000000227e+02 1.639599999999999909e+03 2.000000000000000000e+01
9.030000000000000000e+02 1.639000000000000000e+03 2.000000000000000000e+01
9.033999999999999773e+02 1.638400000000000091e+03 2.000000000000000000e+01
9.036000000000000227e+02 1.637599999999999909e+03 2.000000000000000000e+01
9.040000000000000000e+02 1.636799999999999955e+03 2.000000000000000000e+01
9.043999999999999773e+02 1.636000000000000000e+03 2.000000000000000000e+01
9.046000000000000227e+02 1.635000000000000000e+03 2.000000000000000000e+01
9.050000000000000000e+02 1.634200000000000045e+03 2.000000000000000000e+01
9.053999999999999773e+02 1.633400000000000091e+03 2.000000000000000000e+01
9.056000000000000227e+02 1.632599999999999909e+03 2.000000000000000000e+01
9.057999999999999545e+02 1.631799999999999955e+03 2.000000000000000000e+01
9.062000000000000455e+02 1.631000000000000000e+03 2.000000000000000000e+01
9.063999999999999773e+02 1.630000000000000000e+03 2.000000000000000000e+01
9.066000000000000227e+02 1.629000000000000000e+03 2.000000000000000000e+01
9.067999999999999545e+02 1.628000000000000000e+03 2.000000000000000000e+01
9.072000000000000455e+02 1.627000000000000000e+03 2.000000000000000000e+01
9.073999999999999773e+02 1.626000000000000000e+03 2.000000000000000000e+01
9.076000000000000227e+02 1.625000000000000000e+03 2.000000000000000000e+01
9.077999999999999545e+02 1.624000000000000000e+03 2.000000000000000000e+01
9.082000000000000455e+02 1.623200000000000045e+03 2.000000000000000000e+01
9.083999999999999773e+02 1.622400000000000091e+03 2.000000000000000000e+01
9.086000000000000227e+02 1.621599999999999909e+03 2.000000000000000000e+01
9.090000000000000000e+02 1.621000000000000000e+03 2.000000000000000000e+01
9.093999999999999773e+02 1.620400000000000091e+03 2.000000000000000000e+01
9.097999999999999545e+02 1.619799999999999955e+03 2.000000000000000000e+01
9.102000000000000455e+02 1.619200000000000045e+03 2.000000000000000000e+01
9.107999999999999545e+02 1.618799999999999955e+03 2.000000000000000000e+01
9.113999999999999773e+02 1.618400000000000091e+03 2.000000000000000000e+01
9.122000000000000455e+02 1.618000000000000000e+03 2.000000000000000000e+01
9.130000000000000000e+02 1.617599999999999909e+03 2.000000000000000000e+01
9.140000000000000000e+02 1.617400000000000091e+03 2.000000000000000000e+01
9.150000000000000000e+02 1.617200000000000045e+03 2.000000000000000000e+01
9.160000000000000000e+02 1.617000000000000000e+03 2.000000000000000000e+01
9.167999999999999545e+02 1.617200000000000045e+03 2.000000000000000000e+01
9.176000000000000227e+02 1.617400000000000091e+03 2.000000000000000000e+01
9.183999999999999773e+02 1.617599999999999909e+03 2.000000000000000000e+01
9.192000000000000455e+02 1.618000000000000000e+03 2.000000000000000000e+01
9.200000000000000000e+02 1.618400000000000091e+03 2.000000000000000000e+01
9.210000000000000000e+02 1.618799999999999955e+03 2.000000000000000000e+01
9.220000000000000000e+02 1.619200000000000045e+03 2.000000000000000000e+01
9.227999999999999545e+02 1.619799999999999955e+03 2.000000000000000000e+01
9.236000000000000227e+02 1.620200000000000045e+03 2.000000000000000000e+01
9.242000000000000455e+02 1.620799999999999955e+03 2.000000000000000000e+01
9.247999999999999545e+02 1.621200000000000045e+03 2.000000000000000000e+01
9.252000000000000455e+02 1.621799999999999955e+03 2.000000000000000000e+01
9.257999999999999545e+02 1.622200000000000045e+03 2.000000000000000000e+01
9.262000000000000455e+02 1.622799999999999955e+03 2.000000000000000000e+01
9.267999999999999545e+02 1.623200000000000045e+03 2.000000000000000000e+01
9.272000000000000455e+02 1.623799999999999955e+03 2.000000000000000000e+01
9.277999999999999545e+02 1.624200000000000045e+03 2.000000000000000000e+01
9.282000000000000455e+02 1.624799999999999955e+03 2.000000000000000000e+01
9.287999999999999545e+02 1.625200000000000045e+03 2.000000000000000000e+01
9.292000000000000455e+02 1.625799999999999955e+03 2.000000000000000000e+01
9.297999999999999545e+02 1.626200000000000045e+03 2.000000000000000000e+01
9.302000000000000455e+02 1.626799999999999955e+03 2.000000000000000000e+01
9.307999999999999545e+02 1.627200000000000045e+03 2.000000000000000000e+01
9.312000000000000455e+02 1.627799999999999955e+03 2.000000000000000000e+01
9.315000000000000000e+02 1.628000000000000000e+03 2.000000000000000000e+01
