7.170000000000000000e+02 2.230000000000000000e+02 1.400000000000000000e+01
7.177999999999999545e+02 2.231999999999999886e+02 1.400000000000000000e+01
7.186000000000000227e+02 2.234000000000000057e+02 1.400000000000000000e+01
7.193999999999999773e+02 2.235999999999999943e+02 1.400000000000000000e+01
7.202000000000000455e+02 2.238000000000000114e+02 1.400000000000000000e+01
7.210000000000000000e+02 2.240000000000000000e+02 1.400000000000000000e+01
7.217999999999999545e+02 2.241999999999999886e+02 1.400000000000000000e+01
7.226000000000000227e+02 2.244000000000000057e+02 1.400000000000000000e+01
7.233999999999999773e+02 2.245999999999999943e+02 1.400000000000000000e+01
7.240000000000000000e+02 2.250000000000000000e+02 1.400000000000000000e+01
7.246000000000000227e+02 2.254000000000000057e+02 1.400000000000000000e+01
7.253999999999999773e+02 2.255999999999999943e+02 1.400000000000000000e+01
7.260000000000000000e+02 2.260000000000000000e+02 1.400000000000000000e+01
7.266000000000000227e+02 2.264000000000000057e+02 1.400000000000000000e+01
7.272000000000000455e+02 2.268000000000000114e+02 1.400000000000000000e+01
7.277999999999999545e+02 2.271999999999999886e+02 1.400000000000000000e+01
7.282000000000000455e+02 2.278000000000000114e+02 1.400000000000000000e+01
7.287999999999999545e+02 2.281999999999999886e+02 1.400000000000000000e+01
7.292000000000000455e+02 2.288000000000000114e+02 1.400000000000000000e+01
7.296000000000000227e+02 2.294000000000000057e+02 1.400000000000000000e+01
7.300000000000000000e+02 2.300000000000000000e+02 1.400000000000000000e+01
7.303999999999999773e+02 2.305999999999999943e+02 1.400000000000000000e+01
7.306000000000000227e+02 2.314000000000000057e+02 1.400000000000000000e+01
7.310000000000000000e+02 2.320000000000000000e+02 1.400000000000000000e+01
7.313999999999999773e+02 2.325999999999999943e+02 1.400000000000000000e+01
7.316000000000000227e+02 2.334000000000000057e+02 1.400000000000000000e+01
7.317999999999999545e+02 2.341999999999999886e+02 1.400000000000000000e+01
7.320000000000000000e+02 2.350000000000000000e+02 1.400000000000000000e+01
7.320000000000000000e+02 2.360000000000000000e+02 1.400000000000000000e+01
7.322000000000000455e+02 2.368000000000000114e+02 1.400000000000000000e+01
7.323999999999999773e+02 2.375999999999999943e+02 1.400000000000000000e+01
7.327999999999999545e+02 2.381999999999999886e+02 1.300000000000000000e+01
7.333999999999999773e+02 2.385999999999999943e+02 1.300000000000000000e+01
7.342000000000000455e+02 2.388000000000000114e+02 1.300000000000000000e+01
7.347999999999999545e+02 2.391999999999999886e+02 1.300000000000000000e+01
7.356000000000000227e+02 2.394000000000000057e+02 1.300000000000000000e+01
7.363999999999999773e+02 2.395999999999999943e+02 1.300000000000000000e+01
7.372000000000000455e+02 2.398000000000000114e+02 1.300000000000000000e+01
7.380000000000000000e+02 2.400000000000000000e+02 1.300000000000000000e+01
7.387999999999999545e+02 2.401999999999999886e+02 1.300000000000000000e+01
7.396000000000000227e+02 2.404000000000000057e+02 1.300000000000000000e+01
7.403999999999999773e+02 2.405999999999999943e+02 1.300000000000000000e+01
7.412000000000000455e+02 2.408000000000000114e+02 1.300000000000000000e+01
7.420000000000000000e+02 2.410000000000000000e+02 1.300000000000000000e+01
7.430000000000000000e+02 2.410000000000000000e+02 1.300000000000000000e+01
7.440000000000000000e+02 2.410000000000000000e+02 1.200000000000000000e+01
7.450000000000000000e+02 2.410000000000000000e+02 1.200000000000000000e+01
7.460000000000000000e+02 2.410000000000000000e+02 1.200000000000000000e+01
7.470000000000000000e+02 2.410000000000000000e+02 1.200000000000000000e+01
7.480000000000000000e+02 2.410000000000000000e+02 1.200000000000000000e+01
7.490000000000000000e+02 2.410000000000000000e+02 1.200000000000000000e+01
7.500000000000000000e+02 2.410000000000000000e+02 1.200000000000000000e+01
7.510000000000000000e+02 2.410000000000000000e+02 1.200000000000000000e+01
7.520000000000000000e+02 2.410000000000000000e+02 1.200000000000000000e+01
7.530000000000000000e+02 2.410000000000000000e+02 1.200000000000000000e+01
7.540000000000000000e+02 2.410000000000000000e+02 1.200000000000000000e+01
7.550000000000000000e+02 2.410000000000000000e+02 1.200000000000000000e+01
7.560000000000000000e+02 2.410000000000000000e+02 1.200000000000000000e+01
7.570000000000000000e+02 2.410000000000000000e+02 1.200000000000000000e+01
7.580000000000000000e+02 2.410000000000000000e+02 1.200000000000000000e+01
7.590000000000000000e+02 2.410000000000000000e+02 1.200000000000000000e+01
7.600000000000000000e+02 2.410000000000000000e+02 1.200000000000000000e+01
7.607999999999999545e+02 2.411999999999999886e+02 1.200000000000000000e+01
7.616000000000000227e+02 2.414000000000000057e+02 1.200000000000000000e+01
7.623999999999999773e+02 2.415999999999999943e+02 1.300000000000000000e+01
7.632000000000000455e+02 2.418000000000000114e+02 1.300000000000000000e+01
7.640000000000000000e+02 2.420000000000000000e+02 1.300000000000000000e+01
7.647999999999999545e+02 2.421999999999999886e+02 1.300000000000000000e+01
7.656000000000000227e+02 2.424000000000000057e+02 1.300000000000000000e+01
7.663999999999999773e+02 2.425999999999999943e+02 1.300000000000000000e+01
7.672000000000000455e+02 2.430000000000000000e+02 1.300000000000000000e+01
7.680000000000000000e+02 2.434000000000000057e+02 1.300000000000000000e+01
7.687999999999999545e+02 2.438000000000000114e+02 1.300000000000000000e+01
7.696000000000000227e+02 2.441999999999999886e+02 1.300000000000000000e+01
7.703999999999999773e+02 2.445999999999999943e+02 1.300000000000000000e+01
7.710000000000000000e+02 2.450000000000000000e+02 1.300000000000000000e+01
7.716000000000000227e+02 2.454000000000000057e+02 1.300000000000000000e+01
7.722000000000000455e+02 2.458000000000000114e+02 1.300000000000000000e+01
7.727999999999999545e+02 2.461999999999999886e+02 1.300000000000000000e+01
7.733999999999999773e+02 2.465999999999999943e+02 1.300000000000000000e+01
7.740000000000000000e+02 2.470000000000000000e+02 1.300000000000000000e+01
7.746000000000000227e+02 2.474000000000000057e+02 1.300000000000000000e+01
7.753999999999999773e+02 2.478000000000000114e+02 1.300000000000000000e+01
7.762000000000000455e+02 2.481999999999999886e+02 1.300000000000000000e+01
7.767999999999999545e+02 2.488000000000000114e+02 1.300000000000000000e+01
7.776000000000000227e+02 2.491999999999999886e+02 1.300000000000000000e+01
7.783999999999999773e+02 2.498000000000000114e+02 1.300000000000000000e+01
7.792000000000000455e+02 2.501999999999999886e+02 1.300000000000000000e+01
7.800000000000000000e+02 2.508000000000000114e+02 1.300000000000000000e+01
7.810000000000000000e+02 2.511999999999999886e+02 1.300000000000000000e+01
7.815000000000000000e+02 2.515000000000000000e+02 1.300000000000000000e+01
