1.000000000000000000e+03 1.317200000000000045e+03 2.700000000000000000e+01
1.000799999999999955e+03 1.316400000000000091e+03 2.700000000000000000e+01
1.001600000000000023e+03 1.315799999999999955e+03 2.700000000000000000e+01
1.002399999999999977e+03 1.315400000000000091e+03 2.700000000000000000e+01
1.003000000000000000e+03 1.315000000000000000e+03 2.700000000000000000e+01
1.003600000000000023e+03 1.314599999999999909e+03 2.700000000000000000e+01
1.004200000000000045e+03 1.314200000000000045e+03 2.700000000000000000e+01
1.004799999999999955e+03 1.313799999999999955e+03 2.700000000000000000e+01
1.005200000000000045e+03 1.313200000000000045e+03 2.700000000000000000e+01
1.005799999999999955e+03 1.312799999999999955e+03 2.700000000000000000e+01
1.006200000000000045e+03 1.312200000000000045e+03 2.700000000000000000e+01
1.006799999999999955e+03 1.311799999999999955e+03 2.700000000000000000e+01
1.007200000000000045e+03 1.311200000000000045e+03 2.700000000000000000e+01
1.007600000000000023e+03 1.310599999999999909e+03 2.700000000000000000e+01
1.008000000000000000e+03 1.310000000000000000e+03 2.700000000000000000e+01
1.008399999999999977e+03 1.309400000000000091e+03 2.700000000000000000e+01
1.008799999999999955e+03 1.308599999999999909e+03 2.700000000000000000e+01
1.009200000000000045e+03 1.307799999999999955e+03 2.700000000000000000e+01
1.009600000000000023e+03 1.307000000000000000e+03 2.700000000000000000e+01
1.010000000000000000e+03 1.306200000000000045e+03 2.700000000000000000e+01
1.010399999999999977e+03 1.305400000000000091e+03 2.600000000000000000e+01
1.010600000000000023e+03 1.304599999999999909e+03 2.600000000000000000e+01
1.010799999999999955e+03 1.303799999999999955e+03 2.600000000000000000e+01
1.011000000000000000e+03 1.303000000000000000e+03 2.600000000000000000e+01
1.011200000000000045e+03 1.302000000000000000e+03 2.600000000000000000e+01
1.011399999999999977e+03 1.301000000000000000e+03 2.600000000000000000e+01
1.011600000000000023e+03 1.300000000000000000e+03 2.600000000000000000e+01
1.011799999999999955e+03 1.299000000000000000e+03 2.600000000000000000e+01
1.012000000000000000e+03 1.298000000000000000e+03 2.600000000000000000e+01
1.012000000000000000e+03 1.297000000000000000e+03 2.600000000000000000e+01
1.012000000000000000e+03 1.296000000000000000e+03 2.600000000000000000e+01
1.012000000000000000e+03 1.295000000000000000e+03 2.600000000000000000e+01
1.012200000000000045e+03 1.294200000000000045e+03 2.600000000000000000e+01
1.012399999999999977e+03 1.293200000000000045e+03 2.600000000000000000e+01
1.012600000000000023e+03 1.292599999999999909e+03 2.600000000000000000e+01
1.012750000000000000e+03 1.292250000000000000e+03 2.600000000000000000e+01
