3.381999999999999886e+02 1.336200000000000045e+03 2.700000000000000000e+01
3.388000000000000114e+02 1.336799999999999955e+03 2.700000000000000000e+01
3.396000000000000227e+02 1.337200000000000045e+03 2.700000000000000000e+01
3.401999999999999886e+02 1.337799999999999955e+03 2.700000000000000000e+01
3.408000000000000114e+02 1.338200000000000045e+03 2.700000000000000000e+01
3.413999999999999773e+02 1.338799999999999955e+03 2.700000000000000000e+01
3.421999999999999886e+02 1.339599999999999909e+03 2.700000000000000000e+01
3.430000000000000000e+02 1.340400000000000091e+03 2.800000000000000000e+01
3.438000000000000114e+02 1.341200000000000045e+03 2.800000000000000000e+01
3.443999999999999773e+02 1.342200000000000045e+03 2.800000000000000000e+01
3.450000000000000000e+02 1.343000000000000000e+03 2.800000000000000000e+01
3.453999999999999773e+02 1.343599999999999909e+03 2.800000000000000000e+01
3.456000000000000227e+02 1.344400000000000091e+03 2.800000000000000000e+01
3.460000000000000000e+02 1.345000000000000000e+03 2.800000000000000000e+01
3.463999999999999773e+02 1.345599999999999909e+03 2.800000000000000000e+01
3.466000000000000227e+02 1.346400000000000091e+03 2.800000000000000000e+01
3.470000000000000000e+02 1.347000000000000000e+03 2.800000000000000000e+01
3.473999999999999773e+02 1.347599999999999909e+03 2.800000000000000000e+01
3.476000000000000227e+02 1.348400000000000091e+03 2.800000000000000000e+01
3.480000000000000000e+02 1.349000000000000000e+03 2.800000000000000000e+01
3.483999999999999773e+02 1.349599999999999909e+03 2.800000000000000000e+01
3.486000000000000227e+02 1.350400000000000091e+03 2.800000000000000000e+01
3.490000000000000000e+02 1.351000000000000000e+03 2.800000000000000000e+01
3.493999999999999773e+02 1.351599999999999909e+03 2.800000000000000000e+01
3.498000000000000114e+02 1.352400000000000091e+03 2.800000000000000000e+01
3.501999999999999886e+02 1.353200000000000045e+03 2.800000000000000000e+01
3.508000000000000114e+02 1.354000000000000000e+03 2.800000000000000000e+01
3.511999999999999886e+02 1.355000000000000000e+03 2.800000000000000000e+01
3.518000000000000114e+02 1.356000000000000000e+03 2.800000000000000000e+01
3.521999999999999886e+02 1.357000000000000000e+03 2.800000000000000000e+01
3.528000000000000114e+02 1.358000000000000000e+03 2.800000000000000000e+01
3.531999999999999886e+02 1.359000000000000000e+03 2.800000000000000000e+01
3.536000000000000227e+02 1.360000000000000000e+03 2.800000000000000000e+01
3.540000000000000000e+02 1.360799999999999955e+03 2.800000000000000000e+01
3.543999999999999773e+02 1.361599999999999909e+03 2.800000000000000000e+01
3.546000000000000227e+02 1.362400000000000091e+03 2.800000000000000000e+01
3.550000000000000000e+02 1.363200000000000045e+03 2.800000000000000000e+01
3.553999999999999773e+02 1.364000000000000000e+03 2.800000000000000000e+01
3.556000000000000227e+02 1.365000000000000000e+03 2.800000000000000000e+01
3.560000000000000000e+02 1.366000000000000000e+03 2.800000000000000000e+01
3.563999999999999773e+02 1.367000000000000000e+03 2.800000000000000000e+01
3.566000000000000227e+02 1.368000000000000000e+03 2.800000000000000000e+01
3.570000000000000000e+02 1.369000000000000000e+03 2.800000000000000000e+01
3.573999999999999773e+02 1.370000000000000000e+03 2.800000000000000000e+01
3.576000000000000227e+02 1.371000000000000000e+03 2.800000000000000000e+01
3.578000000000000114e+02 1.372000000000000000e+03 2.800000000000000000e+01
3.580000000000000000e+02 1.373000000000000000e+03 2.800000000000000000e+01
3.580000000000000000e+02 1.374000000000000000e+03 2.800000000000000000e+01
3.580000000000000000e+02 1.375000000000000000e+03 2.800000000000000000e+01
3.580000000000000000e+02 1.376000000000000000e+03 2.800000000000000000e+01
3.580000000000000000e+02 1.377000000000000000e+03 2.800000000000000000e+01
3.580000000000000000e+02 1.378000000000000000e+03 2.800000000000000000e+01
3.580000000000000000e+02 1.379000000000000000e+03 2.800000000000000000e+01
3.580000000000000000e+02 1.380000000000000000e+03 2.800000000000000000e+01
3.580000000000000000e+02 1.381000000000000000e+03 2.800000000000000000e+01
3.578000000000000114e+02 1.381799999999999955e+03 2.800000000000000000e+01
3.576000000000000227e+02 1.382599999999999909e+03 2.800000000000000000e+01
3.573999999999999773e+02 1.383400000000000091e+03 2.800000000000000000e+01
3.571999999999999886e+02 1.384200000000000045e+03 2.800000000000000000e+01
3.570000000000000000e+02 1.385000000000000000e+03 2.800000000000000000e+01
3.570000000000000000e+02 1.386000000000000000e+03 2.800000000000000000e+01
3.570000000000000000e+02 1.387000000000000000e+03 2.800000000000000000e+01
3.570000000000000000e+02 1.388000000000000000e+03 2.800000000000000000e+01
3.570000000000000000e+02 1.389000000000000000e+03 2.800000000000000000e+01
3.570000000000000000e+02 1.390000000000000000e+03 2.900000000000000000e+01
3.570000000000000000e+02 1.391000000000000000e+03 2.900000000000000000e+01
3.570000000000000000e+02 1.392000000000000000e+03 2.900000000000000000e+01
3.570000000000000000e+02 1.393000000000000000e+03 2.900000000000000000e+01
3.570000000000000000e+02 1.394000000000000000e+03 2.900000000000000000e+01
3.570000000000000000e+02 1.395000000000000000e+03 2.900000000000000000e+01
3.570000000000000000e+02 1.396000000000000000e+03 2.900000000000000000e+01
3.570000000000000000e+02 1.397000000000000000e+03 2.900000000000000000e+01
3.570000000000000000e+02 1.398000000000000000e+03 2.900000000000000000e+01
3.570000000000000000e+02 1.399000000000000000e+03 2.900000000000000000e+01
3.571999999999999886e+02 1.399799999999999955e+03 2.900000000000000000e+01
3.573999999999999773e+02 1.400599999999999909e+03 2.900000000000000000e+01
3.575000000000000000e+02 1.401000000000000000e+03 2.900000000000000000e+01
