1.043400000000000091e+03 1.086599999999999909e+03 2.700000000000000000e+01
1.042599999999999909e+03 1.086599999999999909e+03 2.700000000000000000e+01
1.041799999999999955e+03 1.086599999999999909e+03 2.700000000000000000e+01
1.041000000000000000e+03 1.086599999999999909e+03 2.700000000000000000e+01
1.040200000000000045e+03 1.087000000000000000e+03 2.700000000000000000e+01
1.039400000000000091e+03 1.087400000000000091e+03 2.700000000000000000e+01
1.038799999999999955e+03 1.087799999999999955e+03 2.700000000000000000e+01
1.038400000000000091e+03 1.088200000000000045e+03 2.700000000000000000e+01
1.038200000000000045e+03 1.088799999999999955e+03 2.600000000000000000e+01
1.038000000000000000e+03 1.089400000000000091e+03 2.600000000000000000e+01
1.038200000000000045e+03 1.090000000000000000e+03 2.600000000000000000e+01
1.038400000000000091e+03 1.090599999999999909e+03 2.600000000000000000e+01
1.038599999999999909e+03 1.091400000000000091e+03 2.500000000000000000e+01
1.039000000000000000e+03 1.092000000000000000e+03 2.500000000000000000e+01
1.039400000000000091e+03 1.092599999999999909e+03 2.500000000000000000e+01
1.039799999999999955e+03 1.093400000000000091e+03 2.500000000000000000e+01
1.040000000000000000e+03 1.093750000000000000e+03 2.500000000000000000e+01
