6.700000000000000000e+02 5.530000000000000000e+02 1.600000000000000000e+01
6.700000000000000000e+02 5.540000000000000000e+02 1.600000000000000000e+01
6.697999999999999545e+02 5.547999999999999545e+02 1.600000000000000000e+01
6.696000000000000227e+02 5.556000000000000227e+02 1.600000000000000000e+01
6.693999999999999773e+02 5.563999999999999773e+02 1.600000000000000000e+01
6.692000000000000455e+02 5.572000000000000455e+02 1.600000000000000000e+01
6.690000000000000000e+02 5.580000000000000000e+02 1.600000000000000000e+01
6.690000000000000000e+02 5.590000000000000000e+02 1.600000000000000000e+01
6.690000000000000000e+02 5.600000000000000000e+02 1.600000000000000000e+01
6.690000000000000000e+02 5.610000000000000000e+02 1.600000000000000000e+01
6.690000000000000000e+02 5.620000000000000000e+02 1.600000000000000000e+01
6.690000000000000000e+02 5.630000000000000000e+02 1.600000000000000000e+01
6.690000000000000000e+02 5.640000000000000000e+02 1.600000000000000000e+01
6.690000000000000000e+02 5.650000000000000000e+02 1.600000000000000000e+01
6.690000000000000000e+02 5.660000000000000000e+02 1.600000000000000000e+01
6.690000000000000000e+02 5.670000000000000000e+02 1.600000000000000000e+01
6.690000000000000000e+02 5.680000000000000000e+02 1.600000000000000000e+01
6.690000000000000000e+02 5.690000000000000000e+02 1.600000000000000000e+01
6.690000000000000000e+02 5.695000000000000000e+02 1.600000000000000000e+01
