9.420000000000000284e+01 7.983999999999999773e+02 3.300000000000000000e+01
9.379999999999999716e+01 7.990000000000000000e+02 3.300000000000000000e+01
9.359999999999999432e+01 7.993999999999999773e+02 3.300000000000000000e+01
9.340000000000000568e+01 8.000000000000000000e+02 3.200000000000000000e+01
9.300000000000000000e+01 8.003999999999999773e+02 3.200000000000000000e+01
9.259999999999999432e+01 8.007999999999999545e+02 3.200000000000000000e+01
9.220000000000000284e+01 8.012000000000000455e+02 3.200000000000000000e+01
9.179999999999999716e+01 8.020000000000000000e+02 3.100000000000000000e+01
9.120000000000000284e+01 8.026000000000000227e+02 3.100000000000000000e+01
9.100000000000000000e+01 8.030000000000000000e+02 3.000000000000000000e+01
9.075000000000000000e+01 8.032500000000000000e+02 3.100000000000000000e+01
