9.800000000000000000e+01 4.310000000000000000e+02 1.100000000000000000e+01
9.900000000000000000e+01 4.310000000000000000e+02 1.100000000000000000e+01
1.000000000000000000e+02 4.310000000000000000e+02 1.100000000000000000e+01
1.010000000000000000e+02 4.310000000000000000e+02 1.100000000000000000e+01
1.020000000000000000e+02 4.310000000000000000e+02 1.100000000000000000e+01
1.030000000000000000e+02 4.311999999999999886e+02 1.100000000000000000e+01
1.040000000000000000e+02 4.313999999999999773e+02 1.100000000000000000e+01
1.050000000000000000e+02 4.316000000000000227e+02 1.100000000000000000e+01
1.060000000000000000e+02 4.318000000000000114e+02 1.100000000000000000e+01
1.070000000000000000e+02 4.320000000000000000e+02 1.100000000000000000e+01
1.080000000000000000e+02 4.320000000000000000e+02 1.100000000000000000e+01
1.087999999999999972e+02 4.321999999999999886e+02 1.100000000000000000e+01
1.095999999999999943e+02 4.323999999999999773e+02 1.100000000000000000e+01
1.104000000000000057e+02 4.326000000000000227e+02 1.100000000000000000e+01
1.112000000000000028e+02 4.328000000000000114e+02 1.100000000000000000e+01
1.120000000000000000e+02 4.330000000000000000e+02 1.100000000000000000e+01
1.130000000000000000e+02 4.331999999999999886e+02 1.100000000000000000e+01
1.140000000000000000e+02 4.333999999999999773e+02 1.100000000000000000e+01
1.150000000000000000e+02 4.336000000000000227e+02 1.100000000000000000e+01
1.160000000000000000e+02 4.338000000000000114e+02 1.100000000000000000e+01
1.170000000000000000e+02 4.340000000000000000e+02 1.100000000000000000e+01
1.180000000000000000e+02 4.340000000000000000e+02 1.100000000000000000e+01
1.190000000000000000e+02 4.340000000000000000e+02 1.100000000000000000e+01
1.200000000000000000e+02 4.340000000000000000e+02 1.100000000000000000e+01
1.205000000000000000e+02 4.340000000000000000e+02 1.200000000000000000e+01
