4.570000000000000000e+02 6.232000000000000455e+02 2.200000000000000000e+01
4.566000000000000227e+02 6.223999999999999773e+02 2.200000000000000000e+01
4.563999999999999773e+02 6.216000000000000227e+02 2.200000000000000000e+01
4.561999999999999886e+02 6.207999999999999545e+02 2.200000000000000000e+01
4.560000000000000000e+02 6.200000000000000000e+02 2.200000000000000000e+01
4.558000000000000114e+02 6.192000000000000455e+02 2.200000000000000000e+01
4.556000000000000227e+02 6.183999999999999773e+02 2.200000000000000000e+01
4.553999999999999773e+02 6.176000000000000227e+02 2.200000000000000000e+01
4.551999999999999886e+02 6.167999999999999545e+02 2.200000000000000000e+01
4.550000000000000000e+02 6.160000000000000000e+02 2.200000000000000000e+01
4.550000000000000000e+02 6.150000000000000000e+02 2.200000000000000000e+01
4.550000000000000000e+02 6.140000000000000000e+02 2.200000000000000000e+01
4.550000000000000000e+02 6.130000000000000000e+02 2.200000000000000000e+01
4.550000000000000000e+02 6.120000000000000000e+02 2.200000000000000000e+01
4.550000000000000000e+02 6.110000000000000000e+02 2.200000000000000000e+01
4.551999999999999886e+02 6.102000000000000455e+02 2.200000000000000000e+01
4.553999999999999773e+02 6.092000000000000455e+02 2.200000000000000000e+01
4.556000000000000227e+02 6.086000000000000227e+02 2.200000000000000000e+01
4.557500000000000000e+02 6.082500000000000000e+02 2.200000000000000000e+01
