8.252000000000000455e+02 8.190000000000000000e+02 2.100000000000000000e+01
8.247999999999999545e+02 8.180000000000000000e+02 2.200000000000000000e+01
8.243999999999999773e+02 8.170000000000000000e+02 2.200000000000000000e+01
8.240000000000000000e+02 8.162000000000000455e+02 2.200000000000000000e+01
8.236000000000000227e+02 8.153999999999999773e+02 2.200000000000000000e+01
8.233999999999999773e+02 8.146000000000000227e+02 2.200000000000000000e+01
8.232000000000000455e+02 8.137999999999999545e+02 2.200000000000000000e+01
8.227999999999999545e+02 8.132000000000000455e+02 2.200000000000000000e+01
8.226000000000000227e+02 8.123999999999999773e+02 2.200000000000000000e+01
8.223999999999999773e+02 8.116000000000000227e+02 2.200000000000000000e+01
8.222000000000000455e+02 8.107999999999999545e+02 2.200000000000000000e+01
8.220000000000000000e+02 8.100000000000000000e+02 2.200000000000000000e+01
8.220000000000000000e+02 8.090000000000000000e+02 2.200000000000000000e+01
8.220000000000000000e+02 8.080000000000000000e+02 2.200000000000000000e+01
8.220000000000000000e+02 8.070000000000000000e+02 2.200000000000000000e+01
8.220000000000000000e+02 8.060000000000000000e+02 2.200000000000000000e+01
8.220000000000000000e+02 8.050000000000000000e+02 2.200000000000000000e+01
8.220000000000000000e+02 8.040000000000000000e+02 2.200000000000000000e+01
8.220000000000000000e+02 8.030000000000000000e+02 2.200000000000000000e+01
8.220000000000000000e+02 8.020000000000000000e+02 2.200000000000000000e+01
8.230000000000000000e+02 8.057999999999999545e+02 2.100000000000000000e+01
8.232500000000000000e+02 8.065000000000000000e+02 2.100000000000000000e+01
