7.320000000000000000e+02 9.370000000000000000e+02 2.200000000000000000e+01
7.320000000000000000e+02 9.377999999999999545e+02 2.200000000000000000e+01
7.320000000000000000e+02 9.386000000000000227e+02 2.300000000000000000e+01
7.320000000000000000e+02 9.393999999999999773e+02 2.300000000000000000e+01
7.320000000000000000e+02 9.402000000000000455e+02 2.300000000000000000e+01
7.320000000000000000e+02 9.410000000000000000e+02 2.300000000000000000e+01
7.320000000000000000e+02 9.420000000000000000e+02 2.300000000000000000e+01
7.322000000000000455e+02 9.427999999999999545e+02 2.300000000000000000e+01
7.323999999999999773e+02 9.436000000000000227e+02 2.300000000000000000e+01
7.326000000000000227e+02 9.443999999999999773e+02 2.300000000000000000e+01
7.327999999999999545e+02 9.452000000000000455e+02 2.300000000000000000e+01
7.332000000000000455e+02 9.457999999999999545e+02 2.300000000000000000e+01
7.333999999999999773e+02 9.466000000000000227e+02 2.300000000000000000e+01
7.336000000000000227e+02 9.473999999999999773e+02 2.300000000000000000e+01
7.340000000000000000e+02 9.480000000000000000e+02 2.300000000000000000e+01
7.343999999999999773e+02 9.486000000000000227e+02 2.300000000000000000e+01
7.346000000000000227e+02 9.493999999999999773e+02 2.300000000000000000e+01
7.350000000000000000e+02 9.500000000000000000e+02 2.300000000000000000e+01
7.353999999999999773e+02 9.506000000000000227e+02 2.300000000000000000e+01
7.357999999999999545e+02 9.513999999999999773e+02 2.400000000000000000e+01
7.360000000000000000e+02 9.517500000000000000e+02 2.400000000000000000e+01
