5.897999999999999545e+02 7.079999999999999716e+01 1.600000000000000000e+01
5.902000000000000455e+02 7.020000000000000284e+01 1.600000000000000000e+01
5.907999999999999545e+02 6.979999999999999716e+01 1.600000000000000000e+01
5.912000000000000455e+02 6.920000000000000284e+01 1.600000000000000000e+01
5.917999999999999545e+02 6.879999999999999716e+01 1.600000000000000000e+01
5.922000000000000455e+02 6.820000000000000284e+01 1.600000000000000000e+01
5.927999999999999545e+02 6.779999999999999716e+01 1.600000000000000000e+01
5.932000000000000455e+02 6.720000000000000284e+01 1.600000000000000000e+01
5.937999999999999545e+02 6.679999999999999716e+01 1.600000000000000000e+01
5.942000000000000455e+02 6.620000000000000284e+01 1.600000000000000000e+01
5.947999999999999545e+02 6.579999999999999716e+01 1.600000000000000000e+01
5.952000000000000455e+02 6.520000000000000284e+01 1.600000000000000000e+01
5.957999999999999545e+02 6.479999999999999716e+01 1.600000000000000000e+01
5.962000000000000455e+02 6.420000000000000284e+01 1.600000000000000000e+01
5.967999999999999545e+02 6.379999999999999716e+01 1.500000000000000000e+01
5.972000000000000455e+02 6.320000000000000284e+01 1.500000000000000000e+01
5.977999999999999545e+02 6.279999999999999716e+01 1.500000000000000000e+01
5.986000000000000227e+02 6.220000000000000284e+01 1.500000000000000000e+01
5.993999999999999773e+02 6.160000000000000142e+01 1.500000000000000000e+01
5.997999999999999545e+02 6.120000000000000284e+01 1.500000000000000000e+01
6.002500000000000000e+02 6.100000000000000000e+01 1.500000000000000000e+01
