5.380000000000000000e+02 9.780000000000000000e+02 2.000000000000000000e+01
5.380000000000000000e+02 9.770000000000000000e+02 2.000000000000000000e+01
5.380000000000000000e+02 9.760000000000000000e+02 2.000000000000000000e+01
5.380000000000000000e+02 9.750000000000000000e+02 2.000000000000000000e+01
5.380000000000000000e+02 9.740000000000000000e+02 2.000000000000000000e+01
5.382000000000000455e+02 9.732000000000000455e+02 2.000000000000000000e+01
5.383999999999999773e+02 9.723999999999999773e+02 2.000000000000000000e+01
5.386000000000000227e+02 9.716000000000000227e+02 2.000000000000000000e+01
5.390000000000000000e+02 9.707999999999999545e+02 2.100000000000000000e+01
5.393999999999999773e+02 9.700000000000000000e+02 2.100000000000000000e+01
5.396000000000000227e+02 9.690000000000000000e+02 2.100000000000000000e+01
5.400000000000000000e+02 9.682000000000000455e+02 2.100000000000000000e+01
5.403999999999999773e+02 9.673999999999999773e+02 2.100000000000000000e+01
5.407999999999999545e+02 9.667999999999999545e+02 2.100000000000000000e+01
5.412000000000000455e+02 9.662000000000000455e+02 2.100000000000000000e+01
5.417999999999999545e+02 9.657999999999999545e+02 2.100000000000000000e+01
5.422000000000000455e+02 9.652000000000000455e+02 2.100000000000000000e+01
5.427999999999999545e+02 9.647999999999999545e+02 2.100000000000000000e+01
5.432000000000000455e+02 9.642000000000000455e+02 2.100000000000000000e+01
5.437999999999999545e+02 9.637999999999999545e+02 2.100000000000000000e+01
5.442000000000000455e+02 9.632000000000000455e+02 2.100000000000000000e+01
5.447999999999999545e+02 9.627999999999999545e+02 2.100000000000000000e+01
5.453999999999999773e+02 9.622000000000000455e+02 2.100000000000000000e+01
5.462000000000000455e+02 9.617999999999999545e+02 2.100000000000000000e+01
5.467999999999999545e+02 9.612000000000000455e+02 2.100000000000000000e+01
5.473999999999999773e+02 9.607999999999999545e+02 2.100000000000000000e+01
5.480000000000000000e+02 9.603999999999999773e+02 2.000000000000000000e+01
5.486000000000000227e+02 9.600000000000000000e+02 2.000000000000000000e+01
5.492000000000000455e+02 9.596000000000000227e+02 2.000000000000000000e+01
5.497999999999999545e+02 9.592000000000000455e+02 2.000000000000000000e+01
5.506000000000000227e+02 9.587999999999999545e+02 2.000000000000000000e+01
5.513999999999999773e+02 9.583999999999999773e+02 2.000000000000000000e+01
5.520000000000000000e+02 9.580000000000000000e+02 2.000000000000000000e+01
5.526000000000000227e+02 9.576000000000000227e+02 2.000000000000000000e+01
5.533999999999999773e+02 9.573999999999999773e+02 2.000000000000000000e+01
5.542000000000000455e+02 9.572000000000000455e+02 2.000000000000000000e+01
5.550000000000000000e+02 9.567999999999999545e+02 2.000000000000000000e+01
5.560000000000000000e+02 9.566000000000000227e+02 2.000000000000000000e+01
5.570000000000000000e+02 9.563999999999999773e+02 2.000000000000000000e+01
5.580000000000000000e+02 9.562000000000000455e+02 2.000000000000000000e+01
5.590000000000000000e+02 9.560000000000000000e+02 2.000000000000000000e+01
5.600000000000000000e+02 9.560000000000000000e+02 2.000000000000000000e+01
5.610000000000000000e+02 9.560000000000000000e+02 2.000000000000000000e+01
5.620000000000000000e+02 9.560000000000000000e+02 2.000000000000000000e+01
5.630000000000000000e+02 9.560000000000000000e+02 2.000000000000000000e+01
5.640000000000000000e+02 9.560000000000000000e+02 2.000000000000000000e+01
5.650000000000000000e+02 9.557999999999999545e+02 2.000000000000000000e+01
5.660000000000000000e+02 9.556000000000000227e+02 2.000000000000000000e+01
5.670000000000000000e+02 9.553999999999999773e+02 2.000000000000000000e+01
5.680000000000000000e+02 9.552000000000000455e+02 2.000000000000000000e+01
5.690000000000000000e+02 9.550000000000000000e+02 2.000000000000000000e+01
5.700000000000000000e+02 9.550000000000000000e+02 2.000000000000000000e+01
5.710000000000000000e+02 9.550000000000000000e+02 2.000000000000000000e+01
5.720000000000000000e+02 9.550000000000000000e+02 2.000000000000000000e+01
5.730000000000000000e+02 9.550000000000000000e+02 2.000000000000000000e+01
5.740000000000000000e+02 9.550000000000000000e+02 2.000000000000000000e+01
5.750000000000000000e+02 9.550000000000000000e+02 2.000000000000000000e+01
5.760000000000000000e+02 9.550000000000000000e+02 2.000000000000000000e+01
5.770000000000000000e+02 9.550000000000000000e+02 2.000000000000000000e+01
5.780000000000000000e+02 9.550000000000000000e+02 2.000000000000000000e+01
5.790000000000000000e+02 9.550000000000000000e+02 2.000000000000000000e+01
5.800000000000000000e+02 9.550000000000000000e+02 2.000000000000000000e+01
5.810000000000000000e+02 9.550000000000000000e+02 2.000000000000000000e+01
5.820000000000000000e+02 9.550000000000000000e+02 2.000000000000000000e+01
5.827999999999999545e+02 9.552000000000000455e+02 2.000000000000000000e+01
5.836000000000000227e+02 9.553999999999999773e+02 2.000000000000000000e+01
5.843999999999999773e+02 9.556000000000000227e+02 2.000000000000000000e+01
5.850000000000000000e+02 9.560000000000000000e+02 2.000000000000000000e+01
5.856000000000000227e+02 9.563999999999999773e+02 2.000000000000000000e+01
5.863999999999999773e+02 9.567999999999999545e+02 2.000000000000000000e+01
5.872000000000000455e+02 9.572000000000000455e+02 2.000000000000000000e+01
5.877999999999999545e+02 9.577999999999999545e+02 2.000000000000000000e+01
5.886000000000000227e+02 9.583999999999999773e+02 2.000000000000000000e+01
5.892000000000000455e+02 9.592000000000000455e+02 2.000000000000000000e+01
5.897999999999999545e+02 9.597999999999999545e+02 2.000000000000000000e+01
5.902000000000000455e+02 9.606000000000000227e+02 2.000000000000000000e+01
5.906000000000000227e+02 9.613999999999999773e+02 2.100000000000000000e+01
5.907999999999999545e+02 9.622000000000000455e+02 2.100000000000000000e+01
5.910000000000000000e+02 9.630000000000000000e+02 2.100000000000000000e+01
5.910000000000000000e+02 9.640000000000000000e+02 2.100000000000000000e+01
5.912000000000000455e+02 9.647999999999999545e+02 2.100000000000000000e+01
5.913999999999999773e+02 9.656000000000000227e+02 2.100000000000000000e+01
5.916000000000000227e+02 9.663999999999999773e+02 2.100000000000000000e+01
5.917500000000000000e+02 9.667500000000000000e+02 2.100000000000000000e+01
