2.339999999999999858e+01 3.786000000000000227e+02 1.600000000000000000e+01
2.400000000000000000e+01 3.790000000000000000e+02 1.600000000000000000e+01
2.460000000000000142e+01 3.793999999999999773e+02 1.600000000000000000e+01
2.539999999999999858e+01 3.796000000000000227e+02 1.600000000000000000e+01
2.600000000000000000e+01 3.800000000000000000e+02 1.600000000000000000e+01
2.660000000000000142e+01 3.803999999999999773e+02 1.600000000000000000e+01
2.739999999999999858e+01 3.806000000000000227e+02 1.600000000000000000e+01
2.819999999999999929e+01 3.810000000000000000e+02 1.600000000000000000e+01
2.900000000000000000e+01 3.813999999999999773e+02 1.600000000000000000e+01
3.000000000000000000e+01 3.816000000000000227e+02 1.600000000000000000e+01
3.100000000000000000e+01 3.818000000000000114e+02 1.600000000000000000e+01
3.200000000000000000e+01 3.821999999999999886e+02 1.600000000000000000e+01
3.300000000000000000e+01 3.823999999999999773e+02 1.600000000000000000e+01
3.400000000000000000e+01 3.826000000000000227e+02 1.600000000000000000e+01
3.500000000000000000e+01 3.828000000000000114e+02 1.600000000000000000e+01
3.550000000000000000e+01 3.830000000000000000e+02 1.600000000000000000e+01
