7.123999999999999773e+02 1.960000000000000000e+02 1.500000000000000000e+01
7.122000000000000455e+02 1.970000000000000000e+02 1.500000000000000000e+01
7.120000000000000000e+02 1.980000000000000000e+02 1.500000000000000000e+01
7.117999999999999545e+02 1.988000000000000114e+02 1.500000000000000000e+01
7.116000000000000227e+02 1.995999999999999943e+02 1.500000000000000000e+01
7.113999999999999773e+02 2.004000000000000057e+02 1.500000000000000000e+01
7.112000000000000455e+02 2.011999999999999886e+02 1.500000000000000000e+01
7.110000000000000000e+02 2.020000000000000000e+02 1.500000000000000000e+01
7.110000000000000000e+02 2.030000000000000000e+02 1.500000000000000000e+01
7.107999999999999545e+02 2.038000000000000114e+02 1.500000000000000000e+01
7.106000000000000227e+02 2.045999999999999943e+02 1.500000000000000000e+01
7.103999999999999773e+02 2.054000000000000057e+02 1.500000000000000000e+01
7.102000000000000455e+02 2.061999999999999886e+02 1.500000000000000000e+01
7.100000000000000000e+02 2.070000000000000000e+02 1.500000000000000000e+01
7.100000000000000000e+02 2.080000000000000000e+02 1.500000000000000000e+01
7.100000000000000000e+02 2.090000000000000000e+02 1.500000000000000000e+01
7.100000000000000000e+02 2.100000000000000000e+02 1.500000000000000000e+01
7.102000000000000455e+02 2.108000000000000114e+02 1.500000000000000000e+01
7.103999999999999773e+02 2.115999999999999943e+02 1.500000000000000000e+01
7.106000000000000227e+02 2.124000000000000057e+02 1.500000000000000000e+01
7.107999999999999545e+02 2.131999999999999886e+02 1.500000000000000000e+01
7.110000000000000000e+02 2.140000000000000000e+02 1.500000000000000000e+01
7.112000000000000455e+02 2.148000000000000114e+02 1.500000000000000000e+01
7.113999999999999773e+02 2.155999999999999943e+02 1.500000000000000000e+01
7.116000000000000227e+02 2.164000000000000057e+02 1.500000000000000000e+01
7.120000000000000000e+02 2.170000000000000000e+02 1.500000000000000000e+01
7.123999999999999773e+02 2.175999999999999943e+02 1.500000000000000000e+01
7.126000000000000227e+02 2.184000000000000057e+02 1.500000000000000000e+01
7.130000000000000000e+02 2.190000000000000000e+02 1.500000000000000000e+01
7.133999999999999773e+02 2.195999999999999943e+02 1.500000000000000000e+01
7.136000000000000227e+02 2.204000000000000057e+02 1.500000000000000000e+01
7.140000000000000000e+02 2.210000000000000000e+02 1.500000000000000000e+01
7.143999999999999773e+02 2.215999999999999943e+02 1.500000000000000000e+01
7.145000000000000000e+02 2.220000000000000000e+02 1.500000000000000000e+01
