5.900000000000000000e+02 4.266000000000000227e+02 7.000000000000000000e+00
5.893999999999999773e+02 4.271999999999999886e+02 7.000000000000000000e+00
5.887999999999999545e+02 4.278000000000000114e+02 7.000000000000000000e+00
5.882000000000000455e+02 4.281999999999999886e+02 7.000000000000000000e+00
5.877999999999999545e+02 4.288000000000000114e+02 7.000000000000000000e+00
5.872000000000000455e+02 4.293999999999999773e+02 7.000000000000000000e+00
5.867999999999999545e+02 4.301999999999999886e+02 7.000000000000000000e+00
5.862000000000000455e+02 4.308000000000000114e+02 7.000000000000000000e+00
5.857999999999999545e+02 4.316000000000000227e+02 7.000000000000000000e+00
5.852000000000000455e+02 4.321999999999999886e+02 7.000000000000000000e+00
5.847999999999999545e+02 4.328000000000000114e+02 7.000000000000000000e+00
5.843999999999999773e+02 4.333999999999999773e+02 7.000000000000000000e+00
5.840000000000000000e+02 4.340000000000000000e+02 7.000000000000000000e+00
5.836000000000000227e+02 4.346000000000000227e+02 8.000000000000000000e+00
5.832000000000000455e+02 4.351999999999999886e+02 8.000000000000000000e+00
5.827999999999999545e+02 4.358000000000000114e+02 8.000000000000000000e+00
5.823999999999999773e+02 4.363999999999999773e+02 8.000000000000000000e+00
5.820000000000000000e+02 4.370000000000000000e+02 8.000000000000000000e+00
5.816000000000000227e+02 4.376000000000000227e+02 8.000000000000000000e+00
5.812000000000000455e+02 4.381999999999999886e+02 8.000000000000000000e+00
5.807999999999999545e+02 4.388000000000000114e+02 8.000000000000000000e+00
5.803999999999999773e+02 4.393999999999999773e+02 8.000000000000000000e+00
5.800000000000000000e+02 4.400000000000000000e+02 8.000000000000000000e+00
5.796000000000000227e+02 4.406000000000000227e+02 8.000000000000000000e+00
5.792000000000000455e+02 4.411999999999999886e+02 8.000000000000000000e+00
5.787999999999999545e+02 4.418000000000000114e+02 8.000000000000000000e+00
5.782000000000000455e+02 4.421999999999999886e+02 9.000000000000000000e+00
5.777999999999999545e+02 4.428000000000000114e+02 9.000000000000000000e+00
5.773999999999999773e+02 4.433999999999999773e+02 9.000000000000000000e+00
5.770000000000000000e+02 4.440000000000000000e+02 9.000000000000000000e+00
5.766000000000000227e+02 4.446000000000000227e+02 9.000000000000000000e+00
5.762000000000000455e+02 4.451999999999999886e+02 9.000000000000000000e+00
5.757999999999999545e+02 4.458000000000000114e+02 9.000000000000000000e+00
5.753999999999999773e+02 4.463999999999999773e+02 9.000000000000000000e+00
5.750000000000000000e+02 4.470000000000000000e+02 9.000000000000000000e+00
5.746000000000000227e+02 4.476000000000000227e+02 9.000000000000000000e+00
5.743999999999999773e+02 4.481999999999999886e+02 9.000000000000000000e+00
5.742500000000000000e+02 4.485000000000000000e+02 1.000000000000000000e+01
