4.300000000000000000e+01 7.680000000000000000e+02 1.900000000000000000e+01
4.279999999999999716e+01 7.672000000000000455e+02 1.900000000000000000e+01
4.260000000000000142e+01 7.663999999999999773e+02 1.900000000000000000e+01
4.239999999999999858e+01 7.656000000000000227e+02 1.900000000000000000e+01
4.200000000000000000e+01 7.650000000000000000e+02 1.900000000000000000e+01
4.160000000000000142e+01 7.643999999999999773e+02 1.900000000000000000e+01
4.120000000000000284e+01 7.637999999999999545e+02 1.900000000000000000e+01
4.079999999999999716e+01 7.632000000000000455e+02 1.900000000000000000e+01
4.020000000000000284e+01 7.626000000000000227e+02 1.900000000000000000e+01
3.979999999999999716e+01 7.617999999999999545e+02 1.900000000000000000e+01
3.920000000000000284e+01 7.612000000000000455e+02 1.900000000000000000e+01
3.879999999999999716e+01 7.603999999999999773e+02 1.900000000000000000e+01
3.820000000000000284e+01 7.597999999999999545e+02 1.900000000000000000e+01
3.779999999999999716e+01 7.592000000000000455e+02 1.900000000000000000e+01
3.720000000000000284e+01 7.586000000000000227e+02 1.900000000000000000e+01
3.679999999999999716e+01 7.577999999999999545e+02 1.900000000000000000e+01
3.639999999999999858e+01 7.570000000000000000e+02 1.900000000000000000e+01
3.600000000000000000e+01 7.562000000000000455e+02 1.900000000000000000e+01
3.560000000000000142e+01 7.553999999999999773e+02 1.900000000000000000e+01
3.539999999999999858e+01 7.546000000000000227e+02 1.900000000000000000e+01
3.520000000000000284e+01 7.537999999999999545e+02 1.900000000000000000e+01
3.520000000000000284e+01 7.530000000000000000e+02 1.900000000000000000e+01
3.539999999999999858e+01 7.520000000000000000e+02 1.900000000000000000e+01
3.560000000000000142e+01 7.510000000000000000e+02 1.900000000000000000e+01
3.620000000000000284e+01 7.500000000000000000e+02 1.900000000000000000e+01
3.660000000000000142e+01 7.492000000000000455e+02 2.000000000000000000e+01
3.679999999999999716e+01 7.487999999999999545e+02 1.900000000000000000e+01
3.700000000000000000e+01 7.485000000000000000e+02 1.900000000000000000e+01
