4.839999999999999858e+01 2.756000000000000227e+02 1.500000000000000000e+01
4.920000000000000284e+01 2.758000000000000114e+02 1.400000000000000000e+01
4.979999999999999716e+01 2.761999999999999886e+02 1.400000000000000000e+01
5.060000000000000142e+01 2.763999999999999773e+02 1.400000000000000000e+01
5.139999999999999858e+01 2.766000000000000227e+02 1.400000000000000000e+01
5.220000000000000284e+01 2.770000000000000000e+02 1.400000000000000000e+01
5.300000000000000000e+01 2.773999999999999773e+02 1.400000000000000000e+01
5.400000000000000000e+01 2.778000000000000114e+02 1.400000000000000000e+01
5.500000000000000000e+01 2.781999999999999886e+02 1.400000000000000000e+01
5.600000000000000000e+01 2.788000000000000114e+02 1.400000000000000000e+01
5.700000000000000000e+01 2.793999999999999773e+02 1.400000000000000000e+01
5.800000000000000000e+01 2.801999999999999886e+02 1.400000000000000000e+01
5.900000000000000000e+01 2.810000000000000000e+02 1.400000000000000000e+01
6.000000000000000000e+01 2.820000000000000000e+02 1.400000000000000000e+01
6.100000000000000000e+01 2.828000000000000114e+02 1.400000000000000000e+01
6.179999999999999716e+01 2.836000000000000227e+02 1.400000000000000000e+01
6.260000000000000142e+01 2.843999999999999773e+02 1.400000000000000000e+01
6.339999999999999858e+01 2.851999999999999886e+02 1.400000000000000000e+01
6.420000000000000284e+01 2.858000000000000114e+02 1.400000000000000000e+01
6.479999999999999716e+01 2.866000000000000227e+02 1.400000000000000000e+01
6.559999999999999432e+01 2.871999999999999886e+02 1.400000000000000000e+01
6.620000000000000284e+01 2.878000000000000114e+02 1.400000000000000000e+01
6.650000000000000000e+01 2.880000000000000000e+02 1.400000000000000000e+01
