7.053999999999999773e+02 1.505999999999999943e+02 1.900000000000000000e+01
7.056000000000000227e+02 1.514000000000000057e+02 1.900000000000000000e+01
7.057999999999999545e+02 1.521999999999999886e+02 1.900000000000000000e+01
7.060000000000000000e+02 1.530000000000000000e+02 1.900000000000000000e+01
7.062000000000000455e+02 1.538000000000000114e+02 1.900000000000000000e+01
7.063999999999999773e+02 1.544000000000000057e+02 1.900000000000000000e+01
7.066000000000000227e+02 1.550000000000000000e+02 2.000000000000000000e+01
7.067999999999999545e+02 1.555999999999999943e+02 2.000000000000000000e+01
7.070000000000000000e+02 1.561999999999999886e+02 2.000000000000000000e+01
7.070000000000000000e+02 1.570000000000000000e+02 2.000000000000000000e+01
7.070000000000000000e+02 1.580000000000000000e+02 2.000000000000000000e+01
7.072000000000000455e+02 1.588000000000000114e+02 2.000000000000000000e+01
7.073999999999999773e+02 1.595999999999999943e+02 2.000000000000000000e+01
7.076000000000000227e+02 1.604000000000000057e+02 2.000000000000000000e+01
7.077999999999999545e+02 1.611999999999999886e+02 2.000000000000000000e+01
7.080000000000000000e+02 1.620000000000000000e+02 2.000000000000000000e+01
7.080000000000000000e+02 1.630000000000000000e+02 2.000000000000000000e+01
7.080000000000000000e+02 1.640000000000000000e+02 2.000000000000000000e+01
7.082000000000000455e+02 1.648000000000000114e+02 2.000000000000000000e+01
7.083999999999999773e+02 1.655999999999999943e+02 2.000000000000000000e+01
7.086000000000000227e+02 1.664000000000000057e+02 2.000000000000000000e+01
7.087999999999999545e+02 1.671999999999999886e+02 2.000000000000000000e+01
7.090000000000000000e+02 1.680000000000000000e+02 2.000000000000000000e+01
7.090000000000000000e+02 1.688000000000000114e+02 2.000000000000000000e+01
7.090000000000000000e+02 1.695999999999999943e+02 2.100000000000000000e+01
7.090000000000000000e+02 1.704000000000000057e+02 2.100000000000000000e+01
7.090000000000000000e+02 1.711999999999999886e+02 2.100000000000000000e+01
7.090000000000000000e+02 1.720000000000000000e+02 2.100000000000000000e+01
7.087999999999999545e+02 1.728000000000000114e+02 2.100000000000000000e+01
7.086000000000000227e+02 1.735999999999999943e+02 2.100000000000000000e+01
7.083999999999999773e+02 1.744000000000000057e+02 2.100000000000000000e+01
7.080000000000000000e+02 1.751999999999999886e+02 2.100000000000000000e+01
7.076000000000000227e+02 1.760000000000000000e+02 2.100000000000000000e+01
7.072000000000000455e+02 1.768000000000000114e+02 2.100000000000000000e+01
7.067999999999999545e+02 1.775999999999999943e+02 2.100000000000000000e+01
7.062000000000000455e+02 1.781999999999999886e+02 2.100000000000000000e+01
7.057999999999999545e+02 1.788000000000000114e+02 2.100000000000000000e+01
7.055000000000000000e+02 1.790000000000000000e+02 2.100000000000000000e+01
