1.210000000000000000e+02 1.854000000000000057e+02 1.500000000000000000e+01
1.217999999999999972e+02 1.858000000000000114e+02 1.500000000000000000e+01
1.225999999999999943e+02 1.861999999999999886e+02 1.500000000000000000e+01
1.234000000000000057e+02 1.865999999999999943e+02 1.500000000000000000e+01
1.240000000000000000e+02 1.870000000000000000e+02 1.500000000000000000e+01
1.245999999999999943e+02 1.874000000000000057e+02 1.500000000000000000e+01
1.254000000000000057e+02 1.878000000000000114e+02 1.500000000000000000e+01
1.262000000000000028e+02 1.881999999999999886e+02 1.500000000000000000e+01
1.267999999999999972e+02 1.888000000000000114e+02 1.500000000000000000e+01
1.275999999999999943e+02 1.891999999999999886e+02 1.500000000000000000e+01
1.284000000000000057e+02 1.895999999999999943e+02 1.500000000000000000e+01
1.290000000000000000e+02 1.900000000000000000e+02 1.500000000000000000e+01
1.295999999999999943e+02 1.904000000000000057e+02 1.500000000000000000e+01
1.301999999999999886e+02 1.908000000000000114e+02 1.500000000000000000e+01
1.308000000000000114e+02 1.911999999999999886e+02 1.500000000000000000e+01
1.314000000000000057e+02 1.915999999999999943e+02 1.500000000000000000e+01
1.320000000000000000e+02 1.920000000000000000e+02 1.500000000000000000e+01
1.325999999999999943e+02 1.924000000000000057e+02 1.500000000000000000e+01
1.331999999999999886e+02 1.925999999999999943e+02 1.500000000000000000e+01
1.340000000000000000e+02 1.930000000000000000e+02 1.400000000000000000e+01
1.348000000000000114e+02 1.934000000000000057e+02 1.400000000000000000e+01
1.358000000000000114e+02 1.935999999999999943e+02 1.400000000000000000e+01
1.368000000000000114e+02 1.938000000000000114e+02 1.400000000000000000e+01
1.380000000000000000e+02 1.938000000000000114e+02 1.400000000000000000e+01
1.388000000000000114e+02 1.934000000000000057e+02 1.400000000000000000e+01
1.391999999999999886e+02 1.931999999999999886e+02 1.400000000000000000e+01
1.395000000000000000e+02 1.930000000000000000e+02 1.400000000000000000e+01
