7.212000000000000455e+02 6.222000000000000455e+02 1.500000000000000000e+01
7.212000000000000455e+02 6.227999999999999545e+02 1.500000000000000000e+01
7.210000000000000000e+02 6.236000000000000227e+02 1.600000000000000000e+01
7.207999999999999545e+02 6.242000000000000455e+02 1.600000000000000000e+01
7.206000000000000227e+02 6.247999999999999545e+02 1.600000000000000000e+01
7.203999999999999773e+02 6.253999999999999773e+02 1.600000000000000000e+01
7.202000000000000455e+02 6.262000000000000455e+02 1.600000000000000000e+01
7.200000000000000000e+02 6.270000000000000000e+02 1.600000000000000000e+01
7.197999999999999545e+02 6.277999999999999545e+02 1.600000000000000000e+01
7.196000000000000227e+02 6.286000000000000227e+02 1.600000000000000000e+01
7.193999999999999773e+02 6.293999999999999773e+02 1.600000000000000000e+01
7.192000000000000455e+02 6.300000000000000000e+02 1.600000000000000000e+01
7.190000000000000000e+02 6.306000000000000227e+02 1.700000000000000000e+01
7.190000000000000000e+02 6.313999999999999773e+02 1.700000000000000000e+01
7.187999999999999545e+02 6.320000000000000000e+02 1.700000000000000000e+01
7.186000000000000227e+02 6.326000000000000227e+02 1.700000000000000000e+01
7.183999999999999773e+02 6.333999999999999773e+02 1.700000000000000000e+01
7.182000000000000455e+02 6.342000000000000455e+02 1.700000000000000000e+01
7.177999999999999545e+02 6.350000000000000000e+02 1.700000000000000000e+01
7.176000000000000227e+02 6.360000000000000000e+02 1.700000000000000000e+01
7.173999999999999773e+02 6.370000000000000000e+02 1.700000000000000000e+01
7.170000000000000000e+02 6.380000000000000000e+02 1.700000000000000000e+01
7.166000000000000227e+02 6.390000000000000000e+02 1.700000000000000000e+01
7.163999999999999773e+02 6.400000000000000000e+02 1.700000000000000000e+01
7.160000000000000000e+02 6.407999999999999545e+02 1.700000000000000000e+01
7.156000000000000227e+02 6.416000000000000227e+02 1.700000000000000000e+01
7.153999999999999773e+02 6.422000000000000455e+02 1.700000000000000000e+01
7.152000000000000455e+02 6.427999999999999545e+02 1.800000000000000000e+01
7.150000000000000000e+02 6.433999999999999773e+02 1.800000000000000000e+01
7.147999999999999545e+02 6.442000000000000455e+02 1.800000000000000000e+01
7.146000000000000227e+02 6.450000000000000000e+02 1.800000000000000000e+01
7.143999999999999773e+02 6.460000000000000000e+02 1.800000000000000000e+01
7.140000000000000000e+02 6.470000000000000000e+02 1.800000000000000000e+01
7.137500000000000000e+02 6.475000000000000000e+02 1.800000000000000000e+01
