8.020000000000000000e+02 3.760000000000000000e+02 1.300000000000000000e+01
8.013999999999999773e+02 3.766000000000000227e+02 1.300000000000000000e+01
8.003999999999999773e+02 3.771999999999999886e+02 1.300000000000000000e+01
7.997999999999999545e+02 3.778000000000000114e+02 1.300000000000000000e+01
7.992000000000000455e+02 3.781999999999999886e+02 1.300000000000000000e+01
7.987999999999999545e+02 3.786000000000000227e+02 1.300000000000000000e+01
7.982000000000000455e+02 3.788000000000000114e+02 1.400000000000000000e+01
7.977999999999999545e+02 3.791999999999999886e+02 1.300000000000000000e+01
7.972000000000000455e+02 3.793999999999999773e+02 1.300000000000000000e+01
7.967999999999999545e+02 3.798000000000000114e+02 1.300000000000000000e+01
7.962000000000000455e+02 3.801999999999999886e+02 1.300000000000000000e+01
7.957999999999999545e+02 3.808000000000000114e+02 1.300000000000000000e+01
7.952000000000000455e+02 3.811999999999999886e+02 1.300000000000000000e+01
7.947999999999999545e+02 3.818000000000000114e+02 1.300000000000000000e+01
7.942000000000000455e+02 3.821999999999999886e+02 1.300000000000000000e+01
7.937999999999999545e+02 3.828000000000000114e+02 1.300000000000000000e+01
7.933999999999999773e+02 3.833999999999999773e+02 1.300000000000000000e+01
7.930000000000000000e+02 3.840000000000000000e+02 1.300000000000000000e+01
7.926000000000000227e+02 3.846000000000000227e+02 1.300000000000000000e+01
7.923999999999999773e+02 3.853999999999999773e+02 1.300000000000000000e+01
7.920000000000000000e+02 3.861999999999999886e+02 1.300000000000000000e+01
7.916000000000000227e+02 3.870000000000000000e+02 1.300000000000000000e+01
7.913999999999999773e+02 3.880000000000000000e+02 1.300000000000000000e+01
7.912000000000000455e+02 3.890000000000000000e+02 1.300000000000000000e+01
7.910000000000000000e+02 3.900000000000000000e+02 1.300000000000000000e+01
7.910000000000000000e+02 3.910000000000000000e+02 1.300000000000000000e+01
7.910000000000000000e+02 3.918000000000000114e+02 1.300000000000000000e+01
7.910000000000000000e+02 3.922500000000000000e+02 1.400000000000000000e+01
