8.517999999999999545e+02 5.417999999999999545e+02 1.600000000000000000e+01
8.523999999999999773e+02 5.413999999999999773e+02 1.600000000000000000e+01
8.532000000000000455e+02 5.410000000000000000e+02 1.600000000000000000e+01
8.540000000000000000e+02 5.406000000000000227e+02 1.600000000000000000e+01
8.550000000000000000e+02 5.403999999999999773e+02 1.600000000000000000e+01
8.557999999999999545e+02 5.403999999999999773e+02 1.600000000000000000e+01
8.566000000000000227e+02 5.403999999999999773e+02 1.600000000000000000e+01
8.573999999999999773e+02 5.406000000000000227e+02 1.600000000000000000e+01
8.582000000000000455e+02 5.410000000000000000e+02 1.600000000000000000e+01
8.590000000000000000e+02 5.413999999999999773e+02 1.600000000000000000e+01
8.597999999999999545e+02 5.417999999999999545e+02 1.600000000000000000e+01
8.606000000000000227e+02 5.422000000000000455e+02 1.600000000000000000e+01
8.612000000000000455e+02 5.427999999999999545e+02 1.600000000000000000e+01
8.617999999999999545e+02 5.432000000000000455e+02 1.600000000000000000e+01
8.622000000000000455e+02 5.437999999999999545e+02 1.700000000000000000e+01
8.627999999999999545e+02 5.442000000000000455e+02 1.700000000000000000e+01
8.632000000000000455e+02 5.447999999999999545e+02 1.700000000000000000e+01
8.637999999999999545e+02 5.452000000000000455e+02 1.700000000000000000e+01
8.642000000000000455e+02 5.457999999999999545e+02 1.700000000000000000e+01
8.646000000000000227e+02 5.463999999999999773e+02 1.700000000000000000e+01
8.650000000000000000e+02 5.470000000000000000e+02 1.700000000000000000e+01
8.653999999999999773e+02 5.476000000000000227e+02 1.700000000000000000e+01
8.656000000000000227e+02 5.483999999999999773e+02 1.700000000000000000e+01
8.660000000000000000e+02 5.490000000000000000e+02 1.700000000000000000e+01
8.663999999999999773e+02 5.496000000000000227e+02 1.700000000000000000e+01
8.666000000000000227e+02 5.503999999999999773e+02 1.700000000000000000e+01
8.670000000000000000e+02 5.510000000000000000e+02 1.700000000000000000e+01
8.673999999999999773e+02 5.516000000000000227e+02 1.700000000000000000e+01
8.676000000000000227e+02 5.522000000000000455e+02 1.700000000000000000e+01
8.677999999999999545e+02 5.527999999999999545e+02 1.800000000000000000e+01
8.680000000000000000e+02 5.533999999999999773e+02 1.800000000000000000e+01
8.682000000000000455e+02 5.542000000000000455e+02 1.800000000000000000e+01
8.683999999999999773e+02 5.550000000000000000e+02 1.800000000000000000e+01
8.686000000000000227e+02 5.560000000000000000e+02 1.800000000000000000e+01
8.687999999999999545e+02 5.570000000000000000e+02 1.800000000000000000e+01
8.692000000000000455e+02 5.577999999999999545e+02 1.800000000000000000e+01
8.693999999999999773e+02 5.586000000000000227e+02 1.800000000000000000e+01
8.696000000000000227e+02 5.593999999999999773e+02 1.800000000000000000e+01
8.697999999999999545e+02 5.602000000000000455e+02 1.800000000000000000e+01
8.700000000000000000e+02 5.610000000000000000e+02 1.800000000000000000e+01
8.702000000000000455e+02 5.620000000000000000e+02 1.800000000000000000e+01
8.703999999999999773e+02 5.630000000000000000e+02 1.800000000000000000e+01
8.706000000000000227e+02 5.640000000000000000e+02 1.800000000000000000e+01
8.707999999999999545e+02 5.650000000000000000e+02 1.800000000000000000e+01
8.712000000000000455e+02 5.657999999999999545e+02 1.800000000000000000e+01
8.713999999999999773e+02 5.666000000000000227e+02 1.800000000000000000e+01
8.716000000000000227e+02 5.673999999999999773e+02 1.800000000000000000e+01
8.720000000000000000e+02 5.682000000000000455e+02 1.800000000000000000e+01
8.723999999999999773e+02 5.690000000000000000e+02 1.800000000000000000e+01
8.726000000000000227e+02 5.700000000000000000e+02 1.800000000000000000e+01
8.730000000000000000e+02 5.707999999999999545e+02 1.800000000000000000e+01
8.733999999999999773e+02 5.716000000000000227e+02 1.800000000000000000e+01
8.736000000000000227e+02 5.723999999999999773e+02 1.800000000000000000e+01
8.740000000000000000e+02 5.730000000000000000e+02 1.800000000000000000e+01
8.743999999999999773e+02 5.736000000000000227e+02 1.800000000000000000e+01
8.746000000000000227e+02 5.743999999999999773e+02 1.800000000000000000e+01
8.750000000000000000e+02 5.750000000000000000e+02 1.800000000000000000e+01
8.753999999999999773e+02 5.756000000000000227e+02 1.800000000000000000e+01
8.757999999999999545e+02 5.762000000000000455e+02 1.800000000000000000e+01
8.762000000000000455e+02 5.767999999999999545e+02 1.800000000000000000e+01
8.766000000000000227e+02 5.773999999999999773e+02 1.800000000000000000e+01
8.767999999999999545e+02 5.780000000000000000e+02 1.700000000000000000e+01
8.772000000000000455e+02 5.783999999999999773e+02 1.800000000000000000e+01
8.773999999999999773e+02 5.790000000000000000e+02 1.700000000000000000e+01
8.776000000000000227e+02 5.796000000000000227e+02 1.700000000000000000e+01
8.780000000000000000e+02 5.800000000000000000e+02 1.700000000000000000e+01
8.783999999999999773e+02 5.806000000000000227e+02 1.700000000000000000e+01
8.787999999999999545e+02 5.813999999999999773e+02 1.700000000000000000e+01
8.792000000000000455e+02 5.822000000000000455e+02 1.700000000000000000e+01
8.797999999999999545e+02 5.827999999999999545e+02 1.700000000000000000e+01
8.802000000000000455e+02 5.836000000000000227e+02 1.700000000000000000e+01
8.806000000000000227e+02 5.843999999999999773e+02 1.700000000000000000e+01
8.807999999999999545e+02 5.850000000000000000e+02 1.600000000000000000e+01
8.812000000000000455e+02 5.856000000000000227e+02 1.700000000000000000e+01
8.813999999999999773e+02 5.863999999999999773e+02 1.600000000000000000e+01
8.817999999999999545e+02 5.872000000000000455e+02 1.600000000000000000e+01
8.822000000000000455e+02 5.880000000000000000e+02 1.600000000000000000e+01
8.826000000000000227e+02 5.890000000000000000e+02 1.600000000000000000e+01
8.830000000000000000e+02 5.897999999999999545e+02 1.600000000000000000e+01
8.833999999999999773e+02 5.906000000000000227e+02 1.600000000000000000e+01
8.836000000000000227e+02 5.913999999999999773e+02 1.600000000000000000e+01
8.837999999999999545e+02 5.922000000000000455e+02 1.600000000000000000e+01
8.840000000000000000e+02 5.930000000000000000e+02 1.600000000000000000e+01
8.842000000000000455e+02 5.937999999999999545e+02 1.600000000000000000e+01
8.843999999999999773e+02 5.946000000000000227e+02 1.600000000000000000e+01
8.846000000000000227e+02 5.953999999999999773e+02 1.600000000000000000e+01
8.847999999999999545e+02 5.962000000000000455e+02 1.600000000000000000e+01
8.850000000000000000e+02 5.970000000000000000e+02 1.600000000000000000e+01
8.850000000000000000e+02 5.980000000000000000e+02 1.600000000000000000e+01
8.850000000000000000e+02 5.990000000000000000e+02 1.600000000000000000e+01
8.850000000000000000e+02 6.000000000000000000e+02 1.600000000000000000e+01
8.850000000000000000e+02 6.010000000000000000e+02 1.600000000000000000e+01
8.850000000000000000e+02 6.020000000000000000e+02 1.600000000000000000e+01
8.847999999999999545e+02 6.030000000000000000e+02 1.600000000000000000e+01
8.847500000000000000e+02 6.035000000000000000e+02 1.600000000000000000e+01
