5.472000000000000455e+02 1.493599999999999909e+03 2.300000000000000000e+01
5.477999999999999545e+02 1.493799999999999955e+03 2.400000000000000000e+01
5.482000000000000455e+02 1.494000000000000000e+03 2.400000000000000000e+01
5.487999999999999545e+02 1.494000000000000000e+03 2.500000000000000000e+01
5.493999999999999773e+02 1.494000000000000000e+03 2.500000000000000000e+01
5.500000000000000000e+02 1.494000000000000000e+03 2.500000000000000000e+01
5.506000000000000227e+02 1.494000000000000000e+03 2.600000000000000000e+01
5.513999999999999773e+02 1.494000000000000000e+03 2.600000000000000000e+01
5.522000000000000455e+02 1.494200000000000045e+03 2.600000000000000000e+01
5.525000000000000000e+02 1.494250000000000000e+03 2.700000000000000000e+01
