6.020000000000000000e+02 6.120000000000000284e+01 1.500000000000000000e+01
6.022000000000000455e+02 6.200000000000000000e+01 1.500000000000000000e+01
6.023999999999999773e+02 6.300000000000000000e+01 1.500000000000000000e+01
6.026000000000000227e+02 6.400000000000000000e+01 1.500000000000000000e+01
6.027999999999999545e+02 6.500000000000000000e+01 1.500000000000000000e+01
6.032000000000000455e+02 6.579999999999999716e+01 1.500000000000000000e+01
6.033999999999999773e+02 6.659999999999999432e+01 1.500000000000000000e+01
6.036000000000000227e+02 6.740000000000000568e+01 1.500000000000000000e+01
6.037999999999999545e+02 6.820000000000000284e+01 1.500000000000000000e+01
6.040000000000000000e+02 6.900000000000000000e+01 1.500000000000000000e+01
6.040000000000000000e+02 7.000000000000000000e+01 1.500000000000000000e+01
6.040000000000000000e+02 7.100000000000000000e+01 1.500000000000000000e+01
6.040000000000000000e+02 7.200000000000000000e+01 1.500000000000000000e+01
6.040000000000000000e+02 7.300000000000000000e+01 1.500000000000000000e+01
6.040000000000000000e+02 7.400000000000000000e+01 1.500000000000000000e+01
6.040000000000000000e+02 7.500000000000000000e+01 1.500000000000000000e+01
6.040000000000000000e+02 7.600000000000000000e+01 1.500000000000000000e+01
6.040000000000000000e+02 7.700000000000000000e+01 1.500000000000000000e+01
6.037999999999999545e+02 7.779999999999999716e+01 1.500000000000000000e+01
6.036000000000000227e+02 7.859999999999999432e+01 1.400000000000000000e+01
6.033999999999999773e+02 7.940000000000000568e+01 1.400000000000000000e+01
6.032000000000000455e+02 8.020000000000000284e+01 1.400000000000000000e+01
6.030000000000000000e+02 8.100000000000000000e+01 1.400000000000000000e+01
6.027999999999999545e+02 8.179999999999999716e+01 1.400000000000000000e+01
6.026000000000000227e+02 8.259999999999999432e+01 1.400000000000000000e+01
6.023999999999999773e+02 8.340000000000000568e+01 1.400000000000000000e+01
6.022000000000000455e+02 8.420000000000000284e+01 1.400000000000000000e+01
6.017999999999999545e+02 8.479999999999999716e+01 1.400000000000000000e+01
6.016000000000000227e+02 8.559999999999999432e+01 1.400000000000000000e+01
6.013999999999999773e+02 8.640000000000000568e+01 1.400000000000000000e+01
6.010000000000000000e+02 8.700000000000000000e+01 1.400000000000000000e+01
6.006000000000000227e+02 8.759999999999999432e+01 1.400000000000000000e+01
6.003999999999999773e+02 8.840000000000000568e+01 1.400000000000000000e+01
6.000000000000000000e+02 8.920000000000000284e+01 1.400000000000000000e+01
5.996000000000000227e+02 9.000000000000000000e+01 1.400000000000000000e+01
5.993999999999999773e+02 9.100000000000000000e+01 1.400000000000000000e+01
5.992000000000000455e+02 9.200000000000000000e+01 1.400000000000000000e+01
5.990000000000000000e+02 9.300000000000000000e+01 1.400000000000000000e+01
5.990000000000000000e+02 9.400000000000000000e+01 1.400000000000000000e+01
5.990000000000000000e+02 9.500000000000000000e+01 1.400000000000000000e+01
5.990000000000000000e+02 9.600000000000000000e+01 1.400000000000000000e+01
5.990000000000000000e+02 9.700000000000000000e+01 1.400000000000000000e+01
5.990000000000000000e+02 9.800000000000000000e+01 1.400000000000000000e+01
5.992000000000000455e+02 9.879999999999999716e+01 1.400000000000000000e+01
5.993999999999999773e+02 9.959999999999999432e+01 1.400000000000000000e+01
5.996000000000000227e+02 1.004000000000000057e+02 1.400000000000000000e+01
5.997999999999999545e+02 1.012000000000000028e+02 1.400000000000000000e+01
6.002000000000000455e+02 1.017999999999999972e+02 1.400000000000000000e+01
6.003999999999999773e+02 1.025999999999999943e+02 1.500000000000000000e+01
6.006000000000000227e+02 1.034000000000000057e+02 1.500000000000000000e+01
6.010000000000000000e+02 1.042000000000000028e+02 1.500000000000000000e+01
6.013999999999999773e+02 1.050000000000000000e+02 1.500000000000000000e+01
6.016000000000000227e+02 1.060000000000000000e+02 1.500000000000000000e+01
6.020000000000000000e+02 1.067999999999999972e+02 1.500000000000000000e+01
6.023999999999999773e+02 1.075999999999999943e+02 1.500000000000000000e+01
6.026000000000000227e+02 1.084000000000000057e+02 1.500000000000000000e+01
6.030000000000000000e+02 1.092000000000000028e+02 1.500000000000000000e+01
6.033999999999999773e+02 1.100000000000000000e+02 1.500000000000000000e+01
6.036000000000000227e+02 1.110000000000000000e+02 1.500000000000000000e+01
6.040000000000000000e+02 1.120000000000000000e+02 1.500000000000000000e+01
6.043999999999999773e+02 1.130000000000000000e+02 1.500000000000000000e+01
6.046000000000000227e+02 1.140000000000000000e+02 1.500000000000000000e+01
6.047999999999999545e+02 1.150000000000000000e+02 1.500000000000000000e+01
6.052000000000000455e+02 1.157999999999999972e+02 1.500000000000000000e+01
6.053999999999999773e+02 1.165999999999999943e+02 1.500000000000000000e+01
6.056000000000000227e+02 1.174000000000000057e+02 1.500000000000000000e+01
6.057500000000000000e+02 1.177500000000000000e+02 1.600000000000000000e+01
