3.350000000000000000e+02 1.401000000000000000e+03 3.000000000000000000e+01
3.360000000000000000e+02 1.401000000000000000e+03 3.000000000000000000e+01
3.370000000000000000e+02 1.401000000000000000e+03 3.000000000000000000e+01
3.380000000000000000e+02 1.401000000000000000e+03 3.000000000000000000e+01
3.390000000000000000e+02 1.401200000000000045e+03 3.000000000000000000e+01
3.400000000000000000e+02 1.401400000000000091e+03 3.000000000000000000e+01
3.408000000000000114e+02 1.401799999999999955e+03 3.000000000000000000e+01
3.416000000000000227e+02 1.402200000000000045e+03 3.000000000000000000e+01
3.423999999999999773e+02 1.402599999999999909e+03 3.000000000000000000e+01
3.430000000000000000e+02 1.403000000000000000e+03 3.000000000000000000e+01
3.436000000000000227e+02 1.403400000000000091e+03 3.000000000000000000e+01
3.443999999999999773e+02 1.403799999999999955e+03 3.000000000000000000e+01
3.451999999999999886e+02 1.404200000000000045e+03 3.000000000000000000e+01
3.458000000000000114e+02 1.404799999999999955e+03 3.000000000000000000e+01
3.466000000000000227e+02 1.405200000000000045e+03 3.000000000000000000e+01
3.473999999999999773e+02 1.405599999999999909e+03 3.000000000000000000e+01
3.481999999999999886e+02 1.406000000000000000e+03 3.000000000000000000e+01
3.490000000000000000e+02 1.406400000000000091e+03 3.000000000000000000e+01
3.500000000000000000e+02 1.406799999999999955e+03 3.000000000000000000e+01
3.510000000000000000e+02 1.407200000000000045e+03 3.000000000000000000e+01
3.520000000000000000e+02 1.407599999999999909e+03 3.000000000000000000e+01
3.528000000000000114e+02 1.408000000000000000e+03 3.000000000000000000e+01
3.532500000000000000e+02 1.408250000000000000e+03 3.000000000000000000e+01
