5.920000000000000000e+02 7.200000000000000000e+01 1.700000000000000000e+01
5.927999999999999545e+02 7.179999999999999716e+01 1.700000000000000000e+01
5.936000000000000227e+02 7.159999999999999432e+01 1.700000000000000000e+01
5.943999999999999773e+02 7.140000000000000568e+01 1.700000000000000000e+01
5.952000000000000455e+02 7.140000000000000568e+01 1.800000000000000000e+01
5.960000000000000000e+02 7.140000000000000568e+01 1.800000000000000000e+01
5.970000000000000000e+02 7.159999999999999432e+01 1.800000000000000000e+01
5.980000000000000000e+02 7.179999999999999716e+01 1.800000000000000000e+01
5.990000000000000000e+02 7.200000000000000000e+01 1.800000000000000000e+01
6.000000000000000000e+02 7.200000000000000000e+01 1.800000000000000000e+01
6.010000000000000000e+02 7.200000000000000000e+01 1.800000000000000000e+01
6.020000000000000000e+02 7.200000000000000000e+01 1.800000000000000000e+01
6.030000000000000000e+02 7.200000000000000000e+01 1.800000000000000000e+01
6.040000000000000000e+02 7.200000000000000000e+01 1.800000000000000000e+01
6.047999999999999545e+02 7.220000000000000284e+01 1.800000000000000000e+01
6.056000000000000227e+02 7.240000000000000568e+01 1.800000000000000000e+01
6.063999999999999773e+02 7.259999999999999432e+01 1.800000000000000000e+01
6.072000000000000455e+02 7.279999999999999716e+01 1.800000000000000000e+01
6.080000000000000000e+02 7.300000000000000000e+01 1.800000000000000000e+01
6.087999999999999545e+02 7.320000000000000284e+01 1.800000000000000000e+01
6.096000000000000227e+02 7.340000000000000568e+01 1.800000000000000000e+01
6.103999999999999773e+02 7.359999999999999432e+01 1.800000000000000000e+01
6.110000000000000000e+02 7.379999999999999716e+01 1.800000000000000000e+01
6.116000000000000227e+02 7.400000000000000000e+01 1.900000000000000000e+01
6.123999999999999773e+02 7.400000000000000000e+01 1.900000000000000000e+01
6.132000000000000455e+02 7.400000000000000000e+01 1.900000000000000000e+01
6.137999999999999545e+02 7.379999999999999716e+01 1.900000000000000000e+01
6.146000000000000227e+02 7.359999999999999432e+01 1.900000000000000000e+01
6.153999999999999773e+02 7.340000000000000568e+01 1.900000000000000000e+01
6.162000000000000455e+02 7.320000000000000284e+01 1.900000000000000000e+01
6.170000000000000000e+02 7.300000000000000000e+01 1.900000000000000000e+01
6.180000000000000000e+02 7.300000000000000000e+01 1.900000000000000000e+01
6.190000000000000000e+02 7.300000000000000000e+01 1.900000000000000000e+01
6.200000000000000000e+02 7.300000000000000000e+01 1.900000000000000000e+01
6.210000000000000000e+02 7.300000000000000000e+01 1.900000000000000000e+01
6.220000000000000000e+02 7.300000000000000000e+01 1.900000000000000000e+01
6.230000000000000000e+02 7.300000000000000000e+01 1.900000000000000000e+01
6.240000000000000000e+02 7.300000000000000000e+01 1.900000000000000000e+01
6.250000000000000000e+02 7.300000000000000000e+01 1.900000000000000000e+01
6.260000000000000000e+02 7.300000000000000000e+01 1.900000000000000000e+01
6.265000000000000000e+02 7.300000000000000000e+01 1.900000000000000000e+01
