3.203999999999999773e+02 1.291000000000000000e+03 2.900000000000000000e+01
3.206000000000000227e+02 1.292000000000000000e+03 2.900000000000000000e+01
3.210000000000000000e+02 1.293000000000000000e+03 2.900000000000000000e+01
3.213999999999999773e+02 1.294000000000000000e+03 2.900000000000000000e+01
3.216000000000000227e+02 1.295000000000000000e+03 2.900000000000000000e+01
3.218000000000000114e+02 1.295799999999999955e+03 2.900000000000000000e+01
3.220000000000000000e+02 1.296599999999999909e+03 2.800000000000000000e+01
3.220000000000000000e+02 1.297400000000000091e+03 2.800000000000000000e+01
3.220000000000000000e+02 1.298200000000000045e+03 2.800000000000000000e+01
3.220000000000000000e+02 1.299000000000000000e+03 2.800000000000000000e+01
3.220000000000000000e+02 1.300000000000000000e+03 2.800000000000000000e+01
3.220000000000000000e+02 1.301000000000000000e+03 2.800000000000000000e+01
3.220000000000000000e+02 1.302000000000000000e+03 2.800000000000000000e+01
3.220000000000000000e+02 1.303000000000000000e+03 2.800000000000000000e+01
3.220000000000000000e+02 1.304000000000000000e+03 2.800000000000000000e+01
3.220000000000000000e+02 1.305000000000000000e+03 2.800000000000000000e+01
3.220000000000000000e+02 1.306000000000000000e+03 2.800000000000000000e+01
3.220000000000000000e+02 1.307000000000000000e+03 2.800000000000000000e+01
3.220000000000000000e+02 1.308000000000000000e+03 2.800000000000000000e+01
3.218000000000000114e+02 1.308799999999999955e+03 2.800000000000000000e+01
3.216000000000000227e+02 1.309599999999999909e+03 2.800000000000000000e+01
3.213999999999999773e+02 1.310400000000000091e+03 2.800000000000000000e+01
3.213999999999999773e+02 1.311000000000000000e+03 2.800000000000000000e+01
3.213999999999999773e+02 1.311599999999999909e+03 2.800000000000000000e+01
3.216000000000000227e+02 1.312400000000000091e+03 2.800000000000000000e+01
3.218000000000000114e+02 1.313200000000000045e+03 2.800000000000000000e+01
3.220000000000000000e+02 1.314000000000000000e+03 2.800000000000000000e+01
3.220000000000000000e+02 1.315000000000000000e+03 2.800000000000000000e+01
3.220000000000000000e+02 1.316000000000000000e+03 2.800000000000000000e+01
3.221999999999999886e+02 1.316799999999999955e+03 2.800000000000000000e+01
3.223999999999999773e+02 1.317599999999999909e+03 2.800000000000000000e+01
3.226000000000000227e+02 1.318400000000000091e+03 2.800000000000000000e+01
3.228000000000000114e+02 1.319200000000000045e+03 2.700000000000000000e+01
3.230000000000000000e+02 1.320000000000000000e+03 2.700000000000000000e+01
3.230000000000000000e+02 1.321000000000000000e+03 2.700000000000000000e+01
3.230000000000000000e+02 1.322000000000000000e+03 2.700000000000000000e+01
3.230000000000000000e+02 1.323000000000000000e+03 2.700000000000000000e+01
3.230000000000000000e+02 1.324000000000000000e+03 2.700000000000000000e+01
3.230000000000000000e+02 1.325000000000000000e+03 2.700000000000000000e+01
3.231999999999999886e+02 1.326000000000000000e+03 2.700000000000000000e+01
3.233999999999999773e+02 1.327000000000000000e+03 2.700000000000000000e+01
3.238000000000000114e+02 1.327799999999999955e+03 2.700000000000000000e+01
3.241999999999999886e+02 1.328599999999999909e+03 2.700000000000000000e+01
3.248000000000000114e+02 1.329200000000000045e+03 2.700000000000000000e+01
3.251999999999999886e+02 1.329799999999999955e+03 2.700000000000000000e+01
3.258000000000000114e+02 1.330200000000000045e+03 2.700000000000000000e+01
3.263999999999999773e+02 1.330799999999999955e+03 2.700000000000000000e+01
3.271999999999999886e+02 1.331200000000000045e+03 2.700000000000000000e+01
3.278000000000000114e+02 1.331799999999999955e+03 2.700000000000000000e+01
3.286000000000000227e+02 1.332200000000000045e+03 2.700000000000000000e+01
3.293999999999999773e+02 1.332799999999999955e+03 2.700000000000000000e+01
3.301999999999999886e+02 1.333200000000000045e+03 2.700000000000000000e+01
3.310000000000000000e+02 1.333799999999999955e+03 2.700000000000000000e+01
3.315000000000000000e+02 1.334000000000000000e+03 2.800000000000000000e+01
