1.049000000000000000e+03 1.681000000000000000e+03 1.900000000000000000e+01
1.048799999999999955e+03 1.681599999999999909e+03 1.900000000000000000e+01
1.048400000000000091e+03 1.682400000000000091e+03 1.900000000000000000e+01
1.048000000000000000e+03 1.683000000000000000e+03 1.900000000000000000e+01
1.047599999999999909e+03 1.683599999999999909e+03 1.900000000000000000e+01
1.047400000000000091e+03 1.684400000000000091e+03 1.900000000000000000e+01
1.047200000000000045e+03 1.685200000000000045e+03 1.900000000000000000e+01
1.046799999999999955e+03 1.685799999999999955e+03 1.900000000000000000e+01
1.046599999999999909e+03 1.686599999999999909e+03 1.900000000000000000e+01
1.046400000000000091e+03 1.687400000000000091e+03 1.900000000000000000e+01
1.046200000000000045e+03 1.688200000000000045e+03 1.900000000000000000e+01
1.046000000000000000e+03 1.688500000000000000e+03 2.000000000000000000e+01
