5.227999999999999545e+02 1.017999999999999972e+02 1.500000000000000000e+01
5.236000000000000227e+02 1.015999999999999943e+02 1.500000000000000000e+01
5.243999999999999773e+02 1.014000000000000057e+02 1.500000000000000000e+01
5.250000000000000000e+02 1.010000000000000000e+02 1.500000000000000000e+01
5.256000000000000227e+02 1.005999999999999943e+02 1.500000000000000000e+01
5.263999999999999773e+02 1.004000000000000057e+02 1.500000000000000000e+01
5.270000000000000000e+02 1.000000000000000000e+02 1.500000000000000000e+01
5.276000000000000227e+02 9.959999999999999432e+01 1.500000000000000000e+01
5.283999999999999773e+02 9.940000000000000568e+01 1.500000000000000000e+01
5.290000000000000000e+02 9.900000000000000000e+01 1.500000000000000000e+01
5.296000000000000227e+02 9.859999999999999432e+01 1.500000000000000000e+01
5.303999999999999773e+02 9.840000000000000568e+01 1.500000000000000000e+01
5.312000000000000455e+02 9.820000000000000284e+01 1.500000000000000000e+01
5.320000000000000000e+02 9.800000000000000000e+01 1.500000000000000000e+01
5.330000000000000000e+02 9.800000000000000000e+01 1.500000000000000000e+01
5.340000000000000000e+02 9.800000000000000000e+01 1.500000000000000000e+01
5.350000000000000000e+02 9.800000000000000000e+01 1.500000000000000000e+01
5.360000000000000000e+02 9.800000000000000000e+01 1.500000000000000000e+01
5.370000000000000000e+02 9.800000000000000000e+01 1.500000000000000000e+01
5.380000000000000000e+02 9.800000000000000000e+01 1.500000000000000000e+01
5.390000000000000000e+02 9.800000000000000000e+01 1.500000000000000000e+01
5.400000000000000000e+02 9.820000000000000284e+01 1.500000000000000000e+01
5.410000000000000000e+02 9.840000000000000568e+01 1.500000000000000000e+01
5.420000000000000000e+02 9.859999999999999432e+01 1.500000000000000000e+01
5.430000000000000000e+02 9.879999999999999716e+01 1.500000000000000000e+01
5.440000000000000000e+02 9.900000000000000000e+01 1.500000000000000000e+01
5.447999999999999545e+02 9.920000000000000284e+01 1.500000000000000000e+01
5.456000000000000227e+02 9.940000000000000568e+01 1.500000000000000000e+01
5.463999999999999773e+02 9.959999999999999432e+01 1.500000000000000000e+01
5.472000000000000455e+02 9.979999999999999716e+01 1.600000000000000000e+01
5.480000000000000000e+02 1.000000000000000000e+02 1.600000000000000000e+01
5.487999999999999545e+02 1.002000000000000028e+02 1.600000000000000000e+01
5.496000000000000227e+02 1.004000000000000057e+02 1.600000000000000000e+01
5.503999999999999773e+02 1.005999999999999943e+02 1.600000000000000000e+01
5.512000000000000455e+02 1.007999999999999972e+02 1.600000000000000000e+01
5.520000000000000000e+02 1.012000000000000028e+02 1.600000000000000000e+01
5.530000000000000000e+02 1.014000000000000057e+02 1.600000000000000000e+01
5.540000000000000000e+02 1.015999999999999943e+02 1.600000000000000000e+01
5.547999999999999545e+02 1.020000000000000000e+02 1.600000000000000000e+01
5.556000000000000227e+02 1.024000000000000057e+02 1.600000000000000000e+01
5.563999999999999773e+02 1.025999999999999943e+02 1.600000000000000000e+01
5.572000000000000455e+02 1.030000000000000000e+02 1.600000000000000000e+01
5.580000000000000000e+02 1.034000000000000057e+02 1.600000000000000000e+01
5.590000000000000000e+02 1.037999999999999972e+02 1.600000000000000000e+01
5.600000000000000000e+02 1.042000000000000028e+02 1.600000000000000000e+01
5.607999999999999545e+02 1.047999999999999972e+02 1.600000000000000000e+01
5.616000000000000227e+02 1.052000000000000028e+02 1.600000000000000000e+01
5.623999999999999773e+02 1.057999999999999972e+02 1.600000000000000000e+01
5.632000000000000455e+02 1.062000000000000028e+02 1.600000000000000000e+01
5.637999999999999545e+02 1.067999999999999972e+02 1.600000000000000000e+01
5.646000000000000227e+02 1.072000000000000028e+02 1.600000000000000000e+01
5.652000000000000455e+02 1.077999999999999972e+02 1.600000000000000000e+01
5.657999999999999545e+02 1.082000000000000028e+02 1.600000000000000000e+01
5.662000000000000455e+02 1.087999999999999972e+02 1.600000000000000000e+01
5.667999999999999545e+02 1.092000000000000028e+02 1.600000000000000000e+01
5.672000000000000455e+02 1.097999999999999972e+02 1.600000000000000000e+01
5.676000000000000227e+02 1.102000000000000028e+02 1.600000000000000000e+01
5.680000000000000000e+02 1.107999999999999972e+02 1.700000000000000000e+01
5.686000000000000227e+02 1.114000000000000057e+02 1.700000000000000000e+01
5.690000000000000000e+02 1.122000000000000028e+02 1.700000000000000000e+01
5.696000000000000227e+02 1.127999999999999972e+02 1.700000000000000000e+01
5.702000000000000455e+02 1.135999999999999943e+02 1.700000000000000000e+01
5.707999999999999545e+02 1.142000000000000028e+02 1.700000000000000000e+01
5.712000000000000455e+02 1.147999999999999972e+02 1.700000000000000000e+01
5.716000000000000227e+02 1.154000000000000057e+02 1.700000000000000000e+01
5.720000000000000000e+02 1.160000000000000000e+02 1.700000000000000000e+01
5.723999999999999773e+02 1.165999999999999943e+02 1.700000000000000000e+01
5.727999999999999545e+02 1.172000000000000028e+02 1.700000000000000000e+01
5.732000000000000455e+02 1.177999999999999972e+02 1.700000000000000000e+01
5.737999999999999545e+02 1.182000000000000028e+02 1.700000000000000000e+01
5.742000000000000455e+02 1.187999999999999972e+02 1.700000000000000000e+01
5.747999999999999545e+02 1.192000000000000028e+02 1.700000000000000000e+01
5.752000000000000455e+02 1.197999999999999972e+02 1.700000000000000000e+01
5.757999999999999545e+02 1.202000000000000028e+02 1.700000000000000000e+01
5.763999999999999773e+02 1.207999999999999972e+02 1.700000000000000000e+01
5.772000000000000455e+02 1.214000000000000057e+02 1.700000000000000000e+01
5.780000000000000000e+02 1.220000000000000000e+02 1.700000000000000000e+01
5.787999999999999545e+02 1.225999999999999943e+02 1.700000000000000000e+01
5.796000000000000227e+02 1.232000000000000028e+02 1.700000000000000000e+01
5.803999999999999773e+02 1.237999999999999972e+02 1.700000000000000000e+01
5.812000000000000455e+02 1.244000000000000057e+02 1.700000000000000000e+01
5.820000000000000000e+02 1.250000000000000000e+02 1.700000000000000000e+01
5.827999999999999545e+02 1.255999999999999943e+02 1.700000000000000000e+01
5.836000000000000227e+02 1.262000000000000028e+02 1.700000000000000000e+01
5.842000000000000455e+02 1.267999999999999972e+02 1.700000000000000000e+01
5.847999999999999545e+02 1.272000000000000028e+02 1.700000000000000000e+01
5.852000000000000455e+02 1.277999999999999972e+02 1.700000000000000000e+01
5.857999999999999545e+02 1.281999999999999886e+02 1.800000000000000000e+01
5.863999999999999773e+02 1.288000000000000114e+02 1.800000000000000000e+01
5.872000000000000455e+02 1.294000000000000057e+02 1.800000000000000000e+01
5.880000000000000000e+02 1.300000000000000000e+02 1.800000000000000000e+01
5.887999999999999545e+02 1.305999999999999943e+02 1.800000000000000000e+01
5.896000000000000227e+02 1.311999999999999886e+02 1.800000000000000000e+01
5.902000000000000455e+02 1.318000000000000114e+02 1.800000000000000000e+01
5.907999999999999545e+02 1.321999999999999886e+02 1.800000000000000000e+01
5.912000000000000455e+02 1.328000000000000114e+02 1.800000000000000000e+01
5.917999999999999545e+02 1.331999999999999886e+02 1.800000000000000000e+01
5.920000000000000000e+02 1.335000000000000000e+02 1.900000000000000000e+01
