2.408000000000000114e+02 8.500000000000000000e+02 1.700000000000000000e+01
2.415999999999999943e+02 8.507999999999999545e+02 1.700000000000000000e+01
2.421999999999999886e+02 8.516000000000000227e+02 1.800000000000000000e+01
2.428000000000000114e+02 8.522000000000000455e+02 1.800000000000000000e+01
2.431999999999999886e+02 8.527999999999999545e+02 1.800000000000000000e+01
2.438000000000000114e+02 8.533999999999999773e+02 1.800000000000000000e+01
2.444000000000000057e+02 8.542000000000000455e+02 1.800000000000000000e+01
2.450000000000000000e+02 8.550000000000000000e+02 1.800000000000000000e+01
2.455999999999999943e+02 8.557999999999999545e+02 1.800000000000000000e+01
2.461999999999999886e+02 8.566000000000000227e+02 1.800000000000000000e+01
2.468000000000000114e+02 8.572000000000000455e+02 1.800000000000000000e+01
2.471999999999999886e+02 8.577999999999999545e+02 1.800000000000000000e+01
2.478000000000000114e+02 8.582000000000000455e+02 1.800000000000000000e+01
2.481999999999999886e+02 8.587999999999999545e+02 1.800000000000000000e+01
2.488000000000000114e+02 8.592000000000000455e+02 1.800000000000000000e+01
2.491999999999999886e+02 8.597999999999999545e+02 1.800000000000000000e+01
2.498000000000000114e+02 8.603999999999999773e+02 1.800000000000000000e+01
2.504000000000000057e+02 8.612000000000000455e+02 1.800000000000000000e+01
2.510000000000000000e+02 8.620000000000000000e+02 1.800000000000000000e+01
2.514000000000000057e+02 8.630000000000000000e+02 1.800000000000000000e+01
2.518000000000000114e+02 8.640000000000000000e+02 1.800000000000000000e+01
2.520000000000000000e+02 8.650000000000000000e+02 1.800000000000000000e+01
2.520000000000000000e+02 8.660000000000000000e+02 1.800000000000000000e+01
2.520000000000000000e+02 8.670000000000000000e+02 1.800000000000000000e+01
2.520000000000000000e+02 8.680000000000000000e+02 1.800000000000000000e+01
2.520000000000000000e+02 8.687999999999999545e+02 1.800000000000000000e+01
2.521999999999999886e+02 8.693999999999999773e+02 1.900000000000000000e+01
2.524000000000000057e+02 8.700000000000000000e+02 1.900000000000000000e+01
2.525999999999999943e+02 8.706000000000000227e+02 1.900000000000000000e+01
2.528000000000000114e+02 8.712000000000000455e+02 1.900000000000000000e+01
2.530000000000000000e+02 8.720000000000000000e+02 1.900000000000000000e+01
2.531999999999999886e+02 8.727999999999999545e+02 1.900000000000000000e+01
2.534000000000000057e+02 8.736000000000000227e+02 1.900000000000000000e+01
2.535999999999999943e+02 8.742000000000000455e+02 1.900000000000000000e+01
2.538000000000000114e+02 8.747999999999999545e+02 2.000000000000000000e+01
2.541999999999999886e+02 8.752000000000000455e+02 2.000000000000000000e+01
2.544000000000000057e+02 8.757999999999999545e+02 2.000000000000000000e+01
2.548000000000000114e+02 8.763999999999999773e+02 2.000000000000000000e+01
2.554000000000000057e+02 8.772000000000000455e+02 2.000000000000000000e+01
2.560000000000000000e+02 8.780000000000000000e+02 2.000000000000000000e+01
2.566000000000000227e+02 8.787999999999999545e+02 2.100000000000000000e+01
2.571999999999999886e+02 8.796000000000000227e+02 2.100000000000000000e+01
2.578000000000000114e+02 8.802000000000000455e+02 2.100000000000000000e+01
2.581999999999999886e+02 8.807999999999999545e+02 2.100000000000000000e+01
2.588000000000000114e+02 8.812000000000000455e+02 2.100000000000000000e+01
2.593999999999999773e+02 8.817999999999999545e+02 2.100000000000000000e+01
2.601999999999999886e+02 8.823999999999999773e+02 2.100000000000000000e+01
2.610000000000000000e+02 8.830000000000000000e+02 2.100000000000000000e+01
2.618000000000000114e+02 8.836000000000000227e+02 2.100000000000000000e+01
2.626000000000000227e+02 8.842000000000000455e+02 2.100000000000000000e+01
2.631999999999999886e+02 8.847999999999999545e+02 2.100000000000000000e+01
2.638000000000000114e+02 8.852000000000000455e+02 2.100000000000000000e+01
2.641999999999999886e+02 8.857999999999999545e+02 2.100000000000000000e+01
2.648000000000000114e+02 8.862000000000000455e+02 2.100000000000000000e+01
2.651999999999999886e+02 8.867999999999999545e+02 2.100000000000000000e+01
2.658000000000000114e+02 8.872000000000000455e+02 2.100000000000000000e+01
2.663999999999999773e+02 8.880000000000000000e+02 2.100000000000000000e+01
2.670000000000000000e+02 8.887999999999999545e+02 2.200000000000000000e+01
2.673999999999999773e+02 8.896000000000000227e+02 2.100000000000000000e+01
2.678000000000000114e+02 8.903999999999999773e+02 2.200000000000000000e+01
2.680000000000000000e+02 8.913999999999999773e+02 2.100000000000000000e+01
2.681999999999999886e+02 8.920000000000000000e+02 2.100000000000000000e+01
2.683999999999999773e+02 8.926000000000000227e+02 2.100000000000000000e+01
2.686000000000000227e+02 8.933999999999999773e+02 2.100000000000000000e+01
2.688000000000000114e+02 8.942000000000000455e+02 2.100000000000000000e+01
2.690000000000000000e+02 8.950000000000000000e+02 2.100000000000000000e+01
2.691999999999999886e+02 8.957999999999999545e+02 2.100000000000000000e+01
2.693999999999999773e+02 8.966000000000000227e+02 2.100000000000000000e+01
2.696000000000000227e+02 8.973999999999999773e+02 2.100000000000000000e+01
2.698000000000000114e+02 8.982000000000000455e+02 2.100000000000000000e+01
2.700000000000000000e+02 8.987999999999999545e+02 2.000000000000000000e+01
2.700000000000000000e+02 8.996000000000000227e+02 2.100000000000000000e+01
2.701999999999999886e+02 9.003999999999999773e+02 2.000000000000000000e+01
2.703999999999999773e+02 9.012000000000000455e+02 2.000000000000000000e+01
2.706000000000000227e+02 9.020000000000000000e+02 2.000000000000000000e+01
2.708000000000000114e+02 9.030000000000000000e+02 2.000000000000000000e+01
2.710000000000000000e+02 9.040000000000000000e+02 1.900000000000000000e+01
2.710000000000000000e+02 9.050000000000000000e+02 1.900000000000000000e+01
2.710000000000000000e+02 9.060000000000000000e+02 1.900000000000000000e+01
2.710000000000000000e+02 9.067999999999999545e+02 1.800000000000000000e+01
2.710000000000000000e+02 9.076000000000000227e+02 1.900000000000000000e+01
2.710000000000000000e+02 9.083999999999999773e+02 1.800000000000000000e+01
2.710000000000000000e+02 9.087500000000000000e+02 1.800000000000000000e+01
