1.047999999999999972e+02 8.367999999999999545e+02 2.700000000000000000e+01
1.042000000000000028e+02 8.372000000000000455e+02 2.700000000000000000e+01
1.037999999999999972e+02 8.376000000000000227e+02 2.700000000000000000e+01
1.034000000000000057e+02 8.380000000000000000e+02 2.600000000000000000e+01
1.030000000000000000e+02 8.383999999999999773e+02 2.600000000000000000e+01
1.025999999999999943e+02 8.387999999999999545e+02 2.600000000000000000e+01
1.022000000000000028e+02 8.392000000000000455e+02 2.600000000000000000e+01
1.017999999999999972e+02 8.397999999999999545e+02 2.600000000000000000e+01
1.012000000000000028e+02 8.402000000000000455e+02 2.600000000000000000e+01
1.007999999999999972e+02 8.407999999999999545e+02 2.600000000000000000e+01
1.004000000000000057e+02 8.413999999999999773e+02 2.500000000000000000e+01
1.000000000000000000e+02 8.420000000000000000e+02 2.500000000000000000e+01
9.959999999999999432e+01 8.426000000000000227e+02 2.500000000000000000e+01
9.940000000000000568e+01 8.433999999999999773e+02 2.500000000000000000e+01
9.925000000000000000e+01 8.437500000000000000e+02 2.500000000000000000e+01
