5.653999999999999773e+02 1.532200000000000045e+03 2.900000000000000000e+01
5.657999999999999545e+02 1.531799999999999955e+03 2.900000000000000000e+01
5.662000000000000455e+02 1.531200000000000045e+03 2.900000000000000000e+01
5.666000000000000227e+02 1.530799999999999955e+03 2.900000000000000000e+01
5.670000000000000000e+02 1.530400000000000091e+03 2.800000000000000000e+01
5.673999999999999773e+02 1.530000000000000000e+03 2.800000000000000000e+01
5.677999999999999545e+02 1.529599999999999909e+03 2.800000000000000000e+01
5.682000000000000455e+02 1.529200000000000045e+03 2.800000000000000000e+01
5.687999999999999545e+02 1.528799999999999955e+03 2.800000000000000000e+01
5.692000000000000455e+02 1.528200000000000045e+03 2.700000000000000000e+01
5.697999999999999545e+02 1.527799999999999955e+03 2.700000000000000000e+01
5.702000000000000455e+02 1.527200000000000045e+03 2.700000000000000000e+01
5.707999999999999545e+02 1.526799999999999955e+03 2.700000000000000000e+01
5.710000000000000000e+02 1.526500000000000000e+03 2.700000000000000000e+01
