1.644000000000000057e+02 8.252000000000000455e+02 2.100000000000000000e+01
1.650000000000000000e+02 8.260000000000000000e+02 2.100000000000000000e+01
1.655999999999999943e+02 8.267999999999999545e+02 2.100000000000000000e+01
1.661999999999999886e+02 8.276000000000000227e+02 2.100000000000000000e+01
1.668000000000000114e+02 8.283999999999999773e+02 2.100000000000000000e+01
1.671999999999999886e+02 8.292000000000000455e+02 2.100000000000000000e+01
1.678000000000000114e+02 8.297999999999999545e+02 2.100000000000000000e+01
1.681999999999999886e+02 8.306000000000000227e+02 2.100000000000000000e+01
1.688000000000000114e+02 8.313999999999999773e+02 2.100000000000000000e+01
1.691999999999999886e+02 8.322000000000000455e+02 2.100000000000000000e+01
1.698000000000000114e+02 8.330000000000000000e+02 2.100000000000000000e+01
1.700000000000000000e+02 8.335000000000000000e+02 2.100000000000000000e+01
