4.676000000000000227e+02 1.187200000000000045e+03 2.600000000000000000e+01
4.668000000000000114e+02 1.186599999999999909e+03 2.600000000000000000e+01
4.660000000000000000e+02 1.185799999999999955e+03 2.600000000000000000e+01
4.650000000000000000e+02 1.185000000000000000e+03 2.600000000000000000e+01
4.641999999999999886e+02 1.184200000000000045e+03 2.600000000000000000e+01
4.636000000000000227e+02 1.183400000000000091e+03 2.500000000000000000e+01
4.630000000000000000e+02 1.182799999999999955e+03 2.500000000000000000e+01
4.626000000000000227e+02 1.182200000000000045e+03 2.500000000000000000e+01
4.621999999999999886e+02 1.181400000000000091e+03 2.500000000000000000e+01
4.618000000000000114e+02 1.180799999999999955e+03 2.600000000000000000e+01
4.613999999999999773e+02 1.180000000000000000e+03 2.500000000000000000e+01
4.611999999999999886e+02 1.178799999999999955e+03 2.600000000000000000e+01
4.610000000000000000e+02 1.177799999999999955e+03 2.600000000000000000e+01
4.610000000000000000e+02 1.177000000000000000e+03 2.700000000000000000e+01
4.610000000000000000e+02 1.175799999999999955e+03 2.600000000000000000e+01
4.610000000000000000e+02 1.174799999999999955e+03 2.600000000000000000e+01
4.610000000000000000e+02 1.174000000000000000e+03 2.600000000000000000e+01
4.610000000000000000e+02 1.173000000000000000e+03 2.600000000000000000e+01
4.608000000000000114e+02 1.172200000000000045e+03 2.600000000000000000e+01
4.606000000000000227e+02 1.171400000000000091e+03 2.600000000000000000e+01
4.603999999999999773e+02 1.170599999999999909e+03 2.600000000000000000e+01
4.601999999999999886e+02 1.169799999999999955e+03 2.600000000000000000e+01
4.600000000000000000e+02 1.169000000000000000e+03 2.600000000000000000e+01
4.600000000000000000e+02 1.168000000000000000e+03 2.600000000000000000e+01
4.598000000000000114e+02 1.167200000000000045e+03 2.600000000000000000e+01
4.596000000000000227e+02 1.166400000000000091e+03 2.600000000000000000e+01
4.593999999999999773e+02 1.165599999999999909e+03 2.600000000000000000e+01
4.591999999999999886e+02 1.164799999999999955e+03 2.600000000000000000e+01
4.588000000000000114e+02 1.164000000000000000e+03 2.600000000000000000e+01
4.586000000000000227e+02 1.163000000000000000e+03 2.600000000000000000e+01
4.581999999999999886e+02 1.162000000000000000e+03 2.600000000000000000e+01
4.578000000000000114e+02 1.161000000000000000e+03 2.600000000000000000e+01
4.573999999999999773e+02 1.160000000000000000e+03 2.600000000000000000e+01
4.570000000000000000e+02 1.159200000000000045e+03 2.600000000000000000e+01
4.566000000000000227e+02 1.158400000000000091e+03 2.600000000000000000e+01
4.563999999999999773e+02 1.157599999999999909e+03 2.600000000000000000e+01
4.560000000000000000e+02 1.157000000000000000e+03 2.600000000000000000e+01
4.556000000000000227e+02 1.156400000000000091e+03 2.600000000000000000e+01
4.553999999999999773e+02 1.155599999999999909e+03 2.600000000000000000e+01
4.550000000000000000e+02 1.155000000000000000e+03 2.600000000000000000e+01
4.546000000000000227e+02 1.154400000000000091e+03 2.600000000000000000e+01
4.543999999999999773e+02 1.153599999999999909e+03 2.600000000000000000e+01
4.540000000000000000e+02 1.153000000000000000e+03 2.600000000000000000e+01
4.536000000000000227e+02 1.152400000000000091e+03 2.600000000000000000e+01
4.533999999999999773e+02 1.151599999999999909e+03 2.600000000000000000e+01
4.530000000000000000e+02 1.151000000000000000e+03 2.600000000000000000e+01
4.526000000000000227e+02 1.150400000000000091e+03 2.600000000000000000e+01
4.523999999999999773e+02 1.149799999999999955e+03 2.600000000000000000e+01
4.520000000000000000e+02 1.149200000000000045e+03 2.700000000000000000e+01
4.516000000000000227e+02 1.148599999999999909e+03 2.700000000000000000e+01
4.513999999999999773e+02 1.147799999999999955e+03 2.700000000000000000e+01
4.510000000000000000e+02 1.147200000000000045e+03 2.700000000000000000e+01
4.506000000000000227e+02 1.146400000000000091e+03 2.700000000000000000e+01
4.503999999999999773e+02 1.145599999999999909e+03 2.700000000000000000e+01
4.500000000000000000e+02 1.144799999999999955e+03 2.700000000000000000e+01
4.496000000000000227e+02 1.144000000000000000e+03 2.700000000000000000e+01
4.493999999999999773e+02 1.143000000000000000e+03 2.700000000000000000e+01
4.490000000000000000e+02 1.142200000000000045e+03 2.700000000000000000e+01
4.486000000000000227e+02 1.141400000000000091e+03 2.700000000000000000e+01
4.483999999999999773e+02 1.140599999999999909e+03 2.700000000000000000e+01
4.481999999999999886e+02 1.139799999999999955e+03 2.700000000000000000e+01
4.478000000000000114e+02 1.139000000000000000e+03 2.700000000000000000e+01
4.476000000000000227e+02 1.138000000000000000e+03 2.700000000000000000e+01
4.473999999999999773e+02 1.137000000000000000e+03 2.700000000000000000e+01
4.471999999999999886e+02 1.136000000000000000e+03 2.700000000000000000e+01
4.468000000000000114e+02 1.135200000000000045e+03 2.700000000000000000e+01
4.466000000000000227e+02 1.134400000000000091e+03 2.700000000000000000e+01
4.463999999999999773e+02 1.133599999999999909e+03 2.700000000000000000e+01
4.461999999999999886e+02 1.132799999999999955e+03 2.700000000000000000e+01
4.460000000000000000e+02 1.132000000000000000e+03 2.700000000000000000e+01
4.458000000000000114e+02 1.131000000000000000e+03 2.700000000000000000e+01
4.456000000000000227e+02 1.130000000000000000e+03 2.700000000000000000e+01
4.453999999999999773e+02 1.129000000000000000e+03 2.700000000000000000e+01
4.451999999999999886e+02 1.128000000000000000e+03 2.700000000000000000e+01
4.450000000000000000e+02 1.127000000000000000e+03 2.700000000000000000e+01
4.448000000000000114e+02 1.126200000000000045e+03 2.700000000000000000e+01
4.446000000000000227e+02 1.125400000000000091e+03 2.700000000000000000e+01
4.443999999999999773e+02 1.124599999999999909e+03 2.700000000000000000e+01
4.441999999999999886e+02 1.123799999999999955e+03 2.700000000000000000e+01
4.438000000000000114e+02 1.123200000000000045e+03 2.700000000000000000e+01
4.436000000000000227e+02 1.122400000000000091e+03 2.700000000000000000e+01
4.433999999999999773e+02 1.121599999999999909e+03 2.700000000000000000e+01
4.431999999999999886e+02 1.121000000000000000e+03 2.600000000000000000e+01
4.430000000000000000e+02 1.120400000000000091e+03 2.700000000000000000e+01
4.430000000000000000e+02 1.119599999999999909e+03 2.600000000000000000e+01
4.428000000000000114e+02 1.119000000000000000e+03 2.600000000000000000e+01
4.426000000000000227e+02 1.118400000000000091e+03 2.600000000000000000e+01
4.423999999999999773e+02 1.117599999999999909e+03 2.600000000000000000e+01
4.421999999999999886e+02 1.116799999999999955e+03 2.600000000000000000e+01
4.420000000000000000e+02 1.116000000000000000e+03 2.600000000000000000e+01
4.418000000000000114e+02 1.115000000000000000e+03 2.600000000000000000e+01
4.416000000000000227e+02 1.114000000000000000e+03 2.600000000000000000e+01
4.413999999999999773e+02 1.113000000000000000e+03 2.600000000000000000e+01
4.411999999999999886e+02 1.112000000000000000e+03 2.600000000000000000e+01
4.408000000000000114e+02 1.111200000000000045e+03 2.600000000000000000e+01
4.406000000000000227e+02 1.110400000000000091e+03 2.600000000000000000e+01
4.403999999999999773e+02 1.109599999999999909e+03 2.600000000000000000e+01
4.401999999999999886e+02 1.108799999999999955e+03 2.600000000000000000e+01
4.400000000000000000e+02 1.108000000000000000e+03 2.600000000000000000e+01
4.398000000000000114e+02 1.107200000000000045e+03 2.600000000000000000e+01
4.396000000000000227e+02 1.106400000000000091e+03 2.600000000000000000e+01
4.393999999999999773e+02 1.105599999999999909e+03 2.600000000000000000e+01
4.391999999999999886e+02 1.104799999999999955e+03 2.600000000000000000e+01
4.390000000000000000e+02 1.103799999999999955e+03 2.600000000000000000e+01
4.388000000000000114e+02 1.102599999999999909e+03 2.600000000000000000e+01
4.386000000000000227e+02 1.101400000000000091e+03 2.600000000000000000e+01
4.383999999999999773e+02 1.100200000000000045e+03 2.600000000000000000e+01
4.380000000000000000e+02 1.099200000000000045e+03 2.600000000000000000e+01
4.376000000000000227e+02 1.098400000000000091e+03 2.600000000000000000e+01
4.373999999999999773e+02 1.097599999999999909e+03 2.600000000000000000e+01
4.370000000000000000e+02 1.096799999999999955e+03 2.600000000000000000e+01
4.366000000000000227e+02 1.096000000000000000e+03 2.600000000000000000e+01
4.363999999999999773e+02 1.095000000000000000e+03 2.600000000000000000e+01
4.361999999999999886e+02 1.094000000000000000e+03 2.600000000000000000e+01
4.360000000000000000e+02 1.093000000000000000e+03 2.600000000000000000e+01
4.358000000000000114e+02 1.092200000000000045e+03 2.600000000000000000e+01
4.356000000000000227e+02 1.091400000000000091e+03 2.600000000000000000e+01
4.353999999999999773e+02 1.090599999999999909e+03 2.600000000000000000e+01
4.351999999999999886e+02 1.089799999999999955e+03 2.600000000000000000e+01
4.351999999999999886e+02 1.089000000000000000e+03 2.600000000000000000e+01
4.353999999999999773e+02 1.088000000000000000e+03 2.600000000000000000e+01
4.356000000000000227e+02 1.087000000000000000e+03 2.600000000000000000e+01
4.358000000000000114e+02 1.086000000000000000e+03 2.600000000000000000e+01
4.361999999999999886e+02 1.085200000000000045e+03 2.600000000000000000e+01
4.363999999999999773e+02 1.084400000000000091e+03 2.600000000000000000e+01
4.366000000000000227e+02 1.083599999999999909e+03 2.600000000000000000e+01
4.370000000000000000e+02 1.083000000000000000e+03 2.600000000000000000e+01
4.373999999999999773e+02 1.082400000000000091e+03 2.600000000000000000e+01
4.376000000000000227e+02 1.081599999999999909e+03 2.600000000000000000e+01
4.380000000000000000e+02 1.081000000000000000e+03 2.600000000000000000e+01
4.383999999999999773e+02 1.080400000000000091e+03 2.600000000000000000e+01
4.386000000000000227e+02 1.079599999999999909e+03 2.600000000000000000e+01
4.390000000000000000e+02 1.079000000000000000e+03 2.600000000000000000e+01
4.393999999999999773e+02 1.078400000000000091e+03 2.600000000000000000e+01
4.398000000000000114e+02 1.077599999999999909e+03 2.600000000000000000e+01
4.401999999999999886e+02 1.076799999999999955e+03 2.600000000000000000e+01
4.405000000000000000e+02 1.076500000000000000e+03 2.600000000000000000e+01
