1.042200000000000045e+03 1.098000000000000000e+03 2.500000000000000000e+01
1.042799999999999955e+03 1.098799999999999955e+03 2.500000000000000000e+01
1.043200000000000045e+03 1.099599999999999909e+03 2.500000000000000000e+01
1.043599999999999909e+03 1.100400000000000091e+03 2.500000000000000000e+01
1.044000000000000000e+03 1.101000000000000000e+03 2.500000000000000000e+01
1.044400000000000091e+03 1.101599999999999909e+03 2.500000000000000000e+01
1.044599999999999909e+03 1.102400000000000091e+03 2.500000000000000000e+01
1.045000000000000000e+03 1.103000000000000000e+03 2.500000000000000000e+01
1.045400000000000091e+03 1.103599999999999909e+03 2.500000000000000000e+01
1.045799999999999955e+03 1.104400000000000091e+03 2.500000000000000000e+01
1.046200000000000045e+03 1.105200000000000045e+03 2.500000000000000000e+01
1.046799999999999955e+03 1.105799999999999955e+03 2.500000000000000000e+01
1.047200000000000045e+03 1.106599999999999909e+03 2.500000000000000000e+01
1.047799999999999955e+03 1.107400000000000091e+03 2.500000000000000000e+01
1.048200000000000045e+03 1.108200000000000045e+03 2.500000000000000000e+01
1.048799999999999955e+03 1.109000000000000000e+03 2.500000000000000000e+01
1.049400000000000091e+03 1.110000000000000000e+03 2.500000000000000000e+01
1.050000000000000000e+03 1.111000000000000000e+03 2.500000000000000000e+01
1.050599999999999909e+03 1.111799999999999955e+03 2.500000000000000000e+01
1.051200000000000045e+03 1.112599999999999909e+03 2.500000000000000000e+01
1.051599999999999909e+03 1.113400000000000091e+03 2.500000000000000000e+01
1.052000000000000000e+03 1.114000000000000000e+03 2.500000000000000000e+01
1.052400000000000091e+03 1.114599999999999909e+03 2.600000000000000000e+01
1.052799999999999955e+03 1.115400000000000091e+03 2.600000000000000000e+01
1.053000000000000000e+03 1.115750000000000000e+03 2.600000000000000000e+01
