7.893999999999999773e+02 2.690000000000000000e+02 1.400000000000000000e+01
7.896000000000000227e+02 2.680000000000000000e+02 1.400000000000000000e+01
7.897999999999999545e+02 2.670000000000000000e+02 1.400000000000000000e+01
7.902000000000000455e+02 2.661999999999999886e+02 1.400000000000000000e+01
7.903999999999999773e+02 2.653999999999999773e+02 1.400000000000000000e+01
7.906000000000000227e+02 2.646000000000000227e+02 1.400000000000000000e+01
7.906000000000000227e+02 2.638000000000000114e+02 1.400000000000000000e+01
7.906000000000000227e+02 2.630000000000000000e+02 1.400000000000000000e+01
7.903999999999999773e+02 2.620000000000000000e+02 1.400000000000000000e+01
7.902000000000000455e+02 2.611999999999999886e+02 1.400000000000000000e+01
7.897999999999999545e+02 2.603999999999999773e+02 1.300000000000000000e+01
7.896000000000000227e+02 2.596000000000000227e+02 1.300000000000000000e+01
7.892000000000000455e+02 2.590000000000000000e+02 1.300000000000000000e+01
7.887999999999999545e+02 2.583999999999999773e+02 1.300000000000000000e+01
7.882000000000000455e+02 2.578000000000000114e+02 1.300000000000000000e+01
7.877999999999999545e+02 2.571999999999999886e+02 1.300000000000000000e+01
7.872000000000000455e+02 2.568000000000000114e+02 1.300000000000000000e+01
7.867999999999999545e+02 2.561999999999999886e+02 1.300000000000000000e+01
7.862000000000000455e+02 2.558000000000000114e+02 1.300000000000000000e+01
7.857999999999999545e+02 2.551999999999999886e+02 1.300000000000000000e+01
7.852000000000000455e+02 2.548000000000000114e+02 1.300000000000000000e+01
7.846000000000000227e+02 2.540000000000000000e+02 1.300000000000000000e+01
7.840000000000000000e+02 2.535999999999999943e+02 1.400000000000000000e+01
7.837999999999999545e+02 2.531999999999999886e+02 1.300000000000000000e+01
7.835000000000000000e+02 2.530000000000000000e+02 1.300000000000000000e+01
