8.500000000000000000e+02 1.100000000000000000e+02 2.000000000000000000e+01
8.500000000000000000e+02 1.110000000000000000e+02 2.000000000000000000e+01
8.500000000000000000e+02 1.120000000000000000e+02 2.000000000000000000e+01
8.500000000000000000e+02 1.130000000000000000e+02 2.000000000000000000e+01
8.500000000000000000e+02 1.140000000000000000e+02 2.000000000000000000e+01
8.500000000000000000e+02 1.150000000000000000e+02 2.000000000000000000e+01
8.500000000000000000e+02 1.160000000000000000e+02 2.000000000000000000e+01
8.497999999999999545e+02 1.170000000000000000e+02 2.000000000000000000e+01
8.496000000000000227e+02 1.180000000000000000e+02 2.000000000000000000e+01
8.493999999999999773e+02 1.190000000000000000e+02 2.000000000000000000e+01
8.490000000000000000e+02 1.197999999999999972e+02 2.000000000000000000e+01
8.486000000000000227e+02 1.205999999999999943e+02 2.000000000000000000e+01
8.483999999999999773e+02 1.214000000000000057e+02 2.000000000000000000e+01
8.480000000000000000e+02 1.222000000000000028e+02 2.000000000000000000e+01
8.476000000000000227e+02 1.230000000000000000e+02 2.000000000000000000e+01
8.473999999999999773e+02 1.237999999999999972e+02 2.000000000000000000e+01
8.472500000000000000e+02 1.242500000000000000e+02 2.100000000000000000e+01
