6.860000000000000000e+02 5.410000000000000000e+02 1.300000000000000000e+01
6.866000000000000227e+02 5.413999999999999773e+02 1.300000000000000000e+01
6.873999999999999773e+02 5.416000000000000227e+02 1.300000000000000000e+01
6.880000000000000000e+02 5.420000000000000000e+02 1.300000000000000000e+01
6.886000000000000227e+02 5.423999999999999773e+02 1.300000000000000000e+01
6.892000000000000455e+02 5.427999999999999545e+02 1.300000000000000000e+01
6.897999999999999545e+02 5.432000000000000455e+02 1.300000000000000000e+01
6.903999999999999773e+02 5.436000000000000227e+02 1.300000000000000000e+01
6.912000000000000455e+02 5.440000000000000000e+02 1.300000000000000000e+01
6.920000000000000000e+02 5.443999999999999773e+02 1.300000000000000000e+01
6.930000000000000000e+02 5.446000000000000227e+02 1.300000000000000000e+01
6.937999999999999545e+02 5.450000000000000000e+02 1.300000000000000000e+01
6.946000000000000227e+02 5.453999999999999773e+02 1.300000000000000000e+01
6.953999999999999773e+02 5.456000000000000227e+02 1.300000000000000000e+01
6.962000000000000455e+02 5.457999999999999545e+02 1.300000000000000000e+01
6.967999999999999545e+02 5.460000000000000000e+02 1.300000000000000000e+01
6.976000000000000227e+02 5.460000000000000000e+02 1.200000000000000000e+01
6.983999999999999773e+02 5.457999999999999545e+02 1.200000000000000000e+01
6.992000000000000455e+02 5.456000000000000227e+02 1.200000000000000000e+01
7.000000000000000000e+02 5.453999999999999773e+02 1.200000000000000000e+01
7.007999999999999545e+02 5.450000000000000000e+02 1.200000000000000000e+01
7.016000000000000227e+02 5.446000000000000227e+02 1.200000000000000000e+01
7.023999999999999773e+02 5.443999999999999773e+02 1.200000000000000000e+01
7.032000000000000455e+02 5.442000000000000455e+02 1.200000000000000000e+01
7.040000000000000000e+02 5.442000000000000455e+02 1.200000000000000000e+01
7.050000000000000000e+02 5.443999999999999773e+02 1.200000000000000000e+01
7.057999999999999545e+02 5.447999999999999545e+02 1.200000000000000000e+01
7.066000000000000227e+02 5.452000000000000455e+02 1.200000000000000000e+01
7.073999999999999773e+02 5.457999999999999545e+02 1.200000000000000000e+01
7.077500000000000000e+02 5.460000000000000000e+02 1.300000000000000000e+01
