6.380000000000000000e+02 8.700000000000000000e+01 1.900000000000000000e+01
6.390000000000000000e+02 8.700000000000000000e+01 1.900000000000000000e+01
6.400000000000000000e+02 8.700000000000000000e+01 1.900000000000000000e+01
6.410000000000000000e+02 8.700000000000000000e+01 1.900000000000000000e+01
6.420000000000000000e+02 8.700000000000000000e+01 1.900000000000000000e+01
6.430000000000000000e+02 8.700000000000000000e+01 1.900000000000000000e+01
6.440000000000000000e+02 8.700000000000000000e+01 1.900000000000000000e+01
6.447999999999999545e+02 8.720000000000000284e+01 1.900000000000000000e+01
6.456000000000000227e+02 8.740000000000000568e+01 1.900000000000000000e+01
6.463999999999999773e+02 8.759999999999999432e+01 1.900000000000000000e+01
6.472000000000000455e+02 8.779999999999999716e+01 1.900000000000000000e+01
6.477999999999999545e+02 8.820000000000000284e+01 1.900000000000000000e+01
6.486000000000000227e+02 8.840000000000000568e+01 1.900000000000000000e+01
6.493999999999999773e+02 8.859999999999999432e+01 1.900000000000000000e+01
6.502000000000000455e+02 8.879999999999999716e+01 1.900000000000000000e+01
6.507999999999999545e+02 8.920000000000000284e+01 1.900000000000000000e+01
6.516000000000000227e+02 8.940000000000000568e+01 1.900000000000000000e+01
6.522000000000000455e+02 8.959999999999999432e+01 1.900000000000000000e+01
6.525000000000000000e+02 8.975000000000000000e+01 2.000000000000000000e+01
