4.480000000000000000e+02 7.230000000000000000e+02 9.000000000000000000e+00
4.476000000000000227e+02 7.227999999999999545e+02 1.000000000000000000e+01
4.473999999999999773e+02 7.226000000000000227e+02 1.000000000000000000e+01
4.470000000000000000e+02 7.223999999999999773e+02 1.100000000000000000e+01
4.466000000000000227e+02 7.222000000000000455e+02 1.200000000000000000e+01
4.461999999999999886e+02 7.220000000000000000e+02 1.300000000000000000e+01
4.458000000000000114e+02 7.220000000000000000e+02 1.300000000000000000e+01
4.453999999999999773e+02 7.217999999999999545e+02 1.400000000000000000e+01
4.451999999999999886e+02 7.216000000000000227e+02 1.400000000000000000e+01
4.450000000000000000e+02 7.212000000000000455e+02 1.500000000000000000e+01
4.450000000000000000e+02 7.206000000000000227e+02 1.500000000000000000e+01
4.448000000000000114e+02 7.197999999999999545e+02 1.500000000000000000e+01
4.446000000000000227e+02 7.190000000000000000e+02 1.600000000000000000e+01
4.443999999999999773e+02 7.180000000000000000e+02 1.600000000000000000e+01
4.441999999999999886e+02 7.170000000000000000e+02 1.600000000000000000e+01
4.440000000000000000e+02 7.160000000000000000e+02 1.600000000000000000e+01
4.440000000000000000e+02 7.150000000000000000e+02 1.600000000000000000e+01
4.440000000000000000e+02 7.140000000000000000e+02 1.600000000000000000e+01
4.441999999999999886e+02 7.132000000000000455e+02 1.600000000000000000e+01
4.442500000000000000e+02 7.127500000000000000e+02 1.700000000000000000e+01
