4.433999999999999773e+02 1.314000000000000000e+03 2.700000000000000000e+01
4.440000000000000000e+02 1.314599999999999909e+03 2.700000000000000000e+01
4.446000000000000227e+02 1.315400000000000091e+03 2.700000000000000000e+01
4.453999999999999773e+02 1.316000000000000000e+03 2.700000000000000000e+01
4.460000000000000000e+02 1.316599999999999909e+03 2.700000000000000000e+01
4.466000000000000227e+02 1.317400000000000091e+03 2.700000000000000000e+01
4.471999999999999886e+02 1.318000000000000000e+03 2.700000000000000000e+01
4.476000000000000227e+02 1.318599999999999909e+03 2.800000000000000000e+01
4.480000000000000000e+02 1.319200000000000045e+03 2.800000000000000000e+01
4.483999999999999773e+02 1.319799999999999955e+03 2.800000000000000000e+01
4.488000000000000114e+02 1.320200000000000045e+03 2.800000000000000000e+01
4.491999999999999886e+02 1.320799999999999955e+03 2.800000000000000000e+01
4.498000000000000114e+02 1.321400000000000091e+03 2.800000000000000000e+01
4.503999999999999773e+02 1.322200000000000045e+03 2.800000000000000000e+01
4.510000000000000000e+02 1.323000000000000000e+03 2.800000000000000000e+01
4.516000000000000227e+02 1.323799999999999955e+03 2.800000000000000000e+01
4.521999999999999886e+02 1.324599999999999909e+03 2.800000000000000000e+01
4.528000000000000114e+02 1.325200000000000045e+03 2.800000000000000000e+01
4.531999999999999886e+02 1.325799999999999955e+03 2.800000000000000000e+01
4.538000000000000114e+02 1.326200000000000045e+03 2.800000000000000000e+01
4.541999999999999886e+02 1.326799999999999955e+03 2.800000000000000000e+01
4.548000000000000114e+02 1.327400000000000091e+03 2.800000000000000000e+01
4.553999999999999773e+02 1.328200000000000045e+03 2.800000000000000000e+01
4.561999999999999886e+02 1.328799999999999955e+03 2.800000000000000000e+01
4.568000000000000114e+02 1.329599999999999909e+03 2.800000000000000000e+01
4.576000000000000227e+02 1.330200000000000045e+03 2.800000000000000000e+01
4.581999999999999886e+02 1.330799999999999955e+03 2.800000000000000000e+01
4.588000000000000114e+02 1.331200000000000045e+03 2.800000000000000000e+01
4.593999999999999773e+02 1.331799999999999955e+03 2.800000000000000000e+01
4.601999999999999886e+02 1.332200000000000045e+03 2.800000000000000000e+01
4.610000000000000000e+02 1.332599999999999909e+03 2.800000000000000000e+01
4.618000000000000114e+02 1.333000000000000000e+03 2.800000000000000000e+01
4.626000000000000227e+02 1.333400000000000091e+03 2.800000000000000000e+01
4.633999999999999773e+02 1.333599999999999909e+03 2.800000000000000000e+01
4.641999999999999886e+02 1.333799999999999955e+03 2.800000000000000000e+01
4.650000000000000000e+02 1.334000000000000000e+03 2.800000000000000000e+01
4.660000000000000000e+02 1.334000000000000000e+03 2.800000000000000000e+01
4.670000000000000000e+02 1.334000000000000000e+03 2.800000000000000000e+01
4.680000000000000000e+02 1.334000000000000000e+03 2.800000000000000000e+01
4.690000000000000000e+02 1.333799999999999955e+03 2.800000000000000000e+01
4.700000000000000000e+02 1.333599999999999909e+03 2.800000000000000000e+01
4.710000000000000000e+02 1.333400000000000091e+03 2.800000000000000000e+01
4.718000000000000114e+02 1.333000000000000000e+03 2.800000000000000000e+01
4.726000000000000227e+02 1.332599999999999909e+03 2.800000000000000000e+01
4.733999999999999773e+02 1.332400000000000091e+03 2.800000000000000000e+01
4.740000000000000000e+02 1.332000000000000000e+03 2.800000000000000000e+01
4.746000000000000227e+02 1.331599999999999909e+03 2.800000000000000000e+01
4.751999999999999886e+02 1.331200000000000045e+03 2.800000000000000000e+01
4.758000000000000114e+02 1.330799999999999955e+03 2.800000000000000000e+01
4.763999999999999773e+02 1.330200000000000045e+03 2.800000000000000000e+01
4.771999999999999886e+02 1.329599999999999909e+03 2.800000000000000000e+01
4.780000000000000000e+02 1.328799999999999955e+03 2.800000000000000000e+01
4.790000000000000000e+02 1.328000000000000000e+03 2.800000000000000000e+01
4.798000000000000114e+02 1.327000000000000000e+03 2.800000000000000000e+01
4.806000000000000227e+02 1.326200000000000045e+03 2.800000000000000000e+01
4.811999999999999886e+02 1.325400000000000091e+03 2.800000000000000000e+01
4.818000000000000114e+02 1.324599999999999909e+03 2.800000000000000000e+01
4.821999999999999886e+02 1.323799999999999955e+03 2.800000000000000000e+01
4.828000000000000114e+02 1.323200000000000045e+03 2.800000000000000000e+01
4.831999999999999886e+02 1.322400000000000091e+03 2.800000000000000000e+01
4.836000000000000227e+02 1.321599999999999909e+03 2.800000000000000000e+01
4.838000000000000114e+02 1.320799999999999955e+03 2.800000000000000000e+01
4.841999999999999886e+02 1.320200000000000045e+03 2.800000000000000000e+01
4.843999999999999773e+02 1.319400000000000091e+03 2.800000000000000000e+01
4.846000000000000227e+02 1.318599999999999909e+03 2.800000000000000000e+01
4.848000000000000114e+02 1.317799999999999955e+03 2.800000000000000000e+01
4.850000000000000000e+02 1.317500000000000000e+03 2.800000000000000000e+01
