7.856000000000000227e+02 1.585400000000000091e+03 2.200000000000000000e+01
7.860000000000000000e+02 1.586000000000000000e+03 2.200000000000000000e+01
7.863999999999999773e+02 1.586599999999999909e+03 2.200000000000000000e+01
7.866000000000000227e+02 1.587400000000000091e+03 2.200000000000000000e+01
7.870000000000000000e+02 1.588200000000000045e+03 2.200000000000000000e+01
7.873999999999999773e+02 1.589000000000000000e+03 2.200000000000000000e+01
7.876000000000000227e+02 1.590000000000000000e+03 2.200000000000000000e+01
7.880000000000000000e+02 1.591000000000000000e+03 2.200000000000000000e+01
7.883999999999999773e+02 1.592000000000000000e+03 2.200000000000000000e+01
7.886000000000000227e+02 1.593000000000000000e+03 2.200000000000000000e+01
7.887999999999999545e+02 1.594000000000000000e+03 2.200000000000000000e+01
7.890000000000000000e+02 1.595000000000000000e+03 2.200000000000000000e+01
7.890000000000000000e+02 1.596000000000000000e+03 2.200000000000000000e+01
7.890000000000000000e+02 1.597000000000000000e+03 2.200000000000000000e+01
7.890000000000000000e+02 1.598000000000000000e+03 2.200000000000000000e+01
7.890000000000000000e+02 1.599000000000000000e+03 2.200000000000000000e+01
7.887999999999999545e+02 1.600000000000000000e+03 2.200000000000000000e+01
7.886000000000000227e+02 1.601000000000000000e+03 2.200000000000000000e+01
7.882000000000000455e+02 1.602000000000000000e+03 2.200000000000000000e+01
7.877999999999999545e+02 1.603000000000000000e+03 2.200000000000000000e+01
7.872000000000000455e+02 1.603799999999999955e+03 2.200000000000000000e+01
7.867999999999999545e+02 1.604599999999999909e+03 2.200000000000000000e+01
7.862000000000000455e+02 1.605400000000000091e+03 2.200000000000000000e+01
7.857999999999999545e+02 1.606200000000000045e+03 2.200000000000000000e+01
7.852000000000000455e+02 1.606799999999999955e+03 2.200000000000000000e+01
7.847999999999999545e+02 1.607599999999999909e+03 2.200000000000000000e+01
7.842000000000000455e+02 1.608200000000000045e+03 2.200000000000000000e+01
7.837999999999999545e+02 1.608799999999999955e+03 2.200000000000000000e+01
7.832000000000000455e+02 1.609200000000000045e+03 2.200000000000000000e+01
7.827999999999999545e+02 1.609799999999999955e+03 2.200000000000000000e+01
7.823999999999999773e+02 1.610400000000000091e+03 2.200000000000000000e+01
7.820000000000000000e+02 1.611200000000000045e+03 2.200000000000000000e+01
7.816000000000000227e+02 1.612000000000000000e+03 2.200000000000000000e+01
7.813999999999999773e+02 1.612799999999999955e+03 2.200000000000000000e+01
7.812000000000000455e+02 1.613599999999999909e+03 2.300000000000000000e+01
7.810000000000000000e+02 1.614400000000000091e+03 2.300000000000000000e+01
7.807999999999999545e+02 1.615200000000000045e+03 2.300000000000000000e+01
7.806000000000000227e+02 1.616000000000000000e+03 2.300000000000000000e+01
7.803999999999999773e+02 1.617000000000000000e+03 2.300000000000000000e+01
7.802000000000000455e+02 1.618000000000000000e+03 2.300000000000000000e+01
7.800000000000000000e+02 1.619000000000000000e+03 2.300000000000000000e+01
7.800000000000000000e+02 1.620000000000000000e+03 2.300000000000000000e+01
7.800000000000000000e+02 1.621000000000000000e+03 2.300000000000000000e+01
7.800000000000000000e+02 1.622000000000000000e+03 2.300000000000000000e+01
7.802000000000000455e+02 1.622799999999999955e+03 2.300000000000000000e+01
7.803999999999999773e+02 1.623599999999999909e+03 2.300000000000000000e+01
7.806000000000000227e+02 1.624400000000000091e+03 2.300000000000000000e+01
7.807999999999999545e+02 1.625200000000000045e+03 2.300000000000000000e+01
7.810000000000000000e+02 1.626000000000000000e+03 2.300000000000000000e+01
7.810000000000000000e+02 1.626500000000000000e+03 2.300000000000000000e+01
