3.621999999999999886e+02 7.083999999999999773e+02 2.300000000000000000e+01
3.623999999999999773e+02 7.076000000000000227e+02 2.400000000000000000e+01
3.628000000000000114e+02 7.067999999999999545e+02 2.400000000000000000e+01
3.631999999999999886e+02 7.060000000000000000e+02 2.400000000000000000e+01
3.638000000000000114e+02 7.052000000000000455e+02 2.400000000000000000e+01
3.641999999999999886e+02 7.043999999999999773e+02 2.400000000000000000e+01
3.648000000000000114e+02 7.037999999999999545e+02 2.400000000000000000e+01
3.651999999999999886e+02 7.032000000000000455e+02 2.400000000000000000e+01
3.658000000000000114e+02 7.027999999999999545e+02 2.400000000000000000e+01
3.663999999999999773e+02 7.022000000000000455e+02 2.400000000000000000e+01
3.670000000000000000e+02 7.017999999999999545e+02 2.400000000000000000e+01
3.676000000000000227e+02 7.013999999999999773e+02 2.300000000000000000e+01
3.681999999999999886e+02 7.010000000000000000e+02 2.300000000000000000e+01
3.688000000000000114e+02 7.006000000000000227e+02 2.300000000000000000e+01
3.691999999999999886e+02 7.002000000000000455e+02 2.300000000000000000e+01
3.698000000000000114e+02 6.997999999999999545e+02 2.300000000000000000e+01
3.703999999999999773e+02 6.993999999999999773e+02 2.300000000000000000e+01
3.710000000000000000e+02 6.990000000000000000e+02 2.300000000000000000e+01
3.713999999999999773e+02 6.986000000000000227e+02 2.400000000000000000e+01
3.720000000000000000e+02 6.983999999999999773e+02 2.300000000000000000e+01
3.723999999999999773e+02 6.980000000000000000e+02 2.400000000000000000e+01
3.728000000000000114e+02 6.976000000000000227e+02 2.400000000000000000e+01
3.733999999999999773e+02 6.973999999999999773e+02 2.400000000000000000e+01
3.740000000000000000e+02 6.970000000000000000e+02 2.400000000000000000e+01
3.746000000000000227e+02 6.966000000000000227e+02 2.400000000000000000e+01
3.753999999999999773e+02 6.962000000000000455e+02 2.400000000000000000e+01
3.761999999999999886e+02 6.957999999999999545e+02 2.400000000000000000e+01
3.770000000000000000e+02 6.952000000000000455e+02 2.500000000000000000e+01
3.780000000000000000e+02 6.947999999999999545e+02 2.500000000000000000e+01
3.790000000000000000e+02 6.942000000000000455e+02 2.500000000000000000e+01
3.800000000000000000e+02 6.937999999999999545e+02 2.500000000000000000e+01
3.810000000000000000e+02 6.932000000000000455e+02 2.500000000000000000e+01
3.820000000000000000e+02 6.927999999999999545e+02 2.500000000000000000e+01
3.830000000000000000e+02 6.923999999999999773e+02 2.500000000000000000e+01
3.838000000000000114e+02 6.920000000000000000e+02 2.600000000000000000e+01
3.843999999999999773e+02 6.913999999999999773e+02 2.500000000000000000e+01
3.850000000000000000e+02 6.910000000000000000e+02 2.500000000000000000e+01
3.853999999999999773e+02 6.903999999999999773e+02 2.500000000000000000e+01
3.858000000000000114e+02 6.897999999999999545e+02 2.500000000000000000e+01
3.861999999999999886e+02 6.892000000000000455e+02 2.500000000000000000e+01
3.868000000000000114e+02 6.887999999999999545e+02 2.500000000000000000e+01
3.871999999999999886e+02 6.882000000000000455e+02 2.500000000000000000e+01
3.878000000000000114e+02 6.877999999999999545e+02 2.500000000000000000e+01
3.881999999999999886e+02 6.872000000000000455e+02 2.500000000000000000e+01
3.888000000000000114e+02 6.867999999999999545e+02 2.500000000000000000e+01
3.891999999999999886e+02 6.862000000000000455e+02 2.500000000000000000e+01
3.898000000000000114e+02 6.857999999999999545e+02 2.500000000000000000e+01
3.901999999999999886e+02 6.852000000000000455e+02 2.500000000000000000e+01
3.908000000000000114e+02 6.846000000000000227e+02 2.500000000000000000e+01
3.913999999999999773e+02 6.837999999999999545e+02 2.500000000000000000e+01
3.920000000000000000e+02 6.830000000000000000e+02 2.500000000000000000e+01
3.926000000000000227e+02 6.822000000000000455e+02 2.500000000000000000e+01
3.933999999999999773e+02 6.813999999999999773e+02 2.500000000000000000e+01
3.940000000000000000e+02 6.806000000000000227e+02 2.500000000000000000e+01
3.946000000000000227e+02 6.800000000000000000e+02 2.500000000000000000e+01
3.951999999999999886e+02 6.793999999999999773e+02 2.400000000000000000e+01
3.958000000000000114e+02 6.787999999999999545e+02 2.400000000000000000e+01
3.961999999999999886e+02 6.782000000000000455e+02 2.400000000000000000e+01
3.968000000000000114e+02 6.777999999999999545e+02 2.400000000000000000e+01
3.971999999999999886e+02 6.772000000000000455e+02 2.400000000000000000e+01
3.978000000000000114e+02 6.767999999999999545e+02 2.400000000000000000e+01
3.981999999999999886e+02 6.762000000000000455e+02 2.400000000000000000e+01
3.988000000000000114e+02 6.757999999999999545e+02 2.400000000000000000e+01
3.991999999999999886e+02 6.752000000000000455e+02 2.400000000000000000e+01
3.998000000000000114e+02 6.747999999999999545e+02 2.400000000000000000e+01
4.001999999999999886e+02 6.742000000000000455e+02 2.400000000000000000e+01
4.008000000000000114e+02 6.737999999999999545e+02 2.400000000000000000e+01
4.013999999999999773e+02 6.733999999999999773e+02 2.400000000000000000e+01
4.020000000000000000e+02 6.730000000000000000e+02 2.400000000000000000e+01
4.026000000000000227e+02 6.726000000000000227e+02 2.400000000000000000e+01
4.033999999999999773e+02 6.722000000000000455e+02 2.400000000000000000e+01
4.041999999999999886e+02 6.717999999999999545e+02 2.400000000000000000e+01
4.048000000000000114e+02 6.712000000000000455e+02 2.400000000000000000e+01
4.056000000000000227e+02 6.707999999999999545e+02 2.400000000000000000e+01
4.063999999999999773e+02 6.703999999999999773e+02 2.400000000000000000e+01
4.070000000000000000e+02 6.700000000000000000e+02 2.400000000000000000e+01
4.076000000000000227e+02 6.696000000000000227e+02 2.400000000000000000e+01
4.083999999999999773e+02 6.693999999999999773e+02 2.400000000000000000e+01
4.091999999999999886e+02 6.692000000000000455e+02 2.400000000000000000e+01
4.100000000000000000e+02 6.687999999999999545e+02 2.400000000000000000e+01
4.110000000000000000e+02 6.686000000000000227e+02 2.400000000000000000e+01
4.120000000000000000e+02 6.683999999999999773e+02 2.400000000000000000e+01
4.130000000000000000e+02 6.682000000000000455e+02 2.400000000000000000e+01
4.140000000000000000e+02 6.680000000000000000e+02 2.400000000000000000e+01
4.148000000000000114e+02 6.677999999999999545e+02 2.400000000000000000e+01
4.156000000000000227e+02 6.676000000000000227e+02 2.400000000000000000e+01
4.163999999999999773e+02 6.673999999999999773e+02 2.300000000000000000e+01
4.171999999999999886e+02 6.672000000000000455e+02 2.300000000000000000e+01
4.180000000000000000e+02 6.670000000000000000e+02 2.300000000000000000e+01
4.190000000000000000e+02 6.670000000000000000e+02 2.300000000000000000e+01
4.200000000000000000e+02 6.670000000000000000e+02 2.300000000000000000e+01
4.208000000000000114e+02 6.667999999999999545e+02 2.300000000000000000e+01
4.216000000000000227e+02 6.666000000000000227e+02 2.300000000000000000e+01
4.223999999999999773e+02 6.663999999999999773e+02 2.300000000000000000e+01
4.231999999999999886e+02 6.662000000000000455e+02 2.300000000000000000e+01
4.240000000000000000e+02 6.660000000000000000e+02 2.300000000000000000e+01
4.250000000000000000e+02 6.660000000000000000e+02 2.300000000000000000e+01
4.255000000000000000e+02 6.660000000000000000e+02 2.300000000000000000e+01
