1.003399999999999977e+03 1.657799999999999955e+03 2.000000000000000000e+01
1.004200000000000045e+03 1.658200000000000045e+03 2.000000000000000000e+01
1.005000000000000000e+03 1.658799999999999955e+03 2.000000000000000000e+01
1.006000000000000000e+03 1.659200000000000045e+03 2.000000000000000000e+01
1.006799999999999955e+03 1.659799999999999955e+03 2.000000000000000000e+01
1.007600000000000023e+03 1.660200000000000045e+03 2.000000000000000000e+01
1.008399999999999977e+03 1.660599999999999909e+03 2.000000000000000000e+01
1.009000000000000000e+03 1.661000000000000000e+03 2.000000000000000000e+01
1.009600000000000023e+03 1.661400000000000091e+03 2.000000000000000000e+01
1.010399999999999977e+03 1.661599999999999909e+03 2.000000000000000000e+01
1.011000000000000000e+03 1.662000000000000000e+03 2.000000000000000000e+01
1.011600000000000023e+03 1.662400000000000091e+03 2.000000000000000000e+01
1.012399999999999977e+03 1.662599999999999909e+03 2.000000000000000000e+01
1.013000000000000000e+03 1.663000000000000000e+03 2.000000000000000000e+01
1.013600000000000023e+03 1.663400000000000091e+03 2.000000000000000000e+01
1.014000000000000000e+03 1.663500000000000000e+03 2.000000000000000000e+01
