2.280000000000000000e+02 8.270000000000000000e+02 1.300000000000000000e+01
2.278000000000000114e+02 8.276000000000000227e+02 1.300000000000000000e+01
2.271999999999999886e+02 8.282000000000000455e+02 1.300000000000000000e+01
2.268000000000000114e+02 8.287999999999999545e+02 1.300000000000000000e+01
2.264000000000000057e+02 8.293999999999999773e+02 1.300000000000000000e+01
2.260000000000000000e+02 8.300000000000000000e+02 1.300000000000000000e+01
2.255999999999999943e+02 8.306000000000000227e+02 1.300000000000000000e+01
2.254000000000000057e+02 8.313999999999999773e+02 1.300000000000000000e+01
2.250000000000000000e+02 8.320000000000000000e+02 1.400000000000000000e+01
2.245999999999999943e+02 8.326000000000000227e+02 1.400000000000000000e+01
2.244000000000000057e+02 8.333999999999999773e+02 1.400000000000000000e+01
2.240000000000000000e+02 8.340000000000000000e+02 1.400000000000000000e+01
2.235999999999999943e+02 8.346000000000000227e+02 1.400000000000000000e+01
2.234000000000000057e+02 8.353999999999999773e+02 1.400000000000000000e+01
2.231999999999999886e+02 8.362000000000000455e+02 1.400000000000000000e+01
2.230000000000000000e+02 8.370000000000000000e+02 1.500000000000000000e+01
2.228000000000000114e+02 8.377999999999999545e+02 1.500000000000000000e+01
2.225999999999999943e+02 8.386000000000000227e+02 1.500000000000000000e+01
2.224000000000000057e+02 8.393999999999999773e+02 1.500000000000000000e+01
2.221999999999999886e+02 8.402000000000000455e+02 1.500000000000000000e+01
2.220000000000000000e+02 8.407999999999999545e+02 1.500000000000000000e+01
2.220000000000000000e+02 8.416000000000000227e+02 1.600000000000000000e+01
2.220000000000000000e+02 8.423999999999999773e+02 1.600000000000000000e+01
2.220000000000000000e+02 8.432000000000000455e+02 1.600000000000000000e+01
2.220000000000000000e+02 8.440000000000000000e+02 1.600000000000000000e+01
2.221999999999999886e+02 8.447999999999999545e+02 1.600000000000000000e+01
2.222500000000000000e+02 8.452500000000000000e+02 1.700000000000000000e+01
