2.671999999999999886e+02 1.404200000000000045e+03 3.000000000000000000e+01
2.671999999999999886e+02 1.405000000000000000e+03 3.000000000000000000e+01
2.670000000000000000e+02 1.406000000000000000e+03 3.000000000000000000e+01
2.670000000000000000e+02 1.407000000000000000e+03 3.000000000000000000e+01
2.668000000000000114e+02 1.407799999999999955e+03 3.000000000000000000e+01
2.666000000000000227e+02 1.408599999999999909e+03 3.000000000000000000e+01
2.663999999999999773e+02 1.409400000000000091e+03 3.000000000000000000e+01
2.661999999999999886e+02 1.410200000000000045e+03 3.000000000000000000e+01
2.660000000000000000e+02 1.411000000000000000e+03 3.000000000000000000e+01
2.660000000000000000e+02 1.412000000000000000e+03 3.000000000000000000e+01
2.660000000000000000e+02 1.413000000000000000e+03 3.000000000000000000e+01
2.660000000000000000e+02 1.414000000000000000e+03 3.000000000000000000e+01
2.660000000000000000e+02 1.415000000000000000e+03 3.000000000000000000e+01
2.660000000000000000e+02 1.416000000000000000e+03 3.000000000000000000e+01
2.660000000000000000e+02 1.417000000000000000e+03 3.000000000000000000e+01
2.658000000000000114e+02 1.417799999999999955e+03 3.000000000000000000e+01
2.656000000000000227e+02 1.418599999999999909e+03 3.000000000000000000e+01
2.653999999999999773e+02 1.419400000000000091e+03 3.000000000000000000e+01
2.651999999999999886e+02 1.420200000000000045e+03 3.000000000000000000e+01
2.650000000000000000e+02 1.421000000000000000e+03 3.000000000000000000e+01
2.650000000000000000e+02 1.422000000000000000e+03 3.000000000000000000e+01
2.648000000000000114e+02 1.423000000000000000e+03 3.000000000000000000e+01
2.646000000000000227e+02 1.424000000000000000e+03 3.000000000000000000e+01
2.643999999999999773e+02 1.425000000000000000e+03 3.000000000000000000e+01
2.641999999999999886e+02 1.426000000000000000e+03 3.000000000000000000e+01
2.640000000000000000e+02 1.427000000000000000e+03 3.000000000000000000e+01
2.638000000000000114e+02 1.427799999999999955e+03 3.000000000000000000e+01
2.636000000000000227e+02 1.428599999999999909e+03 3.000000000000000000e+01
2.633999999999999773e+02 1.429400000000000091e+03 3.000000000000000000e+01
2.631999999999999886e+02 1.430200000000000045e+03 3.000000000000000000e+01
2.630000000000000000e+02 1.431000000000000000e+03 3.000000000000000000e+01
2.630000000000000000e+02 1.432000000000000000e+03 3.000000000000000000e+01
2.630000000000000000e+02 1.433000000000000000e+03 3.000000000000000000e+01
2.630000000000000000e+02 1.434000000000000000e+03 3.000000000000000000e+01
2.630000000000000000e+02 1.435000000000000000e+03 3.000000000000000000e+01
2.630000000000000000e+02 1.436000000000000000e+03 3.000000000000000000e+01
2.630000000000000000e+02 1.437000000000000000e+03 3.000000000000000000e+01
2.628000000000000114e+02 1.437799999999999955e+03 3.000000000000000000e+01
2.626000000000000227e+02 1.438599999999999909e+03 3.000000000000000000e+01
2.623999999999999773e+02 1.439400000000000091e+03 3.000000000000000000e+01
2.621999999999999886e+02 1.440200000000000045e+03 3.000000000000000000e+01
2.620000000000000000e+02 1.441000000000000000e+03 3.000000000000000000e+01
2.621999999999999886e+02 1.441799999999999955e+03 3.000000000000000000e+01
2.622500000000000000e+02 1.442250000000000000e+03 3.000000000000000000e+01
