6.707999999999999545e+02 5.737999999999999545e+02 1.600000000000000000e+01
6.712000000000000455e+02 5.746000000000000227e+02 1.600000000000000000e+01
6.717999999999999545e+02 5.752000000000000455e+02 1.600000000000000000e+01
6.722000000000000455e+02 5.757999999999999545e+02 1.600000000000000000e+01
6.727999999999999545e+02 5.763999999999999773e+02 1.600000000000000000e+01
6.733999999999999773e+02 5.772000000000000455e+02 1.600000000000000000e+01
6.740000000000000000e+02 5.777999999999999545e+02 1.600000000000000000e+01
6.746000000000000227e+02 5.783999999999999773e+02 1.500000000000000000e+01
6.753999999999999773e+02 5.787999999999999545e+02 1.500000000000000000e+01
6.762000000000000455e+02 5.792000000000000455e+02 1.500000000000000000e+01
6.770000000000000000e+02 5.793999999999999773e+02 1.500000000000000000e+01
6.780000000000000000e+02 5.796000000000000227e+02 1.500000000000000000e+01
6.790000000000000000e+02 5.797999999999999545e+02 1.500000000000000000e+01
6.800000000000000000e+02 5.800000000000000000e+02 1.500000000000000000e+01
6.810000000000000000e+02 5.802000000000000455e+02 1.500000000000000000e+01
6.820000000000000000e+02 5.803999999999999773e+02 1.500000000000000000e+01
6.830000000000000000e+02 5.806000000000000227e+02 1.500000000000000000e+01
6.840000000000000000e+02 5.807999999999999545e+02 1.500000000000000000e+01
6.850000000000000000e+02 5.810000000000000000e+02 1.500000000000000000e+01
6.857999999999999545e+02 5.812000000000000455e+02 1.500000000000000000e+01
6.866000000000000227e+02 5.813999999999999773e+02 1.500000000000000000e+01
6.873999999999999773e+02 5.816000000000000227e+02 1.500000000000000000e+01
6.882000000000000455e+02 5.817999999999999545e+02 1.500000000000000000e+01
6.887999999999999545e+02 5.822000000000000455e+02 1.500000000000000000e+01
6.896000000000000227e+02 5.823999999999999773e+02 1.500000000000000000e+01
6.903999999999999773e+02 5.827999999999999545e+02 1.500000000000000000e+01
6.912000000000000455e+02 5.832000000000000455e+02 1.500000000000000000e+01
6.917999999999999545e+02 5.837999999999999545e+02 1.500000000000000000e+01
6.926000000000000227e+02 5.842000000000000455e+02 1.500000000000000000e+01
6.932000000000000455e+02 5.847999999999999545e+02 1.400000000000000000e+01
6.937999999999999545e+02 5.852000000000000455e+02 1.400000000000000000e+01
6.942000000000000455e+02 5.857999999999999545e+02 1.400000000000000000e+01
6.947999999999999545e+02 5.862000000000000455e+02 1.400000000000000000e+01
6.952000000000000455e+02 5.867999999999999545e+02 1.400000000000000000e+01
6.957999999999999545e+02 5.872000000000000455e+02 1.400000000000000000e+01
6.962000000000000455e+02 5.877999999999999545e+02 1.400000000000000000e+01
6.967999999999999545e+02 5.883999999999999773e+02 1.400000000000000000e+01
6.972000000000000455e+02 5.892000000000000455e+02 1.400000000000000000e+01
6.977999999999999545e+02 5.900000000000000000e+02 1.400000000000000000e+01
6.982000000000000455e+02 5.910000000000000000e+02 1.400000000000000000e+01
6.986000000000000227e+02 5.920000000000000000e+02 1.400000000000000000e+01
6.987999999999999545e+02 5.930000000000000000e+02 1.400000000000000000e+01
6.992000000000000455e+02 5.940000000000000000e+02 1.400000000000000000e+01
6.993999999999999773e+02 5.950000000000000000e+02 1.400000000000000000e+01
6.996000000000000227e+02 5.960000000000000000e+02 1.400000000000000000e+01
6.997999999999999545e+02 5.970000000000000000e+02 1.400000000000000000e+01
7.000000000000000000e+02 5.980000000000000000e+02 1.400000000000000000e+01
7.002000000000000455e+02 5.987999999999999545e+02 1.300000000000000000e+01
7.006000000000000227e+02 5.993999999999999773e+02 1.300000000000000000e+01
7.012000000000000455e+02 5.997999999999999545e+02 1.300000000000000000e+01
7.017999999999999545e+02 6.002000000000000455e+02 1.300000000000000000e+01
7.026000000000000227e+02 6.003999999999999773e+02 1.300000000000000000e+01
7.033999999999999773e+02 6.006000000000000227e+02 1.300000000000000000e+01
7.040000000000000000e+02 6.010000000000000000e+02 1.300000000000000000e+01
7.046000000000000227e+02 6.013999999999999773e+02 1.300000000000000000e+01
7.053999999999999773e+02 6.016000000000000227e+02 1.300000000000000000e+01
7.060000000000000000e+02 6.020000000000000000e+02 1.300000000000000000e+01
7.066000000000000227e+02 6.023999999999999773e+02 1.300000000000000000e+01
7.072000000000000455e+02 6.027999999999999545e+02 1.300000000000000000e+01
7.077999999999999545e+02 6.032000000000000455e+02 1.300000000000000000e+01
7.082000000000000455e+02 6.037999999999999545e+02 1.300000000000000000e+01
7.087999999999999545e+02 6.042000000000000455e+02 1.300000000000000000e+01
7.092000000000000455e+02 6.047999999999999545e+02 1.300000000000000000e+01
7.097999999999999545e+02 6.052000000000000455e+02 1.300000000000000000e+01
7.102000000000000455e+02 6.057999999999999545e+02 1.300000000000000000e+01
7.107999999999999545e+02 6.062000000000000455e+02 1.300000000000000000e+01
7.112000000000000455e+02 6.067999999999999545e+02 1.300000000000000000e+01
7.117999999999999545e+02 6.073999999999999773e+02 1.300000000000000000e+01
7.122000000000000455e+02 6.082000000000000455e+02 1.300000000000000000e+01
7.127999999999999545e+02 6.087999999999999545e+02 1.300000000000000000e+01
7.132000000000000455e+02 6.096000000000000227e+02 1.300000000000000000e+01
7.137999999999999545e+02 6.103999999999999773e+02 1.300000000000000000e+01
7.142000000000000455e+02 6.112000000000000455e+02 1.300000000000000000e+01
7.147999999999999545e+02 6.117999999999999545e+02 1.300000000000000000e+01
7.152000000000000455e+02 6.126000000000000227e+02 1.300000000000000000e+01
7.157999999999999545e+02 6.133999999999999773e+02 1.300000000000000000e+01
7.162000000000000455e+02 6.140000000000000000e+02 1.300000000000000000e+01
7.166000000000000227e+02 6.146000000000000227e+02 1.400000000000000000e+01
7.170000000000000000e+02 6.152000000000000455e+02 1.400000000000000000e+01
7.173999999999999773e+02 6.157999999999999545e+02 1.400000000000000000e+01
7.177999999999999545e+02 6.163999999999999773e+02 1.400000000000000000e+01
7.182000000000000455e+02 6.172000000000000455e+02 1.400000000000000000e+01
7.187999999999999545e+02 6.177999999999999545e+02 1.400000000000000000e+01
7.192000000000000455e+02 6.186000000000000227e+02 1.400000000000000000e+01
7.197999999999999545e+02 6.192000000000000455e+02 1.500000000000000000e+01
7.200000000000000000e+02 6.195000000000000000e+02 1.500000000000000000e+01
