5.126000000000000227e+02 7.660000000000000000e+02 8.000000000000000000e+00
5.133999999999999773e+02 7.660000000000000000e+02 8.000000000000000000e+00
5.142000000000000455e+02 7.660000000000000000e+02 8.000000000000000000e+00
5.150000000000000000e+02 7.660000000000000000e+02 8.000000000000000000e+00
5.160000000000000000e+02 7.660000000000000000e+02 9.000000000000000000e+00
5.170000000000000000e+02 7.660000000000000000e+02 9.000000000000000000e+00
5.180000000000000000e+02 7.660000000000000000e+02 9.000000000000000000e+00
5.187999999999999545e+02 7.660000000000000000e+02 9.000000000000000000e+00
5.196000000000000227e+02 7.660000000000000000e+02 1.000000000000000000e+01
5.203999999999999773e+02 7.660000000000000000e+02 1.000000000000000000e+01
5.212000000000000455e+02 7.660000000000000000e+02 1.000000000000000000e+01
5.220000000000000000e+02 7.660000000000000000e+02 1.000000000000000000e+01
5.230000000000000000e+02 7.660000000000000000e+02 1.100000000000000000e+01
5.240000000000000000e+02 7.662000000000000455e+02 1.100000000000000000e+01
5.250000000000000000e+02 7.663999999999999773e+02 1.100000000000000000e+01
5.257999999999999545e+02 7.666000000000000227e+02 1.100000000000000000e+01
5.266000000000000227e+02 7.667999999999999545e+02 1.200000000000000000e+01
5.273999999999999773e+02 7.670000000000000000e+02 1.200000000000000000e+01
5.282000000000000455e+02 7.670000000000000000e+02 1.200000000000000000e+01
5.287999999999999545e+02 7.670000000000000000e+02 1.200000000000000000e+01
5.296000000000000227e+02 7.670000000000000000e+02 1.300000000000000000e+01
5.302000000000000455e+02 7.672000000000000455e+02 1.300000000000000000e+01
5.307999999999999545e+02 7.673999999999999773e+02 1.300000000000000000e+01
5.313999999999999773e+02 7.676000000000000227e+02 1.300000000000000000e+01
5.320000000000000000e+02 7.677999999999999545e+02 1.300000000000000000e+01
5.322500000000000000e+02 7.680000000000000000e+02 1.400000000000000000e+01
