2.650000000000000000e+02 9.176000000000000227e+02 1.900000000000000000e+01
2.648000000000000114e+02 9.180000000000000000e+02 1.900000000000000000e+01
2.643999999999999773e+02 9.186000000000000227e+02 1.900000000000000000e+01
2.640000000000000000e+02 9.190000000000000000e+02 1.900000000000000000e+01
2.636000000000000227e+02 9.196000000000000227e+02 1.900000000000000000e+01
2.633999999999999773e+02 9.203999999999999773e+02 1.900000000000000000e+01
2.630000000000000000e+02 9.210000000000000000e+02 1.900000000000000000e+01
2.626000000000000227e+02 9.216000000000000227e+02 1.900000000000000000e+01
2.623999999999999773e+02 9.223999999999999773e+02 1.900000000000000000e+01
2.621999999999999886e+02 9.232000000000000455e+02 1.900000000000000000e+01
2.620000000000000000e+02 9.240000000000000000e+02 1.900000000000000000e+01
2.618000000000000114e+02 9.247999999999999545e+02 2.000000000000000000e+01
2.616000000000000227e+02 9.256000000000000227e+02 2.000000000000000000e+01
2.613999999999999773e+02 9.263999999999999773e+02 2.000000000000000000e+01
2.611999999999999886e+02 9.272000000000000455e+02 2.000000000000000000e+01
2.610000000000000000e+02 9.280000000000000000e+02 2.000000000000000000e+01
2.610000000000000000e+02 9.287999999999999545e+02 2.000000000000000000e+01
2.610000000000000000e+02 9.296000000000000227e+02 2.100000000000000000e+01
2.610000000000000000e+02 9.303999999999999773e+02 2.100000000000000000e+01
2.610000000000000000e+02 9.307500000000000000e+02 2.100000000000000000e+01
