5.320000000000000000e+02 3.601999999999999886e+02 1.000000000000000000e+01
5.312000000000000455e+02 3.610000000000000000e+02 1.000000000000000000e+01
5.302000000000000455e+02 3.620000000000000000e+02 1.000000000000000000e+01
5.293999999999999773e+02 3.628000000000000114e+02 1.000000000000000000e+01
5.287999999999999545e+02 3.636000000000000227e+02 1.000000000000000000e+01
5.282000000000000455e+02 3.641999999999999886e+02 1.000000000000000000e+01
5.277999999999999545e+02 3.648000000000000114e+02 1.000000000000000000e+01
5.272000000000000455e+02 3.651999999999999886e+02 1.000000000000000000e+01
5.267999999999999545e+02 3.658000000000000114e+02 1.000000000000000000e+01
5.262000000000000455e+02 3.663999999999999773e+02 1.000000000000000000e+01
5.257999999999999545e+02 3.671999999999999886e+02 1.000000000000000000e+01
5.252000000000000455e+02 3.678000000000000114e+02 1.000000000000000000e+01
5.247999999999999545e+02 3.686000000000000227e+02 1.000000000000000000e+01
5.243999999999999773e+02 3.693999999999999773e+02 1.000000000000000000e+01
5.242000000000000455e+02 3.701999999999999886e+02 1.000000000000000000e+01
5.237999999999999545e+02 3.710000000000000000e+02 1.000000000000000000e+01
5.236000000000000227e+02 3.720000000000000000e+02 1.000000000000000000e+01
5.233999999999999773e+02 3.730000000000000000e+02 1.000000000000000000e+01
5.232000000000000455e+02 3.740000000000000000e+02 1.000000000000000000e+01
5.227999999999999545e+02 3.750000000000000000e+02 1.000000000000000000e+01
5.226000000000000227e+02 3.760000000000000000e+02 1.000000000000000000e+01
5.222000000000000455e+02 3.770000000000000000e+02 1.000000000000000000e+01
5.217999999999999545e+02 3.780000000000000000e+02 1.000000000000000000e+01
5.212000000000000455e+02 3.788000000000000114e+02 1.000000000000000000e+01
5.207999999999999545e+02 3.796000000000000227e+02 1.000000000000000000e+01
5.202000000000000455e+02 3.803999999999999773e+02 1.000000000000000000e+01
5.197999999999999545e+02 3.811999999999999886e+02 1.000000000000000000e+01
5.192000000000000455e+02 3.818000000000000114e+02 1.000000000000000000e+01
5.187999999999999545e+02 3.826000000000000227e+02 1.000000000000000000e+01
5.182000000000000455e+02 3.831999999999999886e+02 1.000000000000000000e+01
5.177999999999999545e+02 3.838000000000000114e+02 1.000000000000000000e+01
5.172000000000000455e+02 3.841999999999999886e+02 1.000000000000000000e+01
5.167999999999999545e+02 3.848000000000000114e+02 1.000000000000000000e+01
5.162000000000000455e+02 3.851999999999999886e+02 1.000000000000000000e+01
5.157999999999999545e+02 3.858000000000000114e+02 1.000000000000000000e+01
5.152000000000000455e+02 3.861999999999999886e+02 1.000000000000000000e+01
5.147999999999999545e+02 3.868000000000000114e+02 1.000000000000000000e+01
5.142000000000000455e+02 3.871999999999999886e+02 1.000000000000000000e+01
5.137999999999999545e+02 3.878000000000000114e+02 1.000000000000000000e+01
5.133999999999999773e+02 3.883999999999999773e+02 1.000000000000000000e+01
5.130000000000000000e+02 3.890000000000000000e+02 1.000000000000000000e+01
5.126000000000000227e+02 3.896000000000000227e+02 1.000000000000000000e+01
5.122000000000000455e+02 3.901999999999999886e+02 1.000000000000000000e+01
5.118000000000000114e+02 3.908000000000000114e+02 1.000000000000000000e+01
5.113999999999999773e+02 3.913999999999999773e+02 1.000000000000000000e+01
5.110000000000000000e+02 3.920000000000000000e+02 1.000000000000000000e+01
5.106000000000000227e+02 3.926000000000000227e+02 1.000000000000000000e+01
5.103999999999999773e+02 3.933999999999999773e+02 1.000000000000000000e+01
5.100000000000000000e+02 3.940000000000000000e+02 1.000000000000000000e+01
5.096000000000000227e+02 3.946000000000000227e+02 1.000000000000000000e+01
5.095000000000000000e+02 3.950000000000000000e+02 1.000000000000000000e+01
