5.996000000000000227e+02 5.000000000000000000e+00 1.900000000000000000e+01
5.990000000000000000e+02 5.200000000000000178e+00 1.900000000000000000e+01
5.986000000000000227e+02 5.400000000000000355e+00 1.900000000000000000e+01
5.980000000000000000e+02 5.599999999999999645e+00 1.800000000000000000e+01
5.973999999999999773e+02 5.799999999999999822e+00 1.800000000000000000e+01
5.967999999999999545e+02 6.000000000000000000e+00 1.800000000000000000e+01
5.960000000000000000e+02 6.000000000000000000e+00 1.800000000000000000e+01
5.947999999999999545e+02 6.200000000000000178e+00 1.800000000000000000e+01
5.937999999999999545e+02 6.200000000000000178e+00 1.800000000000000000e+01
5.932000000000000455e+02 6.200000000000000178e+00 1.800000000000000000e+01
5.927500000000000000e+02 6.250000000000000000e+00 1.800000000000000000e+01
