1.015799999999999955e+03 1.615599999999999909e+03 2.100000000000000000e+01
1.015600000000000023e+03 1.616400000000000091e+03 2.100000000000000000e+01
1.015399999999999977e+03 1.617200000000000045e+03 2.100000000000000000e+01
1.015000000000000000e+03 1.617799999999999955e+03 2.100000000000000000e+01
1.014600000000000023e+03 1.618599999999999909e+03 2.100000000000000000e+01
1.014399999999999977e+03 1.619400000000000091e+03 2.100000000000000000e+01
1.014200000000000045e+03 1.620200000000000045e+03 2.100000000000000000e+01
1.013799999999999955e+03 1.620799999999999955e+03 2.100000000000000000e+01
1.013600000000000023e+03 1.621599999999999909e+03 2.100000000000000000e+01
1.013399999999999977e+03 1.622400000000000091e+03 2.100000000000000000e+01
1.013200000000000045e+03 1.623200000000000045e+03 2.100000000000000000e+01
1.012799999999999955e+03 1.624000000000000000e+03 2.100000000000000000e+01
1.012600000000000023e+03 1.625000000000000000e+03 2.100000000000000000e+01
1.012399999999999977e+03 1.626000000000000000e+03 2.100000000000000000e+01
1.012200000000000045e+03 1.627000000000000000e+03 2.100000000000000000e+01
1.012000000000000000e+03 1.628000000000000000e+03 2.100000000000000000e+01
1.012000000000000000e+03 1.629000000000000000e+03 2.100000000000000000e+01
1.011799999999999955e+03 1.629799999999999955e+03 2.100000000000000000e+01
1.011600000000000023e+03 1.630599999999999909e+03 2.100000000000000000e+01
1.011399999999999977e+03 1.631400000000000091e+03 2.100000000000000000e+01
1.011200000000000045e+03 1.632200000000000045e+03 2.100000000000000000e+01
1.011000000000000000e+03 1.633000000000000000e+03 2.100000000000000000e+01
1.010799999999999955e+03 1.634000000000000000e+03 2.100000000000000000e+01
1.010600000000000023e+03 1.635000000000000000e+03 2.100000000000000000e+01
1.010399999999999977e+03 1.636000000000000000e+03 2.100000000000000000e+01
1.010200000000000045e+03 1.637000000000000000e+03 2.100000000000000000e+01
1.009799999999999955e+03 1.638000000000000000e+03 2.100000000000000000e+01
1.009600000000000023e+03 1.639000000000000000e+03 2.100000000000000000e+01
1.009399999999999977e+03 1.640000000000000000e+03 2.100000000000000000e+01
1.009000000000000000e+03 1.640799999999999955e+03 2.100000000000000000e+01
1.008600000000000023e+03 1.641599999999999909e+03 2.100000000000000000e+01
1.008399999999999977e+03 1.642400000000000091e+03 2.100000000000000000e+01
1.008000000000000000e+03 1.643000000000000000e+03 2.100000000000000000e+01
1.007600000000000023e+03 1.643599999999999909e+03 2.100000000000000000e+01
1.007399999999999977e+03 1.644400000000000091e+03 2.100000000000000000e+01
1.007000000000000000e+03 1.645000000000000000e+03 2.100000000000000000e+01
1.006600000000000023e+03 1.645599999999999909e+03 2.000000000000000000e+01
1.006399999999999977e+03 1.646400000000000091e+03 2.000000000000000000e+01
1.006000000000000000e+03 1.647000000000000000e+03 2.000000000000000000e+01
1.005600000000000023e+03 1.647599999999999909e+03 2.000000000000000000e+01
1.005399999999999977e+03 1.648400000000000091e+03 2.000000000000000000e+01
1.005000000000000000e+03 1.649200000000000045e+03 2.000000000000000000e+01
1.004600000000000023e+03 1.650000000000000000e+03 2.000000000000000000e+01
1.004399999999999977e+03 1.651000000000000000e+03 2.000000000000000000e+01
1.004000000000000000e+03 1.651799999999999955e+03 2.000000000000000000e+01
1.003600000000000023e+03 1.652599999999999909e+03 2.000000000000000000e+01
1.003399999999999977e+03 1.653400000000000091e+03 2.000000000000000000e+01
1.003000000000000000e+03 1.654000000000000000e+03 2.000000000000000000e+01
1.002600000000000023e+03 1.654599999999999909e+03 2.000000000000000000e+01
1.002500000000000000e+03 1.655000000000000000e+03 2.000000000000000000e+01
