3.231999999999999886e+02 1.411799999999999955e+03 2.900000000000000000e+01
3.233999999999999773e+02 1.412599999999999909e+03 2.900000000000000000e+01
3.236000000000000227e+02 1.413400000000000091e+03 2.900000000000000000e+01
3.238000000000000114e+02 1.414200000000000045e+03 2.900000000000000000e+01
3.240000000000000000e+02 1.415000000000000000e+03 2.900000000000000000e+01
3.240000000000000000e+02 1.416000000000000000e+03 2.900000000000000000e+01
3.240000000000000000e+02 1.417000000000000000e+03 2.900000000000000000e+01
3.240000000000000000e+02 1.418000000000000000e+03 2.900000000000000000e+01
3.240000000000000000e+02 1.419000000000000000e+03 2.900000000000000000e+01
3.240000000000000000e+02 1.420000000000000000e+03 2.900000000000000000e+01
3.240000000000000000e+02 1.421000000000000000e+03 2.900000000000000000e+01
3.240000000000000000e+02 1.422000000000000000e+03 2.900000000000000000e+01
3.240000000000000000e+02 1.423000000000000000e+03 2.900000000000000000e+01
3.240000000000000000e+02 1.424000000000000000e+03 2.900000000000000000e+01
3.240000000000000000e+02 1.425000000000000000e+03 2.900000000000000000e+01
3.241999999999999886e+02 1.426000000000000000e+03 2.900000000000000000e+01
3.243999999999999773e+02 1.427000000000000000e+03 2.900000000000000000e+01
3.246000000000000227e+02 1.428000000000000000e+03 2.900000000000000000e+01
3.248000000000000114e+02 1.429000000000000000e+03 2.900000000000000000e+01
3.251999999999999886e+02 1.429799999999999955e+03 2.900000000000000000e+01
3.253999999999999773e+02 1.430599999999999909e+03 2.900000000000000000e+01
3.256000000000000227e+02 1.431400000000000091e+03 2.900000000000000000e+01
3.258000000000000114e+02 1.432200000000000045e+03 2.900000000000000000e+01
3.261999999999999886e+02 1.432799999999999955e+03 2.900000000000000000e+01
3.263999999999999773e+02 1.433599999999999909e+03 2.900000000000000000e+01
3.266000000000000227e+02 1.434200000000000045e+03 2.900000000000000000e+01
3.267500000000000000e+02 1.434500000000000000e+03 3.000000000000000000e+01
