8.323999999999999773e+02 6.193999999999999773e+02 2.000000000000000000e+01
8.332000000000000455e+02 6.192000000000000455e+02 2.000000000000000000e+01
8.340000000000000000e+02 6.187999999999999545e+02 2.000000000000000000e+01
8.350000000000000000e+02 6.186000000000000227e+02 2.000000000000000000e+01
8.360000000000000000e+02 6.183999999999999773e+02 2.000000000000000000e+01
8.370000000000000000e+02 6.180000000000000000e+02 2.000000000000000000e+01
8.380000000000000000e+02 6.176000000000000227e+02 2.000000000000000000e+01
8.390000000000000000e+02 6.173999999999999773e+02 2.000000000000000000e+01
8.400000000000000000e+02 6.172000000000000455e+02 2.000000000000000000e+01
8.407999999999999545e+02 6.167999999999999545e+02 2.000000000000000000e+01
8.416000000000000227e+02 6.166000000000000227e+02 2.000000000000000000e+01
8.423999999999999773e+02 6.163999999999999773e+02 2.000000000000000000e+01
8.432000000000000455e+02 6.162000000000000455e+02 2.000000000000000000e+01
8.440000000000000000e+02 6.160000000000000000e+02 2.000000000000000000e+01
8.450000000000000000e+02 6.160000000000000000e+02 2.000000000000000000e+01
8.460000000000000000e+02 6.160000000000000000e+02 2.000000000000000000e+01
8.467999999999999545e+02 6.160000000000000000e+02 2.100000000000000000e+01
8.476000000000000227e+02 6.160000000000000000e+02 2.000000000000000000e+01
8.483999999999999773e+02 6.160000000000000000e+02 2.100000000000000000e+01
8.492000000000000455e+02 6.160000000000000000e+02 2.100000000000000000e+01
8.500000000000000000e+02 6.160000000000000000e+02 2.100000000000000000e+01
8.510000000000000000e+02 6.160000000000000000e+02 2.100000000000000000e+01
8.520000000000000000e+02 6.162000000000000455e+02 2.000000000000000000e+01
8.530000000000000000e+02 6.163999999999999773e+02 2.000000000000000000e+01
8.540000000000000000e+02 6.166000000000000227e+02 2.000000000000000000e+01
8.550000000000000000e+02 6.170000000000000000e+02 2.000000000000000000e+01
8.560000000000000000e+02 6.173999999999999773e+02 2.000000000000000000e+01
8.570000000000000000e+02 6.176000000000000227e+02 2.000000000000000000e+01
8.577999999999999545e+02 6.180000000000000000e+02 2.000000000000000000e+01
8.586000000000000227e+02 6.183999999999999773e+02 2.000000000000000000e+01
8.593999999999999773e+02 6.186000000000000227e+02 1.900000000000000000e+01
8.600000000000000000e+02 6.190000000000000000e+02 1.900000000000000000e+01
8.606000000000000227e+02 6.193999999999999773e+02 1.900000000000000000e+01
8.613999999999999773e+02 6.196000000000000227e+02 1.900000000000000000e+01
8.620000000000000000e+02 6.200000000000000000e+02 1.900000000000000000e+01
8.622500000000000000e+02 6.202500000000000000e+02 1.900000000000000000e+01
