6.246000000000000227e+02 2.766000000000000227e+02 1.300000000000000000e+01
6.253999999999999773e+02 2.763999999999999773e+02 1.300000000000000000e+01
6.262000000000000455e+02 2.761999999999999886e+02 1.300000000000000000e+01
6.270000000000000000e+02 2.758000000000000114e+02 1.300000000000000000e+01
6.280000000000000000e+02 2.756000000000000227e+02 1.300000000000000000e+01
6.290000000000000000e+02 2.753999999999999773e+02 1.300000000000000000e+01
6.300000000000000000e+02 2.751999999999999886e+02 1.300000000000000000e+01
6.310000000000000000e+02 2.750000000000000000e+02 1.300000000000000000e+01
6.320000000000000000e+02 2.750000000000000000e+02 1.300000000000000000e+01
6.327999999999999545e+02 2.751999999999999886e+02 1.300000000000000000e+01
6.336000000000000227e+02 2.753999999999999773e+02 1.300000000000000000e+01
6.343999999999999773e+02 2.756000000000000227e+02 1.300000000000000000e+01
6.350000000000000000e+02 2.760000000000000000e+02 1.300000000000000000e+01
6.356000000000000227e+02 2.763999999999999773e+02 1.300000000000000000e+01
6.362000000000000455e+02 2.768000000000000114e+02 1.300000000000000000e+01
6.367999999999999545e+02 2.771999999999999886e+02 1.300000000000000000e+01
6.373999999999999773e+02 2.778000000000000114e+02 1.300000000000000000e+01
6.380000000000000000e+02 2.781999999999999886e+02 1.300000000000000000e+01
6.386000000000000227e+02 2.788000000000000114e+02 1.400000000000000000e+01
6.393999999999999773e+02 2.793999999999999773e+02 1.400000000000000000e+01
6.402000000000000455e+02 2.801999999999999886e+02 1.400000000000000000e+01
6.407999999999999545e+02 2.810000000000000000e+02 1.400000000000000000e+01
6.416000000000000227e+02 2.818000000000000114e+02 1.400000000000000000e+01
6.422000000000000455e+02 2.826000000000000227e+02 1.400000000000000000e+01
6.427999999999999545e+02 2.831999999999999886e+02 1.400000000000000000e+01
6.433999999999999773e+02 2.838000000000000114e+02 1.400000000000000000e+01
6.442000000000000455e+02 2.843999999999999773e+02 1.400000000000000000e+01
6.450000000000000000e+02 2.850000000000000000e+02 1.400000000000000000e+01
6.457999999999999545e+02 2.856000000000000227e+02 1.400000000000000000e+01
6.466000000000000227e+02 2.861999999999999886e+02 1.400000000000000000e+01
6.473999999999999773e+02 2.866000000000000227e+02 1.400000000000000000e+01
6.480000000000000000e+02 2.870000000000000000e+02 1.400000000000000000e+01
6.486000000000000227e+02 2.873999999999999773e+02 1.400000000000000000e+01
6.493999999999999773e+02 2.876000000000000227e+02 1.400000000000000000e+01
6.500000000000000000e+02 2.880000000000000000e+02 1.400000000000000000e+01
6.506000000000000227e+02 2.883999999999999773e+02 1.500000000000000000e+01
6.513999999999999773e+02 2.886000000000000227e+02 1.500000000000000000e+01
6.522000000000000455e+02 2.888000000000000114e+02 1.500000000000000000e+01
6.527999999999999545e+02 2.891999999999999886e+02 1.500000000000000000e+01
6.536000000000000227e+02 2.893999999999999773e+02 1.500000000000000000e+01
6.543999999999999773e+02 2.896000000000000227e+02 1.500000000000000000e+01
6.552000000000000455e+02 2.900000000000000000e+02 1.500000000000000000e+01
6.560000000000000000e+02 2.903999999999999773e+02 1.500000000000000000e+01
6.570000000000000000e+02 2.906000000000000227e+02 1.500000000000000000e+01
6.577999999999999545e+02 2.910000000000000000e+02 1.500000000000000000e+01
6.586000000000000227e+02 2.913999999999999773e+02 1.500000000000000000e+01
6.593999999999999773e+02 2.916000000000000227e+02 1.500000000000000000e+01
6.602000000000000455e+02 2.920000000000000000e+02 1.500000000000000000e+01
6.610000000000000000e+02 2.923999999999999773e+02 1.500000000000000000e+01
6.620000000000000000e+02 2.928000000000000114e+02 1.500000000000000000e+01
6.630000000000000000e+02 2.931999999999999886e+02 1.500000000000000000e+01
6.640000000000000000e+02 2.938000000000000114e+02 1.500000000000000000e+01
6.650000000000000000e+02 2.941999999999999886e+02 1.500000000000000000e+01
6.657999999999999545e+02 2.948000000000000114e+02 1.500000000000000000e+01
6.666000000000000227e+02 2.951999999999999886e+02 1.500000000000000000e+01
6.673999999999999773e+02 2.956000000000000227e+02 1.500000000000000000e+01
6.680000000000000000e+02 2.960000000000000000e+02 1.500000000000000000e+01
6.686000000000000227e+02 2.963999999999999773e+02 1.500000000000000000e+01
6.693999999999999773e+02 2.968000000000000114e+02 1.500000000000000000e+01
6.702000000000000455e+02 2.973999999999999773e+02 1.500000000000000000e+01
6.710000000000000000e+02 2.980000000000000000e+02 1.500000000000000000e+01
6.717999999999999545e+02 2.986000000000000227e+02 1.500000000000000000e+01
6.726000000000000227e+02 2.991999999999999886e+02 1.500000000000000000e+01
6.732000000000000455e+02 2.998000000000000114e+02 1.500000000000000000e+01
6.737999999999999545e+02 3.001999999999999886e+02 1.500000000000000000e+01
6.743999999999999773e+02 3.008000000000000114e+02 1.500000000000000000e+01
6.750000000000000000e+02 3.011999999999999886e+02 1.500000000000000000e+01
6.756000000000000227e+02 3.018000000000000114e+02 1.600000000000000000e+01
6.763999999999999773e+02 3.021999999999999886e+02 1.500000000000000000e+01
6.770000000000000000e+02 3.028000000000000114e+02 1.500000000000000000e+01
6.776000000000000227e+02 3.031999999999999886e+02 1.500000000000000000e+01
6.782000000000000455e+02 3.038000000000000114e+02 1.500000000000000000e+01
6.787999999999999545e+02 3.041999999999999886e+02 1.500000000000000000e+01
6.793999999999999773e+02 3.048000000000000114e+02 1.500000000000000000e+01
6.802000000000000455e+02 3.053999999999999773e+02 1.500000000000000000e+01
6.810000000000000000e+02 3.060000000000000000e+02 1.500000000000000000e+01
6.817999999999999545e+02 3.066000000000000227e+02 1.500000000000000000e+01
6.826000000000000227e+02 3.071999999999999886e+02 1.500000000000000000e+01
6.833999999999999773e+02 3.078000000000000114e+02 1.500000000000000000e+01
6.842000000000000455e+02 3.081999999999999886e+02 1.500000000000000000e+01
6.847999999999999545e+02 3.088000000000000114e+02 1.500000000000000000e+01
6.856000000000000227e+02 3.091999999999999886e+02 1.500000000000000000e+01
6.863999999999999773e+02 3.096000000000000227e+02 1.500000000000000000e+01
6.870000000000000000e+02 3.100000000000000000e+02 1.500000000000000000e+01
6.876000000000000227e+02 3.103999999999999773e+02 1.500000000000000000e+01
6.883999999999999773e+02 3.106000000000000227e+02 1.500000000000000000e+01
6.892000000000000455e+02 3.108000000000000114e+02 1.500000000000000000e+01
6.897999999999999545e+02 3.111999999999999886e+02 1.500000000000000000e+01
6.906000000000000227e+02 3.113999999999999773e+02 1.500000000000000000e+01
6.913999999999999773e+02 3.116000000000000227e+02 1.500000000000000000e+01
6.922000000000000455e+02 3.118000000000000114e+02 1.500000000000000000e+01
6.930000000000000000e+02 3.120000000000000000e+02 1.500000000000000000e+01
6.940000000000000000e+02 3.120000000000000000e+02 1.500000000000000000e+01
6.950000000000000000e+02 3.120000000000000000e+02 1.500000000000000000e+01
6.960000000000000000e+02 3.120000000000000000e+02 1.500000000000000000e+01
6.965000000000000000e+02 3.120000000000000000e+02 1.500000000000000000e+01
