1.009000000000000000e+03 1.171799999999999955e+03 2.700000000000000000e+01
1.008600000000000023e+03 1.172599999999999909e+03 2.700000000000000000e+01
1.008399999999999977e+03 1.173400000000000091e+03 2.700000000000000000e+01
1.008200000000000045e+03 1.174200000000000045e+03 2.700000000000000000e+01
1.007799999999999955e+03 1.174799999999999955e+03 2.700000000000000000e+01
1.007600000000000023e+03 1.175599999999999909e+03 2.700000000000000000e+01
1.007399999999999977e+03 1.176400000000000091e+03 2.700000000000000000e+01
1.007200000000000045e+03 1.177200000000000045e+03 2.700000000000000000e+01
1.007000000000000000e+03 1.178000000000000000e+03 2.700000000000000000e+01
1.007000000000000000e+03 1.179000000000000000e+03 2.700000000000000000e+01
1.007200000000000045e+03 1.179799999999999955e+03 2.700000000000000000e+01
1.007399999999999977e+03 1.180599999999999909e+03 2.700000000000000000e+01
1.007600000000000023e+03 1.181400000000000091e+03 2.700000000000000000e+01
1.007750000000000000e+03 1.181750000000000000e+03 2.700000000000000000e+01
