6.717999999999999545e+02 5.482000000000000455e+02 1.500000000000000000e+01
6.722000000000000455e+02 5.473999999999999773e+02 1.500000000000000000e+01
6.726000000000000227e+02 5.466000000000000227e+02 1.500000000000000000e+01
6.730000000000000000e+02 5.460000000000000000e+02 1.500000000000000000e+01
6.733999999999999773e+02 5.453999999999999773e+02 1.400000000000000000e+01
6.737999999999999545e+02 5.447999999999999545e+02 1.400000000000000000e+01
6.742000000000000455e+02 5.442000000000000455e+02 1.400000000000000000e+01
6.747999999999999545e+02 5.436000000000000227e+02 1.400000000000000000e+01
6.753999999999999773e+02 5.427999999999999545e+02 1.400000000000000000e+01
6.762000000000000455e+02 5.422000000000000455e+02 1.400000000000000000e+01
6.767999999999999545e+02 5.413999999999999773e+02 1.400000000000000000e+01
6.776000000000000227e+02 5.407999999999999545e+02 1.400000000000000000e+01
6.783999999999999773e+02 5.403999999999999773e+02 1.300000000000000000e+01
6.792000000000000455e+02 5.402000000000000455e+02 1.300000000000000000e+01
6.800000000000000000e+02 5.400000000000000000e+02 1.300000000000000000e+01
6.810000000000000000e+02 5.400000000000000000e+02 1.300000000000000000e+01
6.820000000000000000e+02 5.400000000000000000e+02 1.300000000000000000e+01
6.830000000000000000e+02 5.400000000000000000e+02 1.300000000000000000e+01
6.835000000000000000e+02 5.400000000000000000e+02 1.400000000000000000e+01
