2.673999999999999773e+02 1.271000000000000000e+03 2.900000000000000000e+01
2.671999999999999886e+02 1.272000000000000000e+03 2.900000000000000000e+01
2.668000000000000114e+02 1.273000000000000000e+03 2.900000000000000000e+01
2.666000000000000227e+02 1.274000000000000000e+03 2.900000000000000000e+01
2.663999999999999773e+02 1.275000000000000000e+03 2.900000000000000000e+01
2.660000000000000000e+02 1.275799999999999955e+03 2.900000000000000000e+01
2.656000000000000227e+02 1.276599999999999909e+03 2.900000000000000000e+01
2.651999999999999886e+02 1.277200000000000045e+03 2.900000000000000000e+01
2.648000000000000114e+02 1.277799999999999955e+03 2.900000000000000000e+01
2.643999999999999773e+02 1.278400000000000091e+03 2.900000000000000000e+01
2.642500000000000000e+02 1.278750000000000000e+03 2.900000000000000000e+01
