4.560000000000000142e+01 1.925999999999999943e+02 1.600000000000000000e+01
4.500000000000000000e+01 1.930000000000000000e+02 1.600000000000000000e+01
4.439999999999999858e+01 1.934000000000000057e+02 1.500000000000000000e+01
4.360000000000000142e+01 1.938000000000000114e+02 1.500000000000000000e+01
4.279999999999999716e+01 1.941999999999999886e+02 1.500000000000000000e+01
4.220000000000000284e+01 1.948000000000000114e+02 1.500000000000000000e+01
4.139999999999999858e+01 1.951999999999999886e+02 1.500000000000000000e+01
4.079999999999999716e+01 1.958000000000000114e+02 1.500000000000000000e+01
4.039999999999999858e+01 1.964000000000000057e+02 1.400000000000000000e+01
4.000000000000000000e+01 1.970000000000000000e+02 1.400000000000000000e+01
3.960000000000000142e+01 1.975999999999999943e+02 1.400000000000000000e+01
3.950000000000000000e+01 1.980000000000000000e+02 1.400000000000000000e+01
