6.110000000000000000e+02 3.100000000000000000e+02 8.000000000000000000e+00
6.106000000000000227e+02 3.106000000000000227e+02 8.000000000000000000e+00
6.103999999999999773e+02 3.113999999999999773e+02 8.000000000000000000e+00
6.102000000000000455e+02 3.121999999999999886e+02 8.000000000000000000e+00
6.097999999999999545e+02 3.128000000000000114e+02 8.000000000000000000e+00
6.096000000000000227e+02 3.136000000000000227e+02 8.000000000000000000e+00
6.093999999999999773e+02 3.143999999999999773e+02 8.000000000000000000e+00
6.092000000000000455e+02 3.151999999999999886e+02 8.000000000000000000e+00
6.087999999999999545e+02 3.158000000000000114e+02 8.000000000000000000e+00
6.086000000000000227e+02 3.166000000000000227e+02 8.000000000000000000e+00
6.083999999999999773e+02 3.173999999999999773e+02 8.000000000000000000e+00
6.082000000000000455e+02 3.181999999999999886e+02 8.000000000000000000e+00
6.077999999999999545e+02 3.188000000000000114e+02 8.000000000000000000e+00
6.076000000000000227e+02 3.196000000000000227e+02 7.000000000000000000e+00
6.073999999999999773e+02 3.203999999999999773e+02 7.000000000000000000e+00
6.070000000000000000e+02 3.211999999999999886e+02 7.000000000000000000e+00
6.066000000000000227e+02 3.220000000000000000e+02 7.000000000000000000e+00
6.063999999999999773e+02 3.230000000000000000e+02 7.000000000000000000e+00
6.060000000000000000e+02 3.238000000000000114e+02 7.000000000000000000e+00
6.056000000000000227e+02 3.246000000000000227e+02 7.000000000000000000e+00
6.053999999999999773e+02 3.253999999999999773e+02 6.000000000000000000e+00
6.050000000000000000e+02 3.260000000000000000e+02 6.000000000000000000e+00
6.046000000000000227e+02 3.266000000000000227e+02 6.000000000000000000e+00
6.043999999999999773e+02 3.273999999999999773e+02 6.000000000000000000e+00
6.040000000000000000e+02 3.280000000000000000e+02 6.000000000000000000e+00
6.036000000000000227e+02 3.286000000000000227e+02 6.000000000000000000e+00
6.035000000000000000e+02 3.290000000000000000e+02 6.000000000000000000e+00
