7.783999999999999773e+02 1.533599999999999909e+03 2.000000000000000000e+01
7.783999999999999773e+02 1.534799999999999955e+03 2.000000000000000000e+01
7.783999999999999773e+02 1.535799999999999955e+03 2.000000000000000000e+01
7.782000000000000455e+02 1.536799999999999955e+03 2.100000000000000000e+01
7.777999999999999545e+02 1.537200000000000045e+03 2.100000000000000000e+01
7.776000000000000227e+02 1.537799999999999955e+03 2.100000000000000000e+01
7.773999999999999773e+02 1.538400000000000091e+03 2.100000000000000000e+01
7.770000000000000000e+02 1.539000000000000000e+03 2.100000000000000000e+01
7.766000000000000227e+02 1.539599999999999909e+03 2.100000000000000000e+01
7.763999999999999773e+02 1.540400000000000091e+03 2.100000000000000000e+01
7.762000000000000455e+02 1.541200000000000045e+03 2.100000000000000000e+01
7.757999999999999545e+02 1.542000000000000000e+03 2.100000000000000000e+01
7.756000000000000227e+02 1.543000000000000000e+03 2.100000000000000000e+01
7.753999999999999773e+02 1.544000000000000000e+03 2.100000000000000000e+01
7.752000000000000455e+02 1.545000000000000000e+03 2.100000000000000000e+01
7.750000000000000000e+02 1.546000000000000000e+03 2.100000000000000000e+01
7.750000000000000000e+02 1.547000000000000000e+03 2.100000000000000000e+01
7.750000000000000000e+02 1.548000000000000000e+03 2.100000000000000000e+01
7.750000000000000000e+02 1.549000000000000000e+03 2.100000000000000000e+01
7.750000000000000000e+02 1.550000000000000000e+03 2.100000000000000000e+01
7.752000000000000455e+02 1.551000000000000000e+03 2.100000000000000000e+01
7.753999999999999773e+02 1.552000000000000000e+03 2.100000000000000000e+01
7.756000000000000227e+02 1.553000000000000000e+03 2.100000000000000000e+01
7.757999999999999545e+02 1.554000000000000000e+03 2.100000000000000000e+01
7.760000000000000000e+02 1.555000000000000000e+03 2.100000000000000000e+01
7.762000000000000455e+02 1.555799999999999955e+03 2.100000000000000000e+01
7.763999999999999773e+02 1.556599999999999909e+03 2.100000000000000000e+01
7.766000000000000227e+02 1.557400000000000091e+03 2.100000000000000000e+01
7.767999999999999545e+02 1.558200000000000045e+03 2.100000000000000000e+01
7.770000000000000000e+02 1.559000000000000000e+03 2.100000000000000000e+01
7.770000000000000000e+02 1.560000000000000000e+03 2.100000000000000000e+01
7.772000000000000455e+02 1.560799999999999955e+03 2.100000000000000000e+01
7.773999999999999773e+02 1.561599999999999909e+03 2.100000000000000000e+01
7.776000000000000227e+02 1.562400000000000091e+03 2.100000000000000000e+01
7.777999999999999545e+02 1.563200000000000045e+03 2.100000000000000000e+01
7.780000000000000000e+02 1.564000000000000000e+03 2.100000000000000000e+01
7.780000000000000000e+02 1.565000000000000000e+03 2.100000000000000000e+01
7.780000000000000000e+02 1.566000000000000000e+03 2.100000000000000000e+01
7.780000000000000000e+02 1.567000000000000000e+03 2.100000000000000000e+01
7.780000000000000000e+02 1.568000000000000000e+03 2.100000000000000000e+01
7.780000000000000000e+02 1.569000000000000000e+03 2.100000000000000000e+01
7.780000000000000000e+02 1.570000000000000000e+03 2.100000000000000000e+01
7.780000000000000000e+02 1.571000000000000000e+03 2.100000000000000000e+01
7.780000000000000000e+02 1.572000000000000000e+03 2.100000000000000000e+01
7.780000000000000000e+02 1.573000000000000000e+03 2.100000000000000000e+01
7.780000000000000000e+02 1.574000000000000000e+03 2.100000000000000000e+01
7.780000000000000000e+02 1.575000000000000000e+03 2.100000000000000000e+01
7.780000000000000000e+02 1.576000000000000000e+03 2.100000000000000000e+01
7.780000000000000000e+02 1.577000000000000000e+03 2.100000000000000000e+01
7.780000000000000000e+02 1.578000000000000000e+03 2.100000000000000000e+01
7.780000000000000000e+02 1.579000000000000000e+03 2.100000000000000000e+01
7.780000000000000000e+02 1.580000000000000000e+03 2.100000000000000000e+01
7.780000000000000000e+02 1.581000000000000000e+03 2.100000000000000000e+01
7.780000000000000000e+02 1.581500000000000000e+03 2.200000000000000000e+01
