1.170000000000000000e+02 8.370000000000000000e+02 2.800000000000000000e+01
1.180000000000000000e+02 8.370000000000000000e+02 2.800000000000000000e+01
1.190000000000000000e+02 8.370000000000000000e+02 2.800000000000000000e+01
1.197999999999999972e+02 8.367999999999999545e+02 2.800000000000000000e+01
1.205999999999999943e+02 8.366000000000000227e+02 2.800000000000000000e+01
1.214000000000000057e+02 8.363999999999999773e+02 2.800000000000000000e+01
1.222000000000000028e+02 8.362000000000000455e+02 2.800000000000000000e+01
1.230000000000000000e+02 8.360000000000000000e+02 2.800000000000000000e+01
1.240000000000000000e+02 8.360000000000000000e+02 2.800000000000000000e+01
1.247999999999999972e+02 8.360000000000000000e+02 2.900000000000000000e+01
1.255999999999999943e+02 8.360000000000000000e+02 2.800000000000000000e+01
1.264000000000000057e+02 8.360000000000000000e+02 2.900000000000000000e+01
1.272000000000000028e+02 8.357999999999999545e+02 2.900000000000000000e+01
1.280000000000000000e+02 8.356000000000000227e+02 2.900000000000000000e+01
1.290000000000000000e+02 8.353999999999999773e+02 2.900000000000000000e+01
1.300000000000000000e+02 8.352000000000000455e+02 2.900000000000000000e+01
1.310000000000000000e+02 8.350000000000000000e+02 2.900000000000000000e+01
1.320000000000000000e+02 8.350000000000000000e+02 2.900000000000000000e+01
1.330000000000000000e+02 8.347999999999999545e+02 2.900000000000000000e+01
1.340000000000000000e+02 8.346000000000000227e+02 2.900000000000000000e+01
1.350000000000000000e+02 8.343999999999999773e+02 2.900000000000000000e+01
1.358000000000000114e+02 8.340000000000000000e+02 2.900000000000000000e+01
1.365999999999999943e+02 8.336000000000000227e+02 2.900000000000000000e+01
1.374000000000000057e+02 8.333999999999999773e+02 2.900000000000000000e+01
1.380000000000000000e+02 8.330000000000000000e+02 2.900000000000000000e+01
1.385999999999999943e+02 8.326000000000000227e+02 2.900000000000000000e+01
1.394000000000000057e+02 8.322000000000000455e+02 2.900000000000000000e+01
1.398000000000000114e+02 8.320000000000000000e+02 2.800000000000000000e+01
1.400000000000000000e+02 8.317500000000000000e+02 2.800000000000000000e+01
