6.932000000000000455e+02 1.084799999999999955e+03 2.800000000000000000e+01
6.927999999999999545e+02 1.085599999999999909e+03 2.800000000000000000e+01
6.923999999999999773e+02 1.086400000000000091e+03 2.800000000000000000e+01
6.922000000000000455e+02 1.087200000000000045e+03 2.800000000000000000e+01
6.920000000000000000e+02 1.088000000000000000e+03 2.800000000000000000e+01
6.917999999999999545e+02 1.088799999999999955e+03 2.800000000000000000e+01
6.916000000000000227e+02 1.089599999999999909e+03 2.800000000000000000e+01
6.913999999999999773e+02 1.090400000000000091e+03 2.800000000000000000e+01
6.912000000000000455e+02 1.091200000000000045e+03 2.800000000000000000e+01
6.910000000000000000e+02 1.092000000000000000e+03 2.800000000000000000e+01
6.910000000000000000e+02 1.093000000000000000e+03 2.800000000000000000e+01
6.910000000000000000e+02 1.094000000000000000e+03 2.800000000000000000e+01
6.910000000000000000e+02 1.095000000000000000e+03 2.800000000000000000e+01
6.910000000000000000e+02 1.095500000000000000e+03 2.800000000000000000e+01
