1.015200000000000045e+03 1.139000000000000000e+03 2.700000000000000000e+01
1.015399999999999977e+03 1.139599999999999909e+03 2.700000000000000000e+01
1.015600000000000023e+03 1.140400000000000091e+03 2.700000000000000000e+01
1.015799999999999955e+03 1.141200000000000045e+03 2.700000000000000000e+01
1.016000000000000000e+03 1.142000000000000000e+03 2.700000000000000000e+01
1.016000000000000000e+03 1.143000000000000000e+03 2.700000000000000000e+01
1.016000000000000000e+03 1.144000000000000000e+03 2.600000000000000000e+01
1.016000000000000000e+03 1.145000000000000000e+03 2.600000000000000000e+01
1.016000000000000000e+03 1.146000000000000000e+03 2.600000000000000000e+01
1.015799999999999955e+03 1.146799999999999955e+03 2.600000000000000000e+01
1.015600000000000023e+03 1.147599999999999909e+03 2.600000000000000000e+01
1.015399999999999977e+03 1.148400000000000091e+03 2.600000000000000000e+01
1.015200000000000045e+03 1.149200000000000045e+03 2.600000000000000000e+01
1.014799999999999955e+03 1.149799999999999955e+03 2.600000000000000000e+01
1.014600000000000023e+03 1.150599999999999909e+03 2.600000000000000000e+01
1.014399999999999977e+03 1.151400000000000091e+03 2.600000000000000000e+01
1.014200000000000045e+03 1.152200000000000045e+03 2.600000000000000000e+01
1.013799999999999955e+03 1.152799999999999955e+03 2.600000000000000000e+01
1.013600000000000023e+03 1.153599999999999909e+03 2.600000000000000000e+01
1.013399999999999977e+03 1.154400000000000091e+03 2.600000000000000000e+01
1.013200000000000045e+03 1.155200000000000045e+03 2.600000000000000000e+01
1.013000000000000000e+03 1.156000000000000000e+03 2.600000000000000000e+01
1.013000000000000000e+03 1.157000000000000000e+03 2.600000000000000000e+01
1.013000000000000000e+03 1.158000000000000000e+03 2.600000000000000000e+01
1.012799999999999955e+03 1.158799999999999955e+03 2.600000000000000000e+01
1.012600000000000023e+03 1.159599999999999909e+03 2.600000000000000000e+01
1.012399999999999977e+03 1.160400000000000091e+03 2.600000000000000000e+01
1.012200000000000045e+03 1.161200000000000045e+03 2.600000000000000000e+01
1.012000000000000000e+03 1.161799999999999955e+03 2.600000000000000000e+01
1.012000000000000000e+03 1.162599999999999909e+03 2.700000000000000000e+01
1.012000000000000000e+03 1.163400000000000091e+03 2.700000000000000000e+01
1.011799999999999955e+03 1.164000000000000000e+03 2.700000000000000000e+01
1.011600000000000023e+03 1.164599999999999909e+03 2.700000000000000000e+01
1.011399999999999977e+03 1.165400000000000091e+03 2.700000000000000000e+01
1.011200000000000045e+03 1.166200000000000045e+03 2.700000000000000000e+01
1.010799999999999955e+03 1.166799999999999955e+03 2.700000000000000000e+01
1.010600000000000023e+03 1.167599999999999909e+03 2.700000000000000000e+01
1.010500000000000000e+03 1.168000000000000000e+03 2.700000000000000000e+01
