7.122000000000000455e+02 7.076000000000000227e+02 2.000000000000000000e+01
7.123999999999999773e+02 7.070000000000000000e+02 2.000000000000000000e+01
7.127999999999999545e+02 7.063999999999999773e+02 2.000000000000000000e+01
7.132000000000000455e+02 7.057999999999999545e+02 2.000000000000000000e+01
7.137999999999999545e+02 7.052000000000000455e+02 2.000000000000000000e+01
7.143999999999999773e+02 7.043999999999999773e+02 2.000000000000000000e+01
7.152000000000000455e+02 7.036000000000000227e+02 2.000000000000000000e+01
7.160000000000000000e+02 7.030000000000000000e+02 2.000000000000000000e+01
7.167999999999999545e+02 7.023999999999999773e+02 2.000000000000000000e+01
7.176000000000000227e+02 7.017999999999999545e+02 2.000000000000000000e+01
7.183999999999999773e+02 7.013999999999999773e+02 2.000000000000000000e+01
7.190000000000000000e+02 7.010000000000000000e+02 2.000000000000000000e+01
7.196000000000000227e+02 7.006000000000000227e+02 2.000000000000000000e+01
7.203999999999999773e+02 7.003999999999999773e+02 2.000000000000000000e+01
7.210000000000000000e+02 7.000000000000000000e+02 2.000000000000000000e+01
7.216000000000000227e+02 6.996000000000000227e+02 2.100000000000000000e+01
7.223999999999999773e+02 6.993999999999999773e+02 2.100000000000000000e+01
7.230000000000000000e+02 6.990000000000000000e+02 2.100000000000000000e+01
7.236000000000000227e+02 6.986000000000000227e+02 2.100000000000000000e+01
7.243999999999999773e+02 6.983999999999999773e+02 2.100000000000000000e+01
7.250000000000000000e+02 6.980000000000000000e+02 2.100000000000000000e+01
7.256000000000000227e+02 6.976000000000000227e+02 2.100000000000000000e+01
7.263999999999999773e+02 6.973999999999999773e+02 2.100000000000000000e+01
7.270000000000000000e+02 6.970000000000000000e+02 2.100000000000000000e+01
7.276000000000000227e+02 6.966000000000000227e+02 2.100000000000000000e+01
7.283999999999999773e+02 6.963999999999999773e+02 2.100000000000000000e+01
7.292000000000000455e+02 6.962000000000000455e+02 2.100000000000000000e+01
7.300000000000000000e+02 6.960000000000000000e+02 2.100000000000000000e+01
7.307999999999999545e+02 6.957999999999999545e+02 2.100000000000000000e+01
7.316000000000000227e+02 6.956000000000000227e+02 2.100000000000000000e+01
7.323999999999999773e+02 6.956000000000000227e+02 2.100000000000000000e+01
7.332000000000000455e+02 6.956000000000000227e+02 2.100000000000000000e+01
7.340000000000000000e+02 6.956000000000000227e+02 2.100000000000000000e+01
7.350000000000000000e+02 6.957999999999999545e+02 2.100000000000000000e+01
7.360000000000000000e+02 6.960000000000000000e+02 2.100000000000000000e+01
7.367999999999999545e+02 6.962000000000000455e+02 2.100000000000000000e+01
7.376000000000000227e+02 6.963999999999999773e+02 2.100000000000000000e+01
7.383999999999999773e+02 6.966000000000000227e+02 2.100000000000000000e+01
7.392000000000000455e+02 6.967999999999999545e+02 2.100000000000000000e+01
7.400000000000000000e+02 6.970000000000000000e+02 2.000000000000000000e+01
7.410000000000000000e+02 6.970000000000000000e+02 2.000000000000000000e+01
7.420000000000000000e+02 6.970000000000000000e+02 2.000000000000000000e+01
7.430000000000000000e+02 6.970000000000000000e+02 2.000000000000000000e+01
7.437999999999999545e+02 6.967999999999999545e+02 2.000000000000000000e+01
7.446000000000000227e+02 6.966000000000000227e+02 2.000000000000000000e+01
7.453999999999999773e+02 6.963999999999999773e+02 2.000000000000000000e+01
7.462000000000000455e+02 6.962000000000000455e+02 2.000000000000000000e+01
7.470000000000000000e+02 6.957999999999999545e+02 2.000000000000000000e+01
7.480000000000000000e+02 6.956000000000000227e+02 2.000000000000000000e+01
7.490000000000000000e+02 6.953999999999999773e+02 2.000000000000000000e+01
7.495000000000000000e+02 6.952500000000000000e+02 2.000000000000000000e+01
