4.930000000000000000e+02 9.830000000000000000e+02 2.100000000000000000e+01
4.931999999999999886e+02 9.822000000000000455e+02 2.100000000000000000e+01
4.933999999999999773e+02 9.813999999999999773e+02 2.100000000000000000e+01
4.936000000000000227e+02 9.806000000000000227e+02 2.100000000000000000e+01
4.938000000000000114e+02 9.797999999999999545e+02 2.100000000000000000e+01
4.941999999999999886e+02 9.790000000000000000e+02 2.100000000000000000e+01
4.943999999999999773e+02 9.780000000000000000e+02 2.100000000000000000e+01
4.948000000000000114e+02 9.770000000000000000e+02 2.100000000000000000e+01
4.951999999999999886e+02 9.760000000000000000e+02 2.100000000000000000e+01
4.958000000000000114e+02 9.752000000000000455e+02 2.100000000000000000e+01
4.961999999999999886e+02 9.743999999999999773e+02 2.100000000000000000e+01
4.966000000000000227e+02 9.736000000000000227e+02 2.100000000000000000e+01
4.970000000000000000e+02 9.730000000000000000e+02 2.100000000000000000e+01
4.976000000000000227e+02 9.726000000000000227e+02 2.100000000000000000e+01
4.980000000000000000e+02 9.720000000000000000e+02 2.100000000000000000e+01
4.986000000000000227e+02 9.716000000000000227e+02 2.100000000000000000e+01
4.993999999999999773e+02 9.713999999999999773e+02 2.100000000000000000e+01
5.001999999999999886e+02 9.712000000000000455e+02 2.200000000000000000e+01
5.010000000000000000e+02 9.710000000000000000e+02 2.200000000000000000e+01
5.020000000000000000e+02 9.710000000000000000e+02 2.200000000000000000e+01
5.030000000000000000e+02 9.710000000000000000e+02 2.200000000000000000e+01
5.038000000000000114e+02 9.712000000000000455e+02 2.200000000000000000e+01
5.046000000000000227e+02 9.713999999999999773e+02 2.200000000000000000e+01
5.053999999999999773e+02 9.716000000000000227e+02 2.200000000000000000e+01
5.061999999999999886e+02 9.720000000000000000e+02 2.200000000000000000e+01
5.065000000000000000e+02 9.722500000000000000e+02 2.300000000000000000e+01
