3.923999999999999773e+02 1.152599999999999909e+03 2.900000000000000000e+01
3.926000000000000227e+02 1.153400000000000091e+03 2.900000000000000000e+01
3.930000000000000000e+02 1.154200000000000045e+03 2.900000000000000000e+01
3.933999999999999773e+02 1.155000000000000000e+03 2.900000000000000000e+01
3.936000000000000227e+02 1.156000000000000000e+03 2.900000000000000000e+01
3.940000000000000000e+02 1.157000000000000000e+03 2.900000000000000000e+01
3.946000000000000227e+02 1.158000000000000000e+03 2.900000000000000000e+01
3.950000000000000000e+02 1.159000000000000000e+03 2.900000000000000000e+01
3.956000000000000227e+02 1.159799999999999955e+03 2.900000000000000000e+01
3.961999999999999886e+02 1.160599999999999909e+03 2.900000000000000000e+01
3.968000000000000114e+02 1.161400000000000091e+03 2.900000000000000000e+01
3.971999999999999886e+02 1.162200000000000045e+03 2.900000000000000000e+01
3.978000000000000114e+02 1.162799999999999955e+03 2.900000000000000000e+01
3.981999999999999886e+02 1.163599999999999909e+03 2.900000000000000000e+01
3.988000000000000114e+02 1.164400000000000091e+03 2.900000000000000000e+01
3.993999999999999773e+02 1.165200000000000045e+03 2.900000000000000000e+01
4.001999999999999886e+02 1.166000000000000000e+03 2.900000000000000000e+01
4.010000000000000000e+02 1.166799999999999955e+03 2.900000000000000000e+01
4.020000000000000000e+02 1.167599999999999909e+03 2.900000000000000000e+01
4.028000000000000114e+02 1.168200000000000045e+03 2.900000000000000000e+01
4.036000000000000227e+02 1.168599999999999909e+03 2.800000000000000000e+01
4.041999999999999886e+02 1.169000000000000000e+03 2.800000000000000000e+01
4.048000000000000114e+02 1.169400000000000091e+03 2.800000000000000000e+01
4.053999999999999773e+02 1.169599999999999909e+03 2.800000000000000000e+01
4.060000000000000000e+02 1.170000000000000000e+03 2.700000000000000000e+01
4.066000000000000227e+02 1.170400000000000091e+03 2.700000000000000000e+01
4.073999999999999773e+02 1.170799999999999955e+03 2.700000000000000000e+01
4.077500000000000000e+02 1.171000000000000000e+03 2.700000000000000000e+01
