4.940000000000000000e+02 4.010000000000000000e+02 5.000000000000000000e+00
4.940000000000000000e+02 4.020000000000000000e+02 5.000000000000000000e+00
4.940000000000000000e+02 4.030000000000000000e+02 5.000000000000000000e+00
4.938000000000000114e+02 4.038000000000000114e+02 5.000000000000000000e+00
4.936000000000000227e+02 4.046000000000000227e+02 5.000000000000000000e+00
4.931999999999999886e+02 4.051999999999999886e+02 5.000000000000000000e+00
4.928000000000000114e+02 4.058000000000000114e+02 5.000000000000000000e+00
4.921999999999999886e+02 4.061999999999999886e+02 5.000000000000000000e+00
4.918000000000000114e+02 4.068000000000000114e+02 5.000000000000000000e+00
4.911999999999999886e+02 4.073999999999999773e+02 5.000000000000000000e+00
4.908000000000000114e+02 4.081999999999999886e+02 5.000000000000000000e+00
4.901999999999999886e+02 4.088000000000000114e+02 5.000000000000000000e+00
4.898000000000000114e+02 4.096000000000000227e+02 5.000000000000000000e+00
4.893999999999999773e+02 4.103999999999999773e+02 5.000000000000000000e+00
4.890000000000000000e+02 4.110000000000000000e+02 5.000000000000000000e+00
4.886000000000000227e+02 4.116000000000000227e+02 5.000000000000000000e+00
4.883999999999999773e+02 4.123999999999999773e+02 5.000000000000000000e+00
4.880000000000000000e+02 4.130000000000000000e+02 5.000000000000000000e+00
4.876000000000000227e+02 4.136000000000000227e+02 5.000000000000000000e+00
4.873999999999999773e+02 4.143999999999999773e+02 5.000000000000000000e+00
4.870000000000000000e+02 4.150000000000000000e+02 5.000000000000000000e+00
4.866000000000000227e+02 4.156000000000000227e+02 5.000000000000000000e+00
4.863999999999999773e+02 4.163999999999999773e+02 5.000000000000000000e+00
4.860000000000000000e+02 4.170000000000000000e+02 5.000000000000000000e+00
4.856000000000000227e+02 4.176000000000000227e+02 5.000000000000000000e+00
4.851999999999999886e+02 4.183999999999999773e+02 5.000000000000000000e+00
4.848000000000000114e+02 4.191999999999999886e+02 5.000000000000000000e+00
4.841999999999999886e+02 4.198000000000000114e+02 5.000000000000000000e+00
4.838000000000000114e+02 4.206000000000000227e+02 5.000000000000000000e+00
4.833999999999999773e+02 4.213999999999999773e+02 5.000000000000000000e+00
4.830000000000000000e+02 4.220000000000000000e+02 5.000000000000000000e+00
4.826000000000000227e+02 4.226000000000000227e+02 5.000000000000000000e+00
4.821999999999999886e+02 4.233999999999999773e+02 5.000000000000000000e+00
4.818000000000000114e+02 4.241999999999999886e+02 5.000000000000000000e+00
4.811999999999999886e+02 4.248000000000000114e+02 5.000000000000000000e+00
4.808000000000000114e+02 4.256000000000000227e+02 5.000000000000000000e+00
4.803999999999999773e+02 4.263999999999999773e+02 5.000000000000000000e+00
4.800000000000000000e+02 4.271999999999999886e+02 5.000000000000000000e+00
4.796000000000000227e+02 4.280000000000000000e+02 5.000000000000000000e+00
4.791999999999999886e+02 4.290000000000000000e+02 5.000000000000000000e+00
4.788000000000000114e+02 4.300000000000000000e+02 5.000000000000000000e+00
4.781999999999999886e+02 4.310000000000000000e+02 5.000000000000000000e+00
4.778000000000000114e+02 4.320000000000000000e+02 5.000000000000000000e+00
4.771999999999999886e+02 4.328000000000000114e+02 5.000000000000000000e+00
4.768000000000000114e+02 4.336000000000000227e+02 5.000000000000000000e+00
4.761999999999999886e+02 4.341999999999999886e+02 5.000000000000000000e+00
4.758000000000000114e+02 4.348000000000000114e+02 5.000000000000000000e+00
4.751999999999999886e+02 4.351999999999999886e+02 5.000000000000000000e+00
4.748000000000000114e+02 4.358000000000000114e+02 5.000000000000000000e+00
4.745000000000000000e+02 4.360000000000000000e+02 6.000000000000000000e+00
