7.580000000000000000e+02 1.618000000000000000e+03 2.600000000000000000e+01
7.586000000000000227e+02 1.618400000000000091e+03 2.600000000000000000e+01
7.592000000000000455e+02 1.618799999999999955e+03 2.600000000000000000e+01
7.597999999999999545e+02 1.619200000000000045e+03 2.600000000000000000e+01
7.603999999999999773e+02 1.619799999999999955e+03 2.600000000000000000e+01
7.612000000000000455e+02 1.620200000000000045e+03 2.500000000000000000e+01
7.617999999999999545e+02 1.620799999999999955e+03 2.500000000000000000e+01
7.626000000000000227e+02 1.621200000000000045e+03 2.500000000000000000e+01
7.633999999999999773e+02 1.621599999999999909e+03 2.500000000000000000e+01
7.640000000000000000e+02 1.622000000000000000e+03 2.500000000000000000e+01
7.646000000000000227e+02 1.622400000000000091e+03 2.400000000000000000e+01
7.653999999999999773e+02 1.622599999999999909e+03 2.400000000000000000e+01
7.660000000000000000e+02 1.623000000000000000e+03 2.400000000000000000e+01
7.666000000000000227e+02 1.623400000000000091e+03 2.400000000000000000e+01
7.672000000000000455e+02 1.623599999999999909e+03 2.400000000000000000e+01
7.676000000000000227e+02 1.624000000000000000e+03 2.300000000000000000e+01
7.680000000000000000e+02 1.624400000000000091e+03 2.300000000000000000e+01
7.683999999999999773e+02 1.624799999999999955e+03 2.300000000000000000e+01
7.687999999999999545e+02 1.625200000000000045e+03 2.300000000000000000e+01
7.692000000000000455e+02 1.625799999999999955e+03 2.300000000000000000e+01
7.697999999999999545e+02 1.626200000000000045e+03 2.300000000000000000e+01
7.703999999999999773e+02 1.626599999999999909e+03 2.300000000000000000e+01
7.710000000000000000e+02 1.627000000000000000e+03 2.200000000000000000e+01
7.716000000000000227e+02 1.627400000000000091e+03 2.200000000000000000e+01
7.723999999999999773e+02 1.627599999999999909e+03 2.200000000000000000e+01
7.732000000000000455e+02 1.627799999999999955e+03 2.200000000000000000e+01
7.737999999999999545e+02 1.628200000000000045e+03 2.200000000000000000e+01
7.746000000000000227e+02 1.628400000000000091e+03 2.200000000000000000e+01
7.753999999999999773e+02 1.628599999999999909e+03 2.200000000000000000e+01
7.762000000000000455e+02 1.628799999999999955e+03 2.200000000000000000e+01
7.770000000000000000e+02 1.629000000000000000e+03 2.200000000000000000e+01
7.780000000000000000e+02 1.629000000000000000e+03 2.200000000000000000e+01
7.790000000000000000e+02 1.629000000000000000e+03 2.200000000000000000e+01
7.797999999999999545e+02 1.629000000000000000e+03 2.200000000000000000e+01
7.806000000000000227e+02 1.629000000000000000e+03 2.300000000000000000e+01
7.813999999999999773e+02 1.629000000000000000e+03 2.300000000000000000e+01
7.822000000000000455e+02 1.629000000000000000e+03 2.300000000000000000e+01
7.830000000000000000e+02 1.629000000000000000e+03 2.300000000000000000e+01
7.840000000000000000e+02 1.629000000000000000e+03 2.300000000000000000e+01
7.850000000000000000e+02 1.629000000000000000e+03 2.300000000000000000e+01
7.860000000000000000e+02 1.629000000000000000e+03 2.300000000000000000e+01
7.870000000000000000e+02 1.629000000000000000e+03 2.300000000000000000e+01
7.880000000000000000e+02 1.629000000000000000e+03 2.300000000000000000e+01
7.890000000000000000e+02 1.629000000000000000e+03 2.300000000000000000e+01
7.900000000000000000e+02 1.629000000000000000e+03 2.300000000000000000e+01
7.910000000000000000e+02 1.629000000000000000e+03 2.300000000000000000e+01
7.920000000000000000e+02 1.629000000000000000e+03 2.300000000000000000e+01
7.930000000000000000e+02 1.629000000000000000e+03 2.300000000000000000e+01
7.940000000000000000e+02 1.629000000000000000e+03 2.300000000000000000e+01
7.950000000000000000e+02 1.629000000000000000e+03 2.300000000000000000e+01
7.960000000000000000e+02 1.629000000000000000e+03 2.300000000000000000e+01
7.970000000000000000e+02 1.629000000000000000e+03 2.300000000000000000e+01
7.980000000000000000e+02 1.629000000000000000e+03 2.300000000000000000e+01
7.987999999999999545e+02 1.629200000000000045e+03 2.300000000000000000e+01
7.996000000000000227e+02 1.629400000000000091e+03 2.300000000000000000e+01
8.003999999999999773e+02 1.629599999999999909e+03 2.300000000000000000e+01
8.012000000000000455e+02 1.629799999999999955e+03 2.300000000000000000e+01
8.020000000000000000e+02 1.630000000000000000e+03 2.300000000000000000e+01
8.030000000000000000e+02 1.630000000000000000e+03 2.300000000000000000e+01
8.040000000000000000e+02 1.630000000000000000e+03 2.300000000000000000e+01
8.047999999999999545e+02 1.630200000000000045e+03 2.300000000000000000e+01
8.056000000000000227e+02 1.630400000000000091e+03 2.300000000000000000e+01
8.062000000000000455e+02 1.630599999999999909e+03 2.300000000000000000e+01
8.067999999999999545e+02 1.630799999999999955e+03 2.400000000000000000e+01
8.072000000000000455e+02 1.631200000000000045e+03 2.400000000000000000e+01
8.077999999999999545e+02 1.631400000000000091e+03 2.400000000000000000e+01
8.083999999999999773e+02 1.631599999999999909e+03 2.400000000000000000e+01
8.090000000000000000e+02 1.632000000000000000e+03 2.400000000000000000e+01
8.096000000000000227e+02 1.632400000000000091e+03 2.400000000000000000e+01
8.102000000000000455e+02 1.632799999999999955e+03 2.400000000000000000e+01
8.107999999999999545e+02 1.633200000000000045e+03 2.400000000000000000e+01
8.112000000000000455e+02 1.633799999999999955e+03 2.500000000000000000e+01
8.117999999999999545e+02 1.634200000000000045e+03 2.500000000000000000e+01
8.122000000000000455e+02 1.634799999999999955e+03 2.500000000000000000e+01
8.127999999999999545e+02 1.635200000000000045e+03 2.500000000000000000e+01
8.132000000000000455e+02 1.635799999999999955e+03 2.500000000000000000e+01
8.135000000000000000e+02 1.636000000000000000e+03 2.500000000000000000e+01
