1.050200000000000045e+03 3.871999999999999886e+02 1.400000000000000000e+01
1.050000000000000000e+03 3.878000000000000114e+02 1.400000000000000000e+01
1.049599999999999909e+03 3.886000000000000227e+02 1.400000000000000000e+01
1.049400000000000091e+03 3.893999999999999773e+02 1.400000000000000000e+01
1.049200000000000045e+03 3.901999999999999886e+02 1.400000000000000000e+01
1.049000000000000000e+03 3.910000000000000000e+02 1.400000000000000000e+01
1.049000000000000000e+03 3.920000000000000000e+02 1.400000000000000000e+01
1.049000000000000000e+03 3.930000000000000000e+02 1.400000000000000000e+01
1.049000000000000000e+03 3.940000000000000000e+02 1.400000000000000000e+01
1.049000000000000000e+03 3.950000000000000000e+02 1.400000000000000000e+01
1.049000000000000000e+03 3.960000000000000000e+02 1.400000000000000000e+01
1.049000000000000000e+03 3.970000000000000000e+02 1.400000000000000000e+01
1.049000000000000000e+03 3.980000000000000000e+02 1.400000000000000000e+01
1.049000000000000000e+03 3.990000000000000000e+02 1.400000000000000000e+01
1.049000000000000000e+03 4.000000000000000000e+02 1.400000000000000000e+01
1.049000000000000000e+03 4.010000000000000000e+02 1.400000000000000000e+01
1.049000000000000000e+03 4.020000000000000000e+02 1.400000000000000000e+01
1.049200000000000045e+03 4.028000000000000114e+02 1.400000000000000000e+01
1.049400000000000091e+03 4.036000000000000227e+02 1.400000000000000000e+01
1.049599999999999909e+03 4.043999999999999773e+02 1.400000000000000000e+01
1.049799999999999955e+03 4.051999999999999886e+02 1.400000000000000000e+01
1.050000000000000000e+03 4.060000000000000000e+02 1.400000000000000000e+01
1.050200000000000045e+03 4.068000000000000114e+02 1.400000000000000000e+01
1.050400000000000091e+03 4.076000000000000227e+02 1.400000000000000000e+01
1.050599999999999909e+03 4.083999999999999773e+02 1.400000000000000000e+01
1.050799999999999955e+03 4.091999999999999886e+02 1.400000000000000000e+01
1.051200000000000045e+03 4.098000000000000114e+02 1.400000000000000000e+01
1.051400000000000091e+03 4.106000000000000227e+02 1.400000000000000000e+01
1.051599999999999909e+03 4.113999999999999773e+02 1.400000000000000000e+01
1.052000000000000000e+03 4.121999999999999886e+02 1.400000000000000000e+01
1.052400000000000091e+03 4.130000000000000000e+02 1.400000000000000000e+01
1.052599999999999909e+03 4.140000000000000000e+02 1.400000000000000000e+01
1.053000000000000000e+03 4.148000000000000114e+02 1.400000000000000000e+01
1.053400000000000091e+03 4.156000000000000227e+02 1.400000000000000000e+01
1.053599999999999909e+03 4.163999999999999773e+02 1.400000000000000000e+01
1.053799999999999955e+03 4.171999999999999886e+02 1.400000000000000000e+01
1.054200000000000045e+03 4.178000000000000114e+02 1.400000000000000000e+01
1.054400000000000091e+03 4.186000000000000227e+02 1.400000000000000000e+01
1.054599999999999909e+03 4.193999999999999773e+02 1.400000000000000000e+01
1.054799999999999955e+03 4.201999999999999886e+02 1.400000000000000000e+01
1.055200000000000045e+03 4.208000000000000114e+02 1.400000000000000000e+01
1.055400000000000091e+03 4.216000000000000227e+02 1.400000000000000000e+01
1.055599999999999909e+03 4.223999999999999773e+02 1.400000000000000000e+01
1.055799999999999955e+03 4.231999999999999886e+02 1.400000000000000000e+01
1.056000000000000000e+03 4.240000000000000000e+02 1.400000000000000000e+01
1.056200000000000045e+03 4.250000000000000000e+02 1.400000000000000000e+01
1.056400000000000091e+03 4.260000000000000000e+02 1.400000000000000000e+01
1.056599999999999909e+03 4.270000000000000000e+02 1.400000000000000000e+01
1.056799999999999955e+03 4.280000000000000000e+02 1.400000000000000000e+01
1.057000000000000000e+03 4.290000000000000000e+02 1.400000000000000000e+01
1.057000000000000000e+03 4.300000000000000000e+02 1.400000000000000000e+01
1.057000000000000000e+03 4.310000000000000000e+02 1.400000000000000000e+01
1.057000000000000000e+03 4.320000000000000000e+02 1.400000000000000000e+01
1.057000000000000000e+03 4.330000000000000000e+02 1.400000000000000000e+01
1.057000000000000000e+03 4.340000000000000000e+02 1.400000000000000000e+01
1.057000000000000000e+03 4.350000000000000000e+02 1.400000000000000000e+01
1.057000000000000000e+03 4.360000000000000000e+02 1.400000000000000000e+01
1.057000000000000000e+03 4.365000000000000000e+02 1.400000000000000000e+01
