6.512000000000000455e+02 5.800000000000000000e+02 1.500000000000000000e+01
6.520000000000000000e+02 5.790000000000000000e+02 1.500000000000000000e+01
6.530000000000000000e+02 5.780000000000000000e+02 1.500000000000000000e+01
6.540000000000000000e+02 5.770000000000000000e+02 1.500000000000000000e+01
6.550000000000000000e+02 5.760000000000000000e+02 1.500000000000000000e+01
6.560000000000000000e+02 5.752000000000000455e+02 1.500000000000000000e+01
6.567999999999999545e+02 5.743999999999999773e+02 1.500000000000000000e+01
6.576000000000000227e+02 5.737999999999999545e+02 1.500000000000000000e+01
6.582000000000000455e+02 5.732000000000000455e+02 1.500000000000000000e+01
6.587999999999999545e+02 5.727999999999999545e+02 1.500000000000000000e+01
6.593999999999999773e+02 5.722000000000000455e+02 1.500000000000000000e+01
6.602000000000000455e+02 5.717999999999999545e+02 1.500000000000000000e+01
6.610000000000000000e+02 5.713999999999999773e+02 1.500000000000000000e+01
6.620000000000000000e+02 5.710000000000000000e+02 1.500000000000000000e+01
6.630000000000000000e+02 5.706000000000000227e+02 1.500000000000000000e+01
6.640000000000000000e+02 5.703999999999999773e+02 1.500000000000000000e+01
6.650000000000000000e+02 5.702000000000000455e+02 1.500000000000000000e+01
6.660000000000000000e+02 5.700000000000000000e+02 1.500000000000000000e+01
6.670000000000000000e+02 5.700000000000000000e+02 1.500000000000000000e+01
6.675000000000000000e+02 5.700000000000000000e+02 1.500000000000000000e+01
