4.490000000000000000e+02 6.477999999999999545e+02 1.600000000000000000e+01
4.490000000000000000e+02 6.486000000000000227e+02 1.700000000000000000e+01
4.490000000000000000e+02 6.493999999999999773e+02 1.700000000000000000e+01
4.490000000000000000e+02 6.502000000000000455e+02 1.700000000000000000e+01
4.490000000000000000e+02 6.510000000000000000e+02 1.700000000000000000e+01
4.490000000000000000e+02 6.517999999999999545e+02 1.700000000000000000e+01
4.490000000000000000e+02 6.526000000000000227e+02 1.800000000000000000e+01
4.490000000000000000e+02 6.533999999999999773e+02 1.800000000000000000e+01
4.490000000000000000e+02 6.542000000000000455e+02 1.800000000000000000e+01
4.490000000000000000e+02 6.550000000000000000e+02 1.800000000000000000e+01
4.490000000000000000e+02 6.560000000000000000e+02 1.800000000000000000e+01
4.490000000000000000e+02 6.570000000000000000e+02 1.800000000000000000e+01
4.490000000000000000e+02 6.580000000000000000e+02 1.800000000000000000e+01
4.488000000000000114e+02 6.587999999999999545e+02 1.800000000000000000e+01
4.486000000000000227e+02 6.596000000000000227e+02 1.800000000000000000e+01
4.483999999999999773e+02 6.603999999999999773e+02 1.800000000000000000e+01
4.481999999999999886e+02 6.610000000000000000e+02 1.700000000000000000e+01
4.480000000000000000e+02 6.616000000000000227e+02 1.800000000000000000e+01
4.480000000000000000e+02 6.623999999999999773e+02 1.700000000000000000e+01
4.480000000000000000e+02 6.632000000000000455e+02 1.700000000000000000e+01
4.478000000000000114e+02 6.637999999999999545e+02 1.700000000000000000e+01
4.476000000000000227e+02 6.646000000000000227e+02 1.700000000000000000e+01
4.473999999999999773e+02 6.653999999999999773e+02 1.700000000000000000e+01
4.471999999999999886e+02 6.662000000000000455e+02 1.700000000000000000e+01
4.470000000000000000e+02 6.670000000000000000e+02 1.700000000000000000e+01
4.470000000000000000e+02 6.680000000000000000e+02 1.700000000000000000e+01
4.468000000000000114e+02 6.687999999999999545e+02 1.700000000000000000e+01
4.466000000000000227e+02 6.696000000000000227e+02 1.600000000000000000e+01
4.463999999999999773e+02 6.703999999999999773e+02 1.600000000000000000e+01
4.461999999999999886e+02 6.712000000000000455e+02 1.600000000000000000e+01
4.460000000000000000e+02 6.720000000000000000e+02 1.600000000000000000e+01
4.460000000000000000e+02 6.730000000000000000e+02 1.600000000000000000e+01
4.460000000000000000e+02 6.740000000000000000e+02 1.600000000000000000e+01
4.460000000000000000e+02 6.750000000000000000e+02 1.600000000000000000e+01
4.458000000000000114e+02 6.757999999999999545e+02 1.600000000000000000e+01
4.456000000000000227e+02 6.766000000000000227e+02 1.600000000000000000e+01
4.453999999999999773e+02 6.773999999999999773e+02 1.600000000000000000e+01
4.451999999999999886e+02 6.782000000000000455e+02 1.600000000000000000e+01
4.450000000000000000e+02 6.790000000000000000e+02 1.600000000000000000e+01
4.450000000000000000e+02 6.800000000000000000e+02 1.600000000000000000e+01
4.450000000000000000e+02 6.810000000000000000e+02 1.600000000000000000e+01
4.450000000000000000e+02 6.820000000000000000e+02 1.700000000000000000e+01
4.450000000000000000e+02 6.830000000000000000e+02 1.700000000000000000e+01
4.450000000000000000e+02 6.840000000000000000e+02 1.700000000000000000e+01
4.448000000000000114e+02 6.847999999999999545e+02 1.700000000000000000e+01
4.446000000000000227e+02 6.856000000000000227e+02 1.700000000000000000e+01
4.443999999999999773e+02 6.863999999999999773e+02 1.700000000000000000e+01
4.441999999999999886e+02 6.872000000000000455e+02 1.700000000000000000e+01
4.440000000000000000e+02 6.880000000000000000e+02 1.700000000000000000e+01
4.440000000000000000e+02 6.890000000000000000e+02 1.700000000000000000e+01
4.440000000000000000e+02 6.900000000000000000e+02 1.700000000000000000e+01
4.440000000000000000e+02 6.910000000000000000e+02 1.700000000000000000e+01
4.438000000000000114e+02 6.920000000000000000e+02 1.700000000000000000e+01
4.436000000000000227e+02 6.930000000000000000e+02 1.700000000000000000e+01
4.433999999999999773e+02 6.940000000000000000e+02 1.700000000000000000e+01
4.431999999999999886e+02 6.950000000000000000e+02 1.700000000000000000e+01
4.430000000000000000e+02 6.960000000000000000e+02 1.700000000000000000e+01
4.430000000000000000e+02 6.970000000000000000e+02 1.700000000000000000e+01
4.430000000000000000e+02 6.980000000000000000e+02 1.700000000000000000e+01
4.430000000000000000e+02 6.990000000000000000e+02 1.700000000000000000e+01
4.430000000000000000e+02 7.000000000000000000e+02 1.700000000000000000e+01
4.430000000000000000e+02 7.010000000000000000e+02 1.700000000000000000e+01
4.430000000000000000e+02 7.020000000000000000e+02 1.700000000000000000e+01
4.430000000000000000e+02 7.030000000000000000e+02 1.700000000000000000e+01
4.430000000000000000e+02 7.040000000000000000e+02 1.700000000000000000e+01
4.430000000000000000e+02 7.050000000000000000e+02 1.700000000000000000e+01
4.431999999999999886e+02 7.057999999999999545e+02 1.700000000000000000e+01
4.433999999999999773e+02 7.066000000000000227e+02 1.700000000000000000e+01
4.436000000000000227e+02 7.073999999999999773e+02 1.700000000000000000e+01
4.438000000000000114e+02 7.082000000000000455e+02 1.700000000000000000e+01
4.440000000000000000e+02 7.090000000000000000e+02 1.700000000000000000e+01
4.440000000000000000e+02 7.100000000000000000e+02 1.700000000000000000e+01
4.440000000000000000e+02 7.105000000000000000e+02 1.700000000000000000e+01
