4.350000000000000000e+02 1.557000000000000000e+03 3.300000000000000000e+01
4.350000000000000000e+02 1.558000000000000000e+03 3.300000000000000000e+01
4.350000000000000000e+02 1.559000000000000000e+03 3.300000000000000000e+01
4.348000000000000114e+02 1.560000000000000000e+03 3.300000000000000000e+01
4.346000000000000227e+02 1.561000000000000000e+03 3.300000000000000000e+01
4.343999999999999773e+02 1.562000000000000000e+03 3.300000000000000000e+01
4.341999999999999886e+02 1.563000000000000000e+03 3.300000000000000000e+01
4.338000000000000114e+02 1.563799999999999955e+03 3.300000000000000000e+01
4.336000000000000227e+02 1.564599999999999909e+03 3.300000000000000000e+01
4.333999999999999773e+02 1.565400000000000091e+03 3.300000000000000000e+01
4.331999999999999886e+02 1.566200000000000045e+03 3.300000000000000000e+01
4.330000000000000000e+02 1.567000000000000000e+03 3.300000000000000000e+01
4.330000000000000000e+02 1.568000000000000000e+03 3.300000000000000000e+01
4.330000000000000000e+02 1.569000000000000000e+03 3.300000000000000000e+01
4.328000000000000114e+02 1.569799999999999955e+03 3.300000000000000000e+01
4.326000000000000227e+02 1.570599999999999909e+03 3.300000000000000000e+01
4.323999999999999773e+02 1.571400000000000091e+03 3.300000000000000000e+01
4.321999999999999886e+02 1.572200000000000045e+03 3.300000000000000000e+01
4.320000000000000000e+02 1.573000000000000000e+03 3.300000000000000000e+01
4.320000000000000000e+02 1.574000000000000000e+03 3.300000000000000000e+01
4.320000000000000000e+02 1.574799999999999955e+03 3.300000000000000000e+01
4.320000000000000000e+02 1.575599999999999909e+03 3.400000000000000000e+01
4.321999999999999886e+02 1.576400000000000091e+03 3.400000000000000000e+01
4.323999999999999773e+02 1.577200000000000045e+03 3.400000000000000000e+01
4.326000000000000227e+02 1.578000000000000000e+03 3.400000000000000000e+01
4.328000000000000114e+02 1.579000000000000000e+03 3.400000000000000000e+01
4.330000000000000000e+02 1.580000000000000000e+03 3.400000000000000000e+01
4.330000000000000000e+02 1.581000000000000000e+03 3.400000000000000000e+01
4.331999999999999886e+02 1.581799999999999955e+03 3.400000000000000000e+01
4.333999999999999773e+02 1.582599999999999909e+03 3.400000000000000000e+01
4.336000000000000227e+02 1.583400000000000091e+03 3.400000000000000000e+01
4.338000000000000114e+02 1.584200000000000045e+03 3.400000000000000000e+01
4.341999999999999886e+02 1.584799999999999955e+03 3.400000000000000000e+01
4.343999999999999773e+02 1.585400000000000091e+03 3.400000000000000000e+01
4.346000000000000227e+02 1.586000000000000000e+03 3.500000000000000000e+01
4.348000000000000114e+02 1.586599999999999909e+03 3.500000000000000000e+01
4.351999999999999886e+02 1.587000000000000000e+03 3.500000000000000000e+01
4.353999999999999773e+02 1.587599999999999909e+03 3.500000000000000000e+01
4.358000000000000114e+02 1.588400000000000091e+03 3.500000000000000000e+01
4.363999999999999773e+02 1.589200000000000045e+03 3.500000000000000000e+01
4.371999999999999886e+02 1.590000000000000000e+03 3.500000000000000000e+01
4.380000000000000000e+02 1.590799999999999955e+03 3.500000000000000000e+01
4.388000000000000114e+02 1.591599999999999909e+03 3.500000000000000000e+01
4.396000000000000227e+02 1.592200000000000045e+03 3.500000000000000000e+01
4.403999999999999773e+02 1.592799999999999955e+03 3.500000000000000000e+01
4.411999999999999886e+02 1.593400000000000091e+03 3.500000000000000000e+01
4.418000000000000114e+02 1.594200000000000045e+03 3.500000000000000000e+01
4.423999999999999773e+02 1.595000000000000000e+03 3.500000000000000000e+01
4.428000000000000114e+02 1.596000000000000000e+03 3.500000000000000000e+01
4.431999999999999886e+02 1.596799999999999955e+03 3.500000000000000000e+01
4.433999999999999773e+02 1.597599999999999909e+03 3.500000000000000000e+01
4.436000000000000227e+02 1.598400000000000091e+03 3.500000000000000000e+01
4.438000000000000114e+02 1.599200000000000045e+03 3.500000000000000000e+01
4.440000000000000000e+02 1.600000000000000000e+03 3.500000000000000000e+01
4.441999999999999886e+02 1.601000000000000000e+03 3.500000000000000000e+01
4.443999999999999773e+02 1.602000000000000000e+03 3.500000000000000000e+01
4.446000000000000227e+02 1.603000000000000000e+03 3.500000000000000000e+01
4.448000000000000114e+02 1.604000000000000000e+03 3.500000000000000000e+01
4.450000000000000000e+02 1.605000000000000000e+03 3.500000000000000000e+01
4.451999999999999886e+02 1.606000000000000000e+03 3.500000000000000000e+01
4.453999999999999773e+02 1.607000000000000000e+03 3.500000000000000000e+01
4.456000000000000227e+02 1.608000000000000000e+03 3.500000000000000000e+01
4.458000000000000114e+02 1.609000000000000000e+03 3.500000000000000000e+01
4.460000000000000000e+02 1.610000000000000000e+03 3.500000000000000000e+01
4.460000000000000000e+02 1.611000000000000000e+03 3.500000000000000000e+01
4.460000000000000000e+02 1.612000000000000000e+03 3.500000000000000000e+01
4.460000000000000000e+02 1.613000000000000000e+03 3.500000000000000000e+01
4.460000000000000000e+02 1.614000000000000000e+03 3.500000000000000000e+01
4.460000000000000000e+02 1.615000000000000000e+03 3.500000000000000000e+01
4.460000000000000000e+02 1.616000000000000000e+03 3.500000000000000000e+01
4.460000000000000000e+02 1.617000000000000000e+03 3.500000000000000000e+01
4.460000000000000000e+02 1.617799999999999955e+03 3.500000000000000000e+01
4.461999999999999886e+02 1.618599999999999909e+03 3.600000000000000000e+01
4.463999999999999773e+02 1.619400000000000091e+03 3.600000000000000000e+01
4.468000000000000114e+02 1.620200000000000045e+03 3.600000000000000000e+01
4.471999999999999886e+02 1.621000000000000000e+03 3.600000000000000000e+01
4.478000000000000114e+02 1.621799999999999955e+03 3.600000000000000000e+01
4.481999999999999886e+02 1.622599999999999909e+03 3.600000000000000000e+01
4.488000000000000114e+02 1.623400000000000091e+03 3.600000000000000000e+01
4.491999999999999886e+02 1.624200000000000045e+03 3.600000000000000000e+01
4.498000000000000114e+02 1.624799999999999955e+03 3.600000000000000000e+01
4.501999999999999886e+02 1.625599999999999909e+03 3.600000000000000000e+01
4.506000000000000227e+02 1.626400000000000091e+03 3.600000000000000000e+01
4.510000000000000000e+02 1.627000000000000000e+03 3.600000000000000000e+01
4.513999999999999773e+02 1.627599999999999909e+03 3.600000000000000000e+01
4.515000000000000000e+02 1.628000000000000000e+03 3.600000000000000000e+01
