3.061999999999999886e+02 8.217999999999999545e+02 1.200000000000000000e+01
3.068000000000000114e+02 8.222000000000000455e+02 1.200000000000000000e+01
3.071999999999999886e+02 8.227999999999999545e+02 1.200000000000000000e+01
3.078000000000000114e+02 8.233999999999999773e+02 1.200000000000000000e+01
3.083999999999999773e+02 8.242000000000000455e+02 1.200000000000000000e+01
3.090000000000000000e+02 8.250000000000000000e+02 1.300000000000000000e+01
3.093999999999999773e+02 8.260000000000000000e+02 1.300000000000000000e+01
3.100000000000000000e+02 8.267999999999999545e+02 1.400000000000000000e+01
3.103999999999999773e+02 8.276000000000000227e+02 1.400000000000000000e+01
3.106000000000000227e+02 8.283999999999999773e+02 1.400000000000000000e+01
3.108000000000000114e+02 8.290000000000000000e+02 1.400000000000000000e+01
3.111999999999999886e+02 8.297999999999999545e+02 1.500000000000000000e+01
3.116000000000000227e+02 8.306000000000000227e+02 1.500000000000000000e+01
3.121999999999999886e+02 8.313999999999999773e+02 1.600000000000000000e+01
3.130000000000000000e+02 8.320000000000000000e+02 1.600000000000000000e+01
3.138000000000000114e+02 8.327999999999999545e+02 1.600000000000000000e+01
3.142500000000000000e+02 8.330000000000000000e+02 1.700000000000000000e+01
