7.117999999999999545e+02 6.502000000000000455e+02 1.800000000000000000e+01
7.126000000000000227e+02 6.503999999999999773e+02 1.800000000000000000e+01
7.133999999999999773e+02 6.507999999999999545e+02 1.800000000000000000e+01
7.142000000000000455e+02 6.512000000000000455e+02 1.800000000000000000e+01
7.147999999999999545e+02 6.517999999999999545e+02 1.800000000000000000e+01
7.156000000000000227e+02 6.522000000000000455e+02 1.800000000000000000e+01
7.162000000000000455e+02 6.526000000000000227e+02 1.800000000000000000e+01
7.166000000000000227e+02 6.530000000000000000e+02 1.900000000000000000e+01
7.170000000000000000e+02 6.533999999999999773e+02 1.900000000000000000e+01
7.176000000000000227e+02 6.537999999999999545e+02 1.900000000000000000e+01
7.182000000000000455e+02 6.543999999999999773e+02 1.900000000000000000e+01
7.190000000000000000e+02 6.552000000000000455e+02 1.900000000000000000e+01
7.200000000000000000e+02 6.560000000000000000e+02 1.900000000000000000e+01
7.210000000000000000e+02 6.570000000000000000e+02 1.900000000000000000e+01
7.220000000000000000e+02 6.580000000000000000e+02 1.900000000000000000e+01
7.227999999999999545e+02 6.590000000000000000e+02 1.900000000000000000e+01
7.236000000000000227e+02 6.597999999999999545e+02 1.900000000000000000e+01
7.242000000000000455e+02 6.606000000000000227e+02 1.900000000000000000e+01
7.247999999999999545e+02 6.612000000000000455e+02 1.900000000000000000e+01
7.253999999999999773e+02 6.617999999999999545e+02 1.900000000000000000e+01
7.262000000000000455e+02 6.623999999999999773e+02 1.900000000000000000e+01
7.267999999999999545e+02 6.632000000000000455e+02 1.900000000000000000e+01
7.276000000000000227e+02 6.640000000000000000e+02 1.900000000000000000e+01
7.282000000000000455e+02 6.650000000000000000e+02 1.900000000000000000e+01
7.286000000000000227e+02 6.660000000000000000e+02 1.900000000000000000e+01
7.287999999999999545e+02 6.670000000000000000e+02 1.900000000000000000e+01
7.290000000000000000e+02 6.677999999999999545e+02 1.900000000000000000e+01
7.292000000000000455e+02 6.683999999999999773e+02 2.000000000000000000e+01
7.293999999999999773e+02 6.690000000000000000e+02 2.000000000000000000e+01
7.296000000000000227e+02 6.696000000000000227e+02 2.000000000000000000e+01
7.297999999999999545e+02 6.702000000000000455e+02 2.000000000000000000e+01
7.300000000000000000e+02 6.710000000000000000e+02 2.000000000000000000e+01
7.300000000000000000e+02 6.720000000000000000e+02 2.000000000000000000e+01
7.300000000000000000e+02 6.730000000000000000e+02 2.000000000000000000e+01
7.300000000000000000e+02 6.740000000000000000e+02 2.000000000000000000e+01
7.302000000000000455e+02 6.747999999999999545e+02 2.000000000000000000e+01
7.303999999999999773e+02 6.756000000000000227e+02 2.000000000000000000e+01
7.306000000000000227e+02 6.763999999999999773e+02 2.000000000000000000e+01
7.307999999999999545e+02 6.772000000000000455e+02 2.000000000000000000e+01
7.312000000000000455e+02 6.777999999999999545e+02 2.000000000000000000e+01
7.313999999999999773e+02 6.786000000000000227e+02 2.000000000000000000e+01
7.317999999999999545e+02 6.792000000000000455e+02 2.000000000000000000e+01
7.322000000000000455e+02 6.797999999999999545e+02 2.000000000000000000e+01
7.327999999999999545e+02 6.802000000000000455e+02 2.000000000000000000e+01
7.332000000000000455e+02 6.807999999999999545e+02 2.000000000000000000e+01
7.337999999999999545e+02 6.812000000000000455e+02 2.000000000000000000e+01
7.342000000000000455e+02 6.817999999999999545e+02 2.000000000000000000e+01
7.347999999999999545e+02 6.822000000000000455e+02 2.000000000000000000e+01
7.353999999999999773e+02 6.827999999999999545e+02 2.000000000000000000e+01
7.362000000000000455e+02 6.832000000000000455e+02 2.000000000000000000e+01
7.367999999999999545e+02 6.837999999999999545e+02 2.000000000000000000e+01
7.376000000000000227e+02 6.842000000000000455e+02 2.000000000000000000e+01
7.383999999999999773e+02 6.846000000000000227e+02 2.000000000000000000e+01
7.390000000000000000e+02 6.850000000000000000e+02 2.000000000000000000e+01
7.396000000000000227e+02 6.853999999999999773e+02 2.000000000000000000e+01
7.403999999999999773e+02 6.856000000000000227e+02 2.000000000000000000e+01
7.410000000000000000e+02 6.860000000000000000e+02 2.000000000000000000e+01
7.416000000000000227e+02 6.863999999999999773e+02 2.000000000000000000e+01
7.423999999999999773e+02 6.866000000000000227e+02 2.000000000000000000e+01
7.430000000000000000e+02 6.870000000000000000e+02 2.000000000000000000e+01
7.436000000000000227e+02 6.873999999999999773e+02 2.000000000000000000e+01
7.442000000000000455e+02 6.877999999999999545e+02 2.000000000000000000e+01
7.447999999999999545e+02 6.882000000000000455e+02 2.000000000000000000e+01
7.453999999999999773e+02 6.887999999999999545e+02 2.000000000000000000e+01
7.462000000000000455e+02 6.893999999999999773e+02 2.000000000000000000e+01
7.470000000000000000e+02 6.900000000000000000e+02 2.000000000000000000e+01
7.477999999999999545e+02 6.906000000000000227e+02 2.000000000000000000e+01
7.486000000000000227e+02 6.912000000000000455e+02 2.000000000000000000e+01
7.492000000000000455e+02 6.917999999999999545e+02 2.000000000000000000e+01
7.497999999999999545e+02 6.922000000000000455e+02 2.000000000000000000e+01
7.502000000000000455e+02 6.927999999999999545e+02 2.000000000000000000e+01
7.507999999999999545e+02 6.932000000000000455e+02 2.000000000000000000e+01
7.512000000000000455e+02 6.937999999999999545e+02 2.000000000000000000e+01
7.515000000000000000e+02 6.940000000000000000e+02 2.000000000000000000e+01
