6.550000000000000000e+02 1.074400000000000091e+03 2.500000000000000000e+01
6.556000000000000227e+02 1.074599999999999909e+03 2.500000000000000000e+01
6.560000000000000000e+02 1.075000000000000000e+03 2.500000000000000000e+01
6.566000000000000227e+02 1.075400000000000091e+03 2.500000000000000000e+01
6.573999999999999773e+02 1.075599999999999909e+03 2.500000000000000000e+01
6.580000000000000000e+02 1.076000000000000000e+03 2.500000000000000000e+01
6.586000000000000227e+02 1.076400000000000091e+03 2.500000000000000000e+01
6.593999999999999773e+02 1.076599999999999909e+03 2.500000000000000000e+01
6.602000000000000455e+02 1.076799999999999955e+03 2.500000000000000000e+01
6.607999999999999545e+02 1.077200000000000045e+03 2.500000000000000000e+01
6.616000000000000227e+02 1.077400000000000091e+03 2.500000000000000000e+01
6.623999999999999773e+02 1.077599999999999909e+03 2.500000000000000000e+01
6.630000000000000000e+02 1.078000000000000000e+03 2.500000000000000000e+01
6.636000000000000227e+02 1.078400000000000091e+03 2.500000000000000000e+01
6.643999999999999773e+02 1.078599999999999909e+03 2.500000000000000000e+01
6.650000000000000000e+02 1.079000000000000000e+03 2.500000000000000000e+01
6.656000000000000227e+02 1.079400000000000091e+03 2.500000000000000000e+01
6.662000000000000455e+02 1.079799999999999955e+03 2.500000000000000000e+01
6.667999999999999545e+02 1.080200000000000045e+03 2.600000000000000000e+01
6.672000000000000455e+02 1.080799999999999955e+03 2.600000000000000000e+01
6.677999999999999545e+02 1.081200000000000045e+03 2.600000000000000000e+01
6.683999999999999773e+02 1.081799999999999955e+03 2.600000000000000000e+01
6.692000000000000455e+02 1.082200000000000045e+03 2.600000000000000000e+01
6.697999999999999545e+02 1.082799999999999955e+03 2.600000000000000000e+01
6.703999999999999773e+02 1.083200000000000045e+03 2.600000000000000000e+01
6.710000000000000000e+02 1.083599999999999909e+03 2.700000000000000000e+01
6.716000000000000227e+02 1.084000000000000000e+03 2.700000000000000000e+01
6.722000000000000455e+02 1.084400000000000091e+03 2.700000000000000000e+01
6.727999999999999545e+02 1.084799999999999955e+03 2.700000000000000000e+01
6.736000000000000227e+02 1.085200000000000045e+03 2.700000000000000000e+01
6.740000000000000000e+02 1.085500000000000000e+03 2.700000000000000000e+01
