8.827999999999999545e+02 6.073999999999999773e+02 1.700000000000000000e+01
8.822000000000000455e+02 6.080000000000000000e+02 1.700000000000000000e+01
8.813999999999999773e+02 6.083999999999999773e+02 1.700000000000000000e+01
8.806000000000000227e+02 6.086000000000000227e+02 1.700000000000000000e+01
8.797999999999999545e+02 6.087999999999999545e+02 1.800000000000000000e+01
8.790000000000000000e+02 6.090000000000000000e+02 1.800000000000000000e+01
8.780000000000000000e+02 6.090000000000000000e+02 1.800000000000000000e+01
8.770000000000000000e+02 6.090000000000000000e+02 1.800000000000000000e+01
8.760000000000000000e+02 6.090000000000000000e+02 1.800000000000000000e+01
8.750000000000000000e+02 6.090000000000000000e+02 1.800000000000000000e+01
8.742000000000000455e+02 6.092000000000000455e+02 1.800000000000000000e+01
8.737500000000000000e+02 6.092500000000000000e+02 1.800000000000000000e+01
