1.318000000000000114e+02 5.051999999999999886e+02 1.300000000000000000e+01
1.320000000000000000e+02 5.060000000000000000e+02 1.200000000000000000e+01
1.320000000000000000e+02 5.070000000000000000e+02 1.200000000000000000e+01
1.320000000000000000e+02 5.080000000000000000e+02 1.200000000000000000e+01
1.320000000000000000e+02 5.090000000000000000e+02 1.200000000000000000e+01
1.320000000000000000e+02 5.100000000000000000e+02 1.200000000000000000e+01
1.320000000000000000e+02 5.110000000000000000e+02 1.200000000000000000e+01
1.320000000000000000e+02 5.120000000000000000e+02 1.200000000000000000e+01
1.320000000000000000e+02 5.130000000000000000e+02 1.200000000000000000e+01
1.320000000000000000e+02 5.140000000000000000e+02 1.200000000000000000e+01
1.320000000000000000e+02 5.150000000000000000e+02 1.200000000000000000e+01
1.320000000000000000e+02 5.160000000000000000e+02 1.200000000000000000e+01
1.320000000000000000e+02 5.170000000000000000e+02 1.200000000000000000e+01
1.320000000000000000e+02 5.180000000000000000e+02 1.200000000000000000e+01
1.321999999999999886e+02 5.187999999999999545e+02 1.200000000000000000e+01
1.322500000000000000e+02 5.192500000000000000e+02 1.200000000000000000e+01
