4.020000000000000000e+02 8.260000000000000000e+02 2.200000000000000000e+01
4.020000000000000000e+02 8.250000000000000000e+02 2.200000000000000000e+01
4.020000000000000000e+02 8.240000000000000000e+02 2.200000000000000000e+01
4.020000000000000000e+02 8.230000000000000000e+02 2.200000000000000000e+01
4.020000000000000000e+02 8.220000000000000000e+02 2.200000000000000000e+01
4.020000000000000000e+02 8.210000000000000000e+02 2.200000000000000000e+01
4.021999999999999886e+02 8.202000000000000455e+02 2.200000000000000000e+01
4.023999999999999773e+02 8.193999999999999773e+02 2.200000000000000000e+01
4.026000000000000227e+02 8.186000000000000227e+02 2.200000000000000000e+01
4.028000000000000114e+02 8.177999999999999545e+02 2.200000000000000000e+01
4.030000000000000000e+02 8.170000000000000000e+02 2.200000000000000000e+01
4.031999999999999886e+02 8.162000000000000455e+02 2.200000000000000000e+01
4.033999999999999773e+02 8.153999999999999773e+02 2.200000000000000000e+01
4.036000000000000227e+02 8.146000000000000227e+02 2.200000000000000000e+01
4.040000000000000000e+02 8.140000000000000000e+02 2.200000000000000000e+01
4.043999999999999773e+02 8.133999999999999773e+02 2.200000000000000000e+01
4.046000000000000227e+02 8.126000000000000227e+02 2.200000000000000000e+01
4.050000000000000000e+02 8.120000000000000000e+02 2.200000000000000000e+01
4.053999999999999773e+02 8.113999999999999773e+02 2.200000000000000000e+01
4.058000000000000114e+02 8.106000000000000227e+02 2.200000000000000000e+01
4.061999999999999886e+02 8.097999999999999545e+02 2.200000000000000000e+01
4.068000000000000114e+02 8.092000000000000455e+02 2.200000000000000000e+01
4.071999999999999886e+02 8.083999999999999773e+02 2.200000000000000000e+01
4.078000000000000114e+02 8.077999999999999545e+02 2.200000000000000000e+01
4.081999999999999886e+02 8.073999999999999773e+02 2.200000000000000000e+01
4.086000000000000227e+02 8.070000000000000000e+02 2.300000000000000000e+01
4.090000000000000000e+02 8.066000000000000227e+02 2.300000000000000000e+01
4.096000000000000227e+02 8.062000000000000455e+02 2.300000000000000000e+01
4.101999999999999886e+02 8.056000000000000227e+02 2.300000000000000000e+01
4.110000000000000000e+02 8.050000000000000000e+02 2.300000000000000000e+01
4.118000000000000114e+02 8.043999999999999773e+02 2.300000000000000000e+01
4.126000000000000227e+02 8.037999999999999545e+02 2.300000000000000000e+01
4.131999999999999886e+02 8.032000000000000455e+02 2.300000000000000000e+01
4.138000000000000114e+02 8.027999999999999545e+02 2.300000000000000000e+01
4.141999999999999886e+02 8.022000000000000455e+02 2.300000000000000000e+01
4.148000000000000114e+02 8.017999999999999545e+02 2.300000000000000000e+01
4.153999999999999773e+02 8.013999999999999773e+02 2.300000000000000000e+01
4.160000000000000000e+02 8.010000000000000000e+02 2.300000000000000000e+01
4.166000000000000227e+02 8.006000000000000227e+02 2.300000000000000000e+01
4.171999999999999886e+02 8.002000000000000455e+02 2.300000000000000000e+01
4.178000000000000114e+02 7.997999999999999545e+02 2.300000000000000000e+01
4.181999999999999886e+02 7.992000000000000455e+02 2.300000000000000000e+01
4.188000000000000114e+02 7.987999999999999545e+02 2.300000000000000000e+01
4.193999999999999773e+02 7.983999999999999773e+02 2.300000000000000000e+01
4.200000000000000000e+02 7.980000000000000000e+02 2.300000000000000000e+01
4.206000000000000227e+02 7.976000000000000227e+02 2.300000000000000000e+01
4.211999999999999886e+02 7.972000000000000455e+02 2.300000000000000000e+01
4.218000000000000114e+02 7.967999999999999545e+02 2.300000000000000000e+01
4.221999999999999886e+02 7.962000000000000455e+02 2.300000000000000000e+01
4.228000000000000114e+02 7.957999999999999545e+02 2.300000000000000000e+01
4.231999999999999886e+02 7.952000000000000455e+02 2.300000000000000000e+01
4.238000000000000114e+02 7.947999999999999545e+02 2.300000000000000000e+01
4.241999999999999886e+02 7.942000000000000455e+02 2.300000000000000000e+01
4.248000000000000114e+02 7.937999999999999545e+02 2.300000000000000000e+01
4.251999999999999886e+02 7.932000000000000455e+02 2.400000000000000000e+01
4.258000000000000114e+02 7.927999999999999545e+02 2.400000000000000000e+01
4.261999999999999886e+02 7.922000000000000455e+02 2.400000000000000000e+01
4.268000000000000114e+02 7.917999999999999545e+02 2.400000000000000000e+01
4.271999999999999886e+02 7.912000000000000455e+02 2.400000000000000000e+01
4.278000000000000114e+02 7.907999999999999545e+02 2.400000000000000000e+01
4.281999999999999886e+02 7.902000000000000455e+02 2.400000000000000000e+01
4.288000000000000114e+02 7.897999999999999545e+02 2.400000000000000000e+01
4.293999999999999773e+02 7.892000000000000455e+02 2.400000000000000000e+01
4.301999999999999886e+02 7.887999999999999545e+02 2.400000000000000000e+01
4.308000000000000114e+02 7.882000000000000455e+02 2.400000000000000000e+01
4.316000000000000227e+02 7.877999999999999545e+02 2.400000000000000000e+01
4.323999999999999773e+02 7.872000000000000455e+02 2.400000000000000000e+01
4.331999999999999886e+02 7.867999999999999545e+02 2.400000000000000000e+01
4.335000000000000000e+02 7.865000000000000000e+02 2.400000000000000000e+01
