5.232000000000000455e+02 1.484200000000000045e+03 2.600000000000000000e+01
5.240000000000000000e+02 1.484000000000000000e+03 2.600000000000000000e+01
5.247999999999999545e+02 1.483799999999999955e+03 2.600000000000000000e+01
5.256000000000000227e+02 1.483599999999999909e+03 2.600000000000000000e+01
5.263999999999999773e+02 1.483400000000000091e+03 2.600000000000000000e+01
5.272000000000000455e+02 1.483200000000000045e+03 2.600000000000000000e+01
5.280000000000000000e+02 1.483000000000000000e+03 2.600000000000000000e+01
5.287999999999999545e+02 1.483200000000000045e+03 2.600000000000000000e+01
5.296000000000000227e+02 1.483400000000000091e+03 2.600000000000000000e+01
5.303999999999999773e+02 1.483599999999999909e+03 2.600000000000000000e+01
5.312000000000000455e+02 1.483799999999999955e+03 2.600000000000000000e+01
5.320000000000000000e+02 1.484000000000000000e+03 2.600000000000000000e+01
5.327999999999999545e+02 1.484200000000000045e+03 2.600000000000000000e+01
5.336000000000000227e+02 1.484400000000000091e+03 2.600000000000000000e+01
5.343999999999999773e+02 1.484599999999999909e+03 2.600000000000000000e+01
5.352000000000000455e+02 1.485000000000000000e+03 2.600000000000000000e+01
5.360000000000000000e+02 1.485400000000000091e+03 2.700000000000000000e+01
5.370000000000000000e+02 1.485599999999999909e+03 2.700000000000000000e+01
5.377999999999999545e+02 1.486000000000000000e+03 2.700000000000000000e+01
5.386000000000000227e+02 1.486400000000000091e+03 2.700000000000000000e+01
5.393999999999999773e+02 1.486599999999999909e+03 2.700000000000000000e+01
5.400000000000000000e+02 1.487000000000000000e+03 2.700000000000000000e+01
5.406000000000000227e+02 1.487400000000000091e+03 2.700000000000000000e+01
5.413999999999999773e+02 1.487599999999999909e+03 2.700000000000000000e+01
5.420000000000000000e+02 1.488000000000000000e+03 2.700000000000000000e+01
5.426000000000000227e+02 1.488400000000000091e+03 2.700000000000000000e+01
5.433999999999999773e+02 1.488799999999999955e+03 2.700000000000000000e+01
5.442000000000000455e+02 1.489200000000000045e+03 2.700000000000000000e+01
5.450000000000000000e+02 1.489799999999999955e+03 2.700000000000000000e+01
5.460000000000000000e+02 1.490200000000000045e+03 2.700000000000000000e+01
5.467999999999999545e+02 1.490799999999999955e+03 2.700000000000000000e+01
5.476000000000000227e+02 1.491200000000000045e+03 2.700000000000000000e+01
5.483999999999999773e+02 1.491599999999999909e+03 2.700000000000000000e+01
5.490000000000000000e+02 1.492000000000000000e+03 2.700000000000000000e+01
5.496000000000000227e+02 1.492400000000000091e+03 2.700000000000000000e+01
5.503999999999999773e+02 1.492799999999999955e+03 2.700000000000000000e+01
5.512000000000000455e+02 1.493200000000000045e+03 2.700000000000000000e+01
5.515000000000000000e+02 1.493500000000000000e+03 2.700000000000000000e+01
