1.980000000000000000e+02 8.117999999999999545e+02 1.700000000000000000e+01
1.990000000000000000e+02 8.122000000000000455e+02 1.700000000000000000e+01
1.998000000000000114e+02 8.127999999999999545e+02 1.700000000000000000e+01
2.005999999999999943e+02 8.132000000000000455e+02 1.700000000000000000e+01
2.014000000000000057e+02 8.136000000000000227e+02 1.700000000000000000e+01
2.021999999999999886e+02 8.140000000000000000e+02 1.700000000000000000e+01
2.030000000000000000e+02 8.143999999999999773e+02 1.700000000000000000e+01
2.040000000000000000e+02 8.146000000000000227e+02 1.700000000000000000e+01
2.048000000000000114e+02 8.150000000000000000e+02 1.700000000000000000e+01
2.055999999999999943e+02 8.153999999999999773e+02 1.800000000000000000e+01
2.064000000000000057e+02 8.156000000000000227e+02 1.800000000000000000e+01
2.071999999999999886e+02 8.160000000000000000e+02 1.800000000000000000e+01
2.080000000000000000e+02 8.163999999999999773e+02 1.800000000000000000e+01
2.090000000000000000e+02 8.166000000000000227e+02 1.800000000000000000e+01
2.098000000000000114e+02 8.170000000000000000e+02 1.800000000000000000e+01
2.105999999999999943e+02 8.173999999999999773e+02 1.800000000000000000e+01
2.114000000000000057e+02 8.176000000000000227e+02 1.800000000000000000e+01
2.121999999999999886e+02 8.177999999999999545e+02 1.800000000000000000e+01
2.128000000000000114e+02 8.182000000000000455e+02 1.800000000000000000e+01
2.135999999999999943e+02 8.183999999999999773e+02 1.800000000000000000e+01
2.144000000000000057e+02 8.186000000000000227e+02 1.800000000000000000e+01
2.151999999999999886e+02 8.187999999999999545e+02 1.800000000000000000e+01
2.160000000000000000e+02 8.190000000000000000e+02 1.800000000000000000e+01
2.170000000000000000e+02 8.190000000000000000e+02 1.800000000000000000e+01
2.180000000000000000e+02 8.190000000000000000e+02 1.800000000000000000e+01
2.190000000000000000e+02 8.190000000000000000e+02 1.800000000000000000e+01
2.198000000000000114e+02 8.190000000000000000e+02 1.800000000000000000e+01
2.205999999999999943e+02 8.190000000000000000e+02 1.700000000000000000e+01
2.214000000000000057e+02 8.190000000000000000e+02 1.700000000000000000e+01
2.221999999999999886e+02 8.190000000000000000e+02 1.700000000000000000e+01
2.228000000000000114e+02 8.190000000000000000e+02 1.700000000000000000e+01
2.235999999999999943e+02 8.190000000000000000e+02 1.600000000000000000e+01
2.244000000000000057e+02 8.192000000000000455e+02 1.600000000000000000e+01
2.251999999999999886e+02 8.193999999999999773e+02 1.600000000000000000e+01
2.260000000000000000e+02 8.196000000000000227e+02 1.600000000000000000e+01
2.270000000000000000e+02 8.197999999999999545e+02 1.500000000000000000e+01
2.280000000000000000e+02 8.200000000000000000e+02 1.500000000000000000e+01
2.290000000000000000e+02 8.200000000000000000e+02 1.500000000000000000e+01
2.295000000000000000e+02 8.200000000000000000e+02 1.500000000000000000e+01
