1.015399999999999977e+03 1.155799999999999955e+03 2.600000000000000000e+01
1.016200000000000045e+03 1.156400000000000091e+03 2.600000000000000000e+01
1.017000000000000000e+03 1.157200000000000045e+03 2.600000000000000000e+01
1.018000000000000000e+03 1.158000000000000000e+03 2.600000000000000000e+01
1.019000000000000000e+03 1.159000000000000000e+03 2.600000000000000000e+01
1.020000000000000000e+03 1.159799999999999955e+03 2.600000000000000000e+01
1.020799999999999955e+03 1.160599999999999909e+03 2.600000000000000000e+01
1.021600000000000023e+03 1.161400000000000091e+03 2.600000000000000000e+01
1.022399999999999977e+03 1.162200000000000045e+03 2.600000000000000000e+01
1.023000000000000000e+03 1.163000000000000000e+03 2.600000000000000000e+01
1.023600000000000023e+03 1.163799999999999955e+03 2.600000000000000000e+01
1.024200000000000045e+03 1.164599999999999909e+03 2.600000000000000000e+01
1.024799999999999955e+03 1.165200000000000045e+03 2.600000000000000000e+01
1.025200000000000045e+03 1.165799999999999955e+03 2.600000000000000000e+01
1.025599999999999909e+03 1.166400000000000091e+03 2.600000000000000000e+01
1.026000000000000000e+03 1.167000000000000000e+03 2.600000000000000000e+01
1.026400000000000091e+03 1.167599999999999909e+03 2.600000000000000000e+01
1.026799999999999955e+03 1.168400000000000091e+03 2.600000000000000000e+01
1.027200000000000045e+03 1.169000000000000000e+03 2.600000000000000000e+01
1.027599999999999909e+03 1.169599999999999909e+03 2.700000000000000000e+01
1.028000000000000000e+03 1.170400000000000091e+03 2.700000000000000000e+01
1.028400000000000091e+03 1.171200000000000045e+03 2.700000000000000000e+01
1.028799999999999955e+03 1.172000000000000000e+03 2.700000000000000000e+01
1.029200000000000045e+03 1.173000000000000000e+03 2.700000000000000000e+01
1.029599999999999909e+03 1.174000000000000000e+03 2.700000000000000000e+01
1.030000000000000000e+03 1.174799999999999955e+03 2.700000000000000000e+01
1.030400000000000091e+03 1.175599999999999909e+03 2.700000000000000000e+01
1.030599999999999909e+03 1.176400000000000091e+03 2.700000000000000000e+01
1.031000000000000000e+03 1.177200000000000045e+03 2.700000000000000000e+01
1.031400000000000091e+03 1.178000000000000000e+03 2.700000000000000000e+01
1.031599999999999909e+03 1.179000000000000000e+03 2.700000000000000000e+01
1.032000000000000000e+03 1.179799999999999955e+03 2.700000000000000000e+01
1.032400000000000091e+03 1.180599999999999909e+03 2.700000000000000000e+01
1.032599999999999909e+03 1.181400000000000091e+03 2.700000000000000000e+01
1.033000000000000000e+03 1.182200000000000045e+03 2.700000000000000000e+01
1.033250000000000000e+03 1.182500000000000000e+03 2.700000000000000000e+01
