4.071999999999999886e+02 9.930000000000000000e+02 2.600000000000000000e+01
4.080000000000000000e+02 9.930000000000000000e+02 2.600000000000000000e+01
4.088000000000000114e+02 9.932000000000000455e+02 2.600000000000000000e+01
4.096000000000000227e+02 9.933999999999999773e+02 2.600000000000000000e+01
4.103999999999999773e+02 9.936000000000000227e+02 2.600000000000000000e+01
4.110000000000000000e+02 9.940000000000000000e+02 2.600000000000000000e+01
4.116000000000000227e+02 9.943999999999999773e+02 2.600000000000000000e+01
4.123999999999999773e+02 9.946000000000000227e+02 2.600000000000000000e+01
4.130000000000000000e+02 9.950000000000000000e+02 2.600000000000000000e+01
4.136000000000000227e+02 9.953999999999999773e+02 2.600000000000000000e+01
4.141999999999999886e+02 9.957999999999999545e+02 2.600000000000000000e+01
4.148000000000000114e+02 9.962000000000000455e+02 2.600000000000000000e+01
4.151999999999999886e+02 9.967999999999999545e+02 2.600000000000000000e+01
4.158000000000000114e+02 9.972000000000000455e+02 2.600000000000000000e+01
4.161999999999999886e+02 9.977999999999999545e+02 2.500000000000000000e+01
4.168000000000000114e+02 9.982000000000000455e+02 2.500000000000000000e+01
4.173999999999999773e+02 9.987999999999999545e+02 2.500000000000000000e+01
4.181999999999999886e+02 9.992000000000000455e+02 2.500000000000000000e+01
4.188000000000000114e+02 9.997999999999999545e+02 2.500000000000000000e+01
4.196000000000000227e+02 1.000200000000000045e+03 2.400000000000000000e+01
4.201999999999999886e+02 1.000799999999999955e+03 2.400000000000000000e+01
4.208000000000000114e+02 1.001200000000000045e+03 2.400000000000000000e+01
4.213999999999999773e+02 1.001799999999999955e+03 2.400000000000000000e+01
4.217500000000000000e+02 1.002000000000000000e+03 2.400000000000000000e+01
