5.747999999999999545e+02 1.585200000000000045e+03 2.800000000000000000e+01
5.752000000000000455e+02 1.585799999999999955e+03 2.800000000000000000e+01
5.757999999999999545e+02 1.586400000000000091e+03 2.800000000000000000e+01
5.763999999999999773e+02 1.587200000000000045e+03 2.800000000000000000e+01
5.770000000000000000e+02 1.588000000000000000e+03 2.800000000000000000e+01
5.776000000000000227e+02 1.588799999999999955e+03 2.800000000000000000e+01
5.782000000000000455e+02 1.589599999999999909e+03 2.800000000000000000e+01
5.787999999999999545e+02 1.590200000000000045e+03 2.800000000000000000e+01
5.792000000000000455e+02 1.590799999999999955e+03 2.800000000000000000e+01
5.797999999999999545e+02 1.591400000000000091e+03 2.800000000000000000e+01
5.803999999999999773e+02 1.592200000000000045e+03 2.800000000000000000e+01
5.810000000000000000e+02 1.593000000000000000e+03 2.800000000000000000e+01
5.816000000000000227e+02 1.593799999999999955e+03 2.800000000000000000e+01
5.822000000000000455e+02 1.594599999999999909e+03 2.800000000000000000e+01
5.827999999999999545e+02 1.595200000000000045e+03 2.800000000000000000e+01
5.832000000000000455e+02 1.595799999999999955e+03 2.800000000000000000e+01
5.837999999999999545e+02 1.596400000000000091e+03 2.800000000000000000e+01
5.842000000000000455e+02 1.597200000000000045e+03 2.800000000000000000e+01
5.847999999999999545e+02 1.597799999999999955e+03 2.800000000000000000e+01
5.852000000000000455e+02 1.598599999999999909e+03 2.800000000000000000e+01
5.857999999999999545e+02 1.599200000000000045e+03 2.800000000000000000e+01
5.862000000000000455e+02 1.599799999999999955e+03 2.800000000000000000e+01
5.867999999999999545e+02 1.600400000000000091e+03 2.800000000000000000e+01
5.872000000000000455e+02 1.601200000000000045e+03 2.800000000000000000e+01
5.877999999999999545e+02 1.601799999999999955e+03 2.800000000000000000e+01
5.882000000000000455e+02 1.602599999999999909e+03 2.800000000000000000e+01
5.887999999999999545e+02 1.603400000000000091e+03 2.800000000000000000e+01
5.892000000000000455e+02 1.604200000000000045e+03 2.800000000000000000e+01
5.897999999999999545e+02 1.605000000000000000e+03 2.800000000000000000e+01
5.902000000000000455e+02 1.606000000000000000e+03 2.800000000000000000e+01
5.907999999999999545e+02 1.606799999999999955e+03 2.800000000000000000e+01
5.912000000000000455e+02 1.607599999999999909e+03 2.800000000000000000e+01
5.916000000000000227e+02 1.608400000000000091e+03 2.800000000000000000e+01
5.920000000000000000e+02 1.609000000000000000e+03 2.800000000000000000e+01
5.923999999999999773e+02 1.609599999999999909e+03 2.800000000000000000e+01
5.927999999999999545e+02 1.610400000000000091e+03 2.800000000000000000e+01
5.932000000000000455e+02 1.611200000000000045e+03 2.800000000000000000e+01
5.937999999999999545e+02 1.611799999999999955e+03 2.800000000000000000e+01
5.940000000000000000e+02 1.612250000000000000e+03 2.800000000000000000e+01
