2.718000000000000114e+02 1.206799999999999955e+03 2.900000000000000000e+01
2.723999999999999773e+02 1.206400000000000091e+03 2.900000000000000000e+01
2.730000000000000000e+02 1.206000000000000000e+03 2.900000000000000000e+01
2.736000000000000227e+02 1.205599999999999909e+03 2.900000000000000000e+01
2.743999999999999773e+02 1.205400000000000091e+03 2.900000000000000000e+01
2.750000000000000000e+02 1.205000000000000000e+03 2.900000000000000000e+01
2.756000000000000227e+02 1.204599999999999909e+03 2.900000000000000000e+01
2.763999999999999773e+02 1.204400000000000091e+03 2.900000000000000000e+01
2.770000000000000000e+02 1.204200000000000045e+03 2.900000000000000000e+01
2.772500000000000000e+02 1.204000000000000000e+03 3.000000000000000000e+01
