5.722000000000000455e+02 1.298000000000000000e+03 2.900000000000000000e+01
5.717999999999999545e+02 1.299000000000000000e+03 2.900000000000000000e+01
5.713999999999999773e+02 1.300000000000000000e+03 2.900000000000000000e+01
5.710000000000000000e+02 1.300799999999999955e+03 2.900000000000000000e+01
5.706000000000000227e+02 1.301599999999999909e+03 2.900000000000000000e+01
5.703999999999999773e+02 1.302400000000000091e+03 2.900000000000000000e+01
5.700000000000000000e+02 1.303000000000000000e+03 2.900000000000000000e+01
5.696000000000000227e+02 1.303599999999999909e+03 2.900000000000000000e+01
5.693999999999999773e+02 1.304400000000000091e+03 2.900000000000000000e+01
5.690000000000000000e+02 1.305000000000000000e+03 2.900000000000000000e+01
5.686000000000000227e+02 1.305599999999999909e+03 2.900000000000000000e+01
5.683999999999999773e+02 1.306400000000000091e+03 2.900000000000000000e+01
5.680000000000000000e+02 1.307000000000000000e+03 2.900000000000000000e+01
5.676000000000000227e+02 1.307599999999999909e+03 2.900000000000000000e+01
5.673999999999999773e+02 1.308400000000000091e+03 2.900000000000000000e+01
5.670000000000000000e+02 1.309200000000000045e+03 2.900000000000000000e+01
5.666000000000000227e+02 1.310000000000000000e+03 2.900000000000000000e+01
5.662000000000000455e+02 1.311000000000000000e+03 2.900000000000000000e+01
5.657999999999999545e+02 1.312000000000000000e+03 2.900000000000000000e+01
5.652000000000000455e+02 1.313000000000000000e+03 2.900000000000000000e+01
5.647999999999999545e+02 1.314000000000000000e+03 2.900000000000000000e+01
5.642000000000000455e+02 1.315000000000000000e+03 2.900000000000000000e+01
5.637999999999999545e+02 1.316000000000000000e+03 2.900000000000000000e+01
5.632000000000000455e+02 1.316799999999999955e+03 2.900000000000000000e+01
5.627999999999999545e+02 1.317599999999999909e+03 2.900000000000000000e+01
5.623999999999999773e+02 1.318400000000000091e+03 2.900000000000000000e+01
5.620000000000000000e+02 1.319000000000000000e+03 2.900000000000000000e+01
5.616000000000000227e+02 1.319599999999999909e+03 2.900000000000000000e+01
5.612000000000000455e+02 1.320200000000000045e+03 2.900000000000000000e+01
5.607999999999999545e+02 1.320799999999999955e+03 2.900000000000000000e+01
5.602000000000000455e+02 1.321400000000000091e+03 2.900000000000000000e+01
5.596000000000000227e+02 1.322200000000000045e+03 2.900000000000000000e+01
5.590000000000000000e+02 1.323000000000000000e+03 2.900000000000000000e+01
5.583999999999999773e+02 1.323799999999999955e+03 2.900000000000000000e+01
5.577999999999999545e+02 1.324599999999999909e+03 2.900000000000000000e+01
5.572000000000000455e+02 1.325200000000000045e+03 2.900000000000000000e+01
5.566000000000000227e+02 1.326000000000000000e+03 2.900000000000000000e+01
5.560000000000000000e+02 1.326799999999999955e+03 2.900000000000000000e+01
5.556000000000000227e+02 1.327799999999999955e+03 2.900000000000000000e+01
5.552000000000000455e+02 1.328799999999999955e+03 2.900000000000000000e+01
5.547999999999999545e+02 1.329799999999999955e+03 2.900000000000000000e+01
5.546000000000000227e+02 1.330599999999999909e+03 2.900000000000000000e+01
5.543999999999999773e+02 1.331400000000000091e+03 2.900000000000000000e+01
5.542000000000000455e+02 1.332200000000000045e+03 2.900000000000000000e+01
5.537999999999999545e+02 1.332799999999999955e+03 2.900000000000000000e+01
5.536000000000000227e+02 1.333599999999999909e+03 2.900000000000000000e+01
5.532000000000000455e+02 1.334400000000000091e+03 2.900000000000000000e+01
5.527999999999999545e+02 1.335200000000000045e+03 2.900000000000000000e+01
5.522000000000000455e+02 1.335799999999999955e+03 2.900000000000000000e+01
5.517999999999999545e+02 1.336599999999999909e+03 2.900000000000000000e+01
5.512000000000000455e+02 1.337400000000000091e+03 2.900000000000000000e+01
5.507999999999999545e+02 1.338200000000000045e+03 2.900000000000000000e+01
5.502000000000000455e+02 1.338799999999999955e+03 2.900000000000000000e+01
5.497999999999999545e+02 1.339599999999999909e+03 3.000000000000000000e+01
5.492000000000000455e+02 1.340400000000000091e+03 3.000000000000000000e+01
5.487999999999999545e+02 1.341200000000000045e+03 3.000000000000000000e+01
5.482000000000000455e+02 1.341799999999999955e+03 3.000000000000000000e+01
5.477999999999999545e+02 1.342599999999999909e+03 3.000000000000000000e+01
5.473999999999999773e+02 1.343400000000000091e+03 3.000000000000000000e+01
5.470000000000000000e+02 1.344000000000000000e+03 3.000000000000000000e+01
5.466000000000000227e+02 1.344599999999999909e+03 3.000000000000000000e+01
5.463999999999999773e+02 1.345400000000000091e+03 3.000000000000000000e+01
5.460000000000000000e+02 1.346000000000000000e+03 3.000000000000000000e+01
5.456000000000000227e+02 1.346599999999999909e+03 3.000000000000000000e+01
5.452000000000000455e+02 1.347200000000000045e+03 3.000000000000000000e+01
5.447999999999999545e+02 1.347799999999999955e+03 3.000000000000000000e+01
5.442000000000000455e+02 1.348200000000000045e+03 3.000000000000000000e+01
5.437999999999999545e+02 1.348799999999999955e+03 3.000000000000000000e+01
5.432000000000000455e+02 1.349200000000000045e+03 3.000000000000000000e+01
5.427999999999999545e+02 1.349799999999999955e+03 3.000000000000000000e+01
5.422000000000000455e+02 1.350200000000000045e+03 2.900000000000000000e+01
5.417999999999999545e+02 1.350799999999999955e+03 2.900000000000000000e+01
5.412000000000000455e+02 1.351200000000000045e+03 2.900000000000000000e+01
5.406000000000000227e+02 1.351599999999999909e+03 2.900000000000000000e+01
5.400000000000000000e+02 1.352000000000000000e+03 2.900000000000000000e+01
5.396000000000000227e+02 1.352599999999999909e+03 2.900000000000000000e+01
5.390000000000000000e+02 1.353000000000000000e+03 2.900000000000000000e+01
5.386000000000000227e+02 1.353599999999999909e+03 2.900000000000000000e+01
5.383999999999999773e+02 1.354400000000000091e+03 2.900000000000000000e+01
5.382000000000000455e+02 1.355200000000000045e+03 2.900000000000000000e+01
5.380000000000000000e+02 1.356000000000000000e+03 2.900000000000000000e+01
5.380000000000000000e+02 1.357000000000000000e+03 2.900000000000000000e+01
5.380000000000000000e+02 1.358000000000000000e+03 2.900000000000000000e+01
5.380000000000000000e+02 1.359000000000000000e+03 2.900000000000000000e+01
5.382000000000000455e+02 1.359799999999999955e+03 2.900000000000000000e+01
5.383999999999999773e+02 1.360599999999999909e+03 2.900000000000000000e+01
5.386000000000000227e+02 1.361400000000000091e+03 2.900000000000000000e+01
5.387999999999999545e+02 1.362200000000000045e+03 2.900000000000000000e+01
5.392000000000000455e+02 1.362799999999999955e+03 2.900000000000000000e+01
5.393999999999999773e+02 1.363599999999999909e+03 2.900000000000000000e+01
5.396000000000000227e+02 1.364400000000000091e+03 2.900000000000000000e+01
5.397999999999999545e+02 1.365200000000000045e+03 2.900000000000000000e+01
5.402000000000000455e+02 1.365799999999999955e+03 2.900000000000000000e+01
5.403999999999999773e+02 1.366599999999999909e+03 2.900000000000000000e+01
5.406000000000000227e+02 1.367400000000000091e+03 2.900000000000000000e+01
5.407999999999999545e+02 1.368200000000000045e+03 2.900000000000000000e+01
5.412000000000000455e+02 1.368799999999999955e+03 2.900000000000000000e+01
5.412500000000000000e+02 1.369250000000000000e+03 2.900000000000000000e+01
