6.297999999999999545e+02 7.420000000000000284e+01 1.900000000000000000e+01
6.302000000000000455e+02 7.479999999999999716e+01 1.900000000000000000e+01
6.307999999999999545e+02 7.540000000000000568e+01 1.900000000000000000e+01
6.312000000000000455e+02 7.620000000000000284e+01 1.900000000000000000e+01
6.317999999999999545e+02 7.700000000000000000e+01 1.900000000000000000e+01
6.322000000000000455e+02 7.800000000000000000e+01 1.900000000000000000e+01
6.327999999999999545e+02 7.900000000000000000e+01 1.900000000000000000e+01
6.332000000000000455e+02 8.000000000000000000e+01 1.900000000000000000e+01
6.336000000000000227e+02 8.100000000000000000e+01 1.900000000000000000e+01
6.340000000000000000e+02 8.179999999999999716e+01 1.900000000000000000e+01
6.343999999999999773e+02 8.259999999999999432e+01 1.900000000000000000e+01
6.346000000000000227e+02 8.340000000000000568e+01 1.900000000000000000e+01
6.347999999999999545e+02 8.420000000000000284e+01 1.900000000000000000e+01
6.350000000000000000e+02 8.500000000000000000e+01 1.900000000000000000e+01
6.352000000000000455e+02 8.579999999999999716e+01 1.900000000000000000e+01
6.352500000000000000e+02 8.625000000000000000e+01 2.000000000000000000e+01
