7.802000000000000455e+02 1.534200000000000045e+03 2.000000000000000000e+01
7.810000000000000000e+02 1.534000000000000000e+03 2.000000000000000000e+01
7.820000000000000000e+02 1.534000000000000000e+03 2.000000000000000000e+01
7.830000000000000000e+02 1.534000000000000000e+03 2.000000000000000000e+01
7.837999999999999545e+02 1.533799999999999955e+03 2.000000000000000000e+01
7.846000000000000227e+02 1.533599999999999909e+03 2.000000000000000000e+01
7.853999999999999773e+02 1.533400000000000091e+03 2.000000000000000000e+01
7.862000000000000455e+02 1.533200000000000045e+03 2.000000000000000000e+01
7.870000000000000000e+02 1.533000000000000000e+03 2.100000000000000000e+01
7.880000000000000000e+02 1.533000000000000000e+03 2.100000000000000000e+01
7.890000000000000000e+02 1.533000000000000000e+03 2.100000000000000000e+01
7.900000000000000000e+02 1.533000000000000000e+03 2.100000000000000000e+01
7.907999999999999545e+02 1.532799999999999955e+03 2.100000000000000000e+01
7.916000000000000227e+02 1.532599999999999909e+03 2.100000000000000000e+01
7.923999999999999773e+02 1.532400000000000091e+03 2.100000000000000000e+01
7.932000000000000455e+02 1.532200000000000045e+03 2.100000000000000000e+01
7.937999999999999545e+02 1.531799999999999955e+03 2.100000000000000000e+01
7.946000000000000227e+02 1.531599999999999909e+03 2.100000000000000000e+01
7.953999999999999773e+02 1.531400000000000091e+03 2.100000000000000000e+01
7.960000000000000000e+02 1.531000000000000000e+03 2.100000000000000000e+01
7.966000000000000227e+02 1.530599999999999909e+03 2.100000000000000000e+01
7.972000000000000455e+02 1.530200000000000045e+03 2.100000000000000000e+01
7.976000000000000227e+02 1.529599999999999909e+03 2.100000000000000000e+01
7.977999999999999545e+02 1.528799999999999955e+03 2.100000000000000000e+01
7.980000000000000000e+02 1.528000000000000000e+03 2.100000000000000000e+01
7.980000000000000000e+02 1.527000000000000000e+03 2.100000000000000000e+01
7.980000000000000000e+02 1.526000000000000000e+03 2.200000000000000000e+01
7.980000000000000000e+02 1.525000000000000000e+03 2.200000000000000000e+01
7.980000000000000000e+02 1.524500000000000000e+03 2.200000000000000000e+01
