3.898000000000000114e+02 3.693999999999999773e+02 1.700000000000000000e+01
3.901999999999999886e+02 3.698000000000000114e+02 1.700000000000000000e+01
3.908000000000000114e+02 3.703999999999999773e+02 1.700000000000000000e+01
3.913999999999999773e+02 3.710000000000000000e+02 1.700000000000000000e+01
3.920000000000000000e+02 3.716000000000000227e+02 1.700000000000000000e+01
3.926000000000000227e+02 3.721999999999999886e+02 1.700000000000000000e+01
3.931999999999999886e+02 3.728000000000000114e+02 1.700000000000000000e+01
3.938000000000000114e+02 3.731999999999999886e+02 1.700000000000000000e+01
3.941999999999999886e+02 3.738000000000000114e+02 1.700000000000000000e+01
3.948000000000000114e+02 3.741999999999999886e+02 1.700000000000000000e+01
3.953999999999999773e+02 3.748000000000000114e+02 1.700000000000000000e+01
3.961999999999999886e+02 3.751999999999999886e+02 1.700000000000000000e+01
3.968000000000000114e+02 3.758000000000000114e+02 1.700000000000000000e+01
3.976000000000000227e+02 3.761999999999999886e+02 1.700000000000000000e+01
3.981999999999999886e+02 3.766000000000000227e+02 1.700000000000000000e+01
3.988000000000000114e+02 3.768000000000000114e+02 1.600000000000000000e+01
3.991999999999999886e+02 3.771999999999999886e+02 1.600000000000000000e+01
3.998000000000000114e+02 3.773999999999999773e+02 1.600000000000000000e+01
4.001999999999999886e+02 3.778000000000000114e+02 1.600000000000000000e+01
4.008000000000000114e+02 3.781999999999999886e+02 1.600000000000000000e+01
4.013999999999999773e+02 3.786000000000000227e+02 1.600000000000000000e+01
4.020000000000000000e+02 3.790000000000000000e+02 1.600000000000000000e+01
4.026000000000000227e+02 3.793999999999999773e+02 1.600000000000000000e+01
4.033999999999999773e+02 3.798000000000000114e+02 1.600000000000000000e+01
4.041999999999999886e+02 3.803999999999999773e+02 1.600000000000000000e+01
4.050000000000000000e+02 3.810000000000000000e+02 1.600000000000000000e+01
4.058000000000000114e+02 3.816000000000000227e+02 1.600000000000000000e+01
4.066000000000000227e+02 3.821999999999999886e+02 1.600000000000000000e+01
4.071999999999999886e+02 3.828000000000000114e+02 1.600000000000000000e+01
4.078000000000000114e+02 3.831999999999999886e+02 1.600000000000000000e+01
4.081999999999999886e+02 3.838000000000000114e+02 1.600000000000000000e+01
4.088000000000000114e+02 3.841999999999999886e+02 1.600000000000000000e+01
4.091999999999999886e+02 3.848000000000000114e+02 1.600000000000000000e+01
4.098000000000000114e+02 3.851999999999999886e+02 1.600000000000000000e+01
4.103999999999999773e+02 3.858000000000000114e+02 1.600000000000000000e+01
4.111999999999999886e+02 3.863999999999999773e+02 1.600000000000000000e+01
4.120000000000000000e+02 3.870000000000000000e+02 1.600000000000000000e+01
4.128000000000000114e+02 3.876000000000000227e+02 1.600000000000000000e+01
4.136000000000000227e+02 3.883999999999999773e+02 1.600000000000000000e+01
4.143999999999999773e+02 3.890000000000000000e+02 1.600000000000000000e+01
4.150000000000000000e+02 3.896000000000000227e+02 1.600000000000000000e+01
4.156000000000000227e+02 3.901999999999999886e+02 1.600000000000000000e+01
4.161999999999999886e+02 3.908000000000000114e+02 1.600000000000000000e+01
4.168000000000000114e+02 3.911999999999999886e+02 1.600000000000000000e+01
4.171999999999999886e+02 3.918000000000000114e+02 1.600000000000000000e+01
4.178000000000000114e+02 3.921999999999999886e+02 1.600000000000000000e+01
4.183999999999999773e+02 3.928000000000000114e+02 1.600000000000000000e+01
4.191999999999999886e+02 3.931999999999999886e+02 1.600000000000000000e+01
4.198000000000000114e+02 3.938000000000000114e+02 1.600000000000000000e+01
4.206000000000000227e+02 3.941999999999999886e+02 1.600000000000000000e+01
4.213999999999999773e+02 3.946000000000000227e+02 1.600000000000000000e+01
4.220000000000000000e+02 3.950000000000000000e+02 1.600000000000000000e+01
4.226000000000000227e+02 3.953999999999999773e+02 1.600000000000000000e+01
4.233999999999999773e+02 3.956000000000000227e+02 1.600000000000000000e+01
4.241999999999999886e+02 3.958000000000000114e+02 1.600000000000000000e+01
4.250000000000000000e+02 3.960000000000000000e+02 1.600000000000000000e+01
4.260000000000000000e+02 3.960000000000000000e+02 1.600000000000000000e+01
4.270000000000000000e+02 3.960000000000000000e+02 1.600000000000000000e+01
4.280000000000000000e+02 3.960000000000000000e+02 1.600000000000000000e+01
4.290000000000000000e+02 3.960000000000000000e+02 1.600000000000000000e+01
4.300000000000000000e+02 3.960000000000000000e+02 1.600000000000000000e+01
4.308000000000000114e+02 3.958000000000000114e+02 1.600000000000000000e+01
4.316000000000000227e+02 3.956000000000000227e+02 1.600000000000000000e+01
4.323999999999999773e+02 3.953999999999999773e+02 1.600000000000000000e+01
4.331999999999999886e+02 3.951999999999999886e+02 1.600000000000000000e+01
4.340000000000000000e+02 3.950000000000000000e+02 1.600000000000000000e+01
4.350000000000000000e+02 3.950000000000000000e+02 1.600000000000000000e+01
4.360000000000000000e+02 3.950000000000000000e+02 1.600000000000000000e+01
4.370000000000000000e+02 3.950000000000000000e+02 1.600000000000000000e+01
4.378000000000000114e+02 3.948000000000000114e+02 1.600000000000000000e+01
4.386000000000000227e+02 3.946000000000000227e+02 1.600000000000000000e+01
4.393999999999999773e+02 3.943999999999999773e+02 1.500000000000000000e+01
4.401999999999999886e+02 3.941999999999999886e+02 1.500000000000000000e+01
4.408000000000000114e+02 3.938000000000000114e+02 1.500000000000000000e+01
4.416000000000000227e+02 3.936000000000000227e+02 1.500000000000000000e+01
4.423999999999999773e+02 3.933999999999999773e+02 1.500000000000000000e+01
4.431999999999999886e+02 3.931999999999999886e+02 1.500000000000000000e+01
4.440000000000000000e+02 3.930000000000000000e+02 1.500000000000000000e+01
4.450000000000000000e+02 3.930000000000000000e+02 1.500000000000000000e+01
4.460000000000000000e+02 3.930000000000000000e+02 1.500000000000000000e+01
4.470000000000000000e+02 3.930000000000000000e+02 1.500000000000000000e+01
4.480000000000000000e+02 3.930000000000000000e+02 1.500000000000000000e+01
4.488000000000000114e+02 3.931999999999999886e+02 1.500000000000000000e+01
4.496000000000000227e+02 3.933999999999999773e+02 1.500000000000000000e+01
4.503999999999999773e+02 3.938000000000000114e+02 1.500000000000000000e+01
4.511999999999999886e+02 3.943999999999999773e+02 1.400000000000000000e+01
4.520000000000000000e+02 3.951999999999999886e+02 1.400000000000000000e+01
4.528000000000000114e+02 3.960000000000000000e+02 1.400000000000000000e+01
4.536000000000000227e+02 3.968000000000000114e+02 1.400000000000000000e+01
4.541999999999999886e+02 3.976000000000000227e+02 1.400000000000000000e+01
4.548000000000000114e+02 3.983999999999999773e+02 1.400000000000000000e+01
4.551999999999999886e+02 3.991999999999999886e+02 1.400000000000000000e+01
4.556000000000000227e+02 4.000000000000000000e+02 1.400000000000000000e+01
4.560000000000000000e+02 4.008000000000000114e+02 1.400000000000000000e+01
4.563999999999999773e+02 4.016000000000000227e+02 1.400000000000000000e+01
4.566000000000000227e+02 4.023999999999999773e+02 1.400000000000000000e+01
4.570000000000000000e+02 4.031999999999999886e+02 1.400000000000000000e+01
4.573999999999999773e+02 4.040000000000000000e+02 1.400000000000000000e+01
4.576000000000000227e+02 4.050000000000000000e+02 1.400000000000000000e+01
4.578000000000000114e+02 4.060000000000000000e+02 1.400000000000000000e+01
4.580000000000000000e+02 4.065000000000000000e+02 1.400000000000000000e+01
