5.090000000000000000e+02 4.000000000000000000e+02 1.000000000000000000e+01
5.090000000000000000e+02 4.010000000000000000e+02 1.000000000000000000e+01
5.090000000000000000e+02 4.020000000000000000e+02 1.000000000000000000e+01
5.090000000000000000e+02 4.030000000000000000e+02 1.000000000000000000e+01
5.090000000000000000e+02 4.040000000000000000e+02 1.000000000000000000e+01
5.090000000000000000e+02 4.050000000000000000e+02 1.000000000000000000e+01
5.091999999999999886e+02 4.058000000000000114e+02 1.000000000000000000e+01
5.093999999999999773e+02 4.066000000000000227e+02 1.000000000000000000e+01
5.096000000000000227e+02 4.073999999999999773e+02 1.000000000000000000e+01
5.098000000000000114e+02 4.081999999999999886e+02 1.000000000000000000e+01
5.100000000000000000e+02 4.091999999999999886e+02 1.000000000000000000e+01
5.100000000000000000e+02 4.103999999999999773e+02 1.100000000000000000e+01
5.100000000000000000e+02 4.116000000000000227e+02 1.100000000000000000e+01
5.100000000000000000e+02 4.128000000000000114e+02 1.100000000000000000e+01
5.100000000000000000e+02 4.140000000000000000e+02 1.100000000000000000e+01
5.100000000000000000e+02 4.150000000000000000e+02 1.100000000000000000e+01
5.098000000000000114e+02 4.158000000000000114e+02 1.100000000000000000e+01
5.096000000000000227e+02 4.166000000000000227e+02 1.100000000000000000e+01
5.093999999999999773e+02 4.173999999999999773e+02 1.100000000000000000e+01
5.091999999999999886e+02 4.181999999999999886e+02 1.100000000000000000e+01
5.090000000000000000e+02 4.190000000000000000e+02 1.100000000000000000e+01
5.088000000000000114e+02 4.198000000000000114e+02 1.100000000000000000e+01
5.086000000000000227e+02 4.206000000000000227e+02 1.100000000000000000e+01
5.083999999999999773e+02 4.213999999999999773e+02 1.100000000000000000e+01
5.081999999999999886e+02 4.221999999999999886e+02 1.100000000000000000e+01
5.078000000000000114e+02 4.228000000000000114e+02 1.100000000000000000e+01
5.076000000000000227e+02 4.236000000000000227e+02 1.100000000000000000e+01
5.073999999999999773e+02 4.243999999999999773e+02 1.100000000000000000e+01
5.071999999999999886e+02 4.251999999999999886e+02 1.200000000000000000e+01
5.070000000000000000e+02 4.260000000000000000e+02 1.200000000000000000e+01
5.070000000000000000e+02 4.270000000000000000e+02 1.200000000000000000e+01
5.070000000000000000e+02 4.280000000000000000e+02 1.200000000000000000e+01
5.070000000000000000e+02 4.290000000000000000e+02 1.200000000000000000e+01
5.070000000000000000e+02 4.300000000000000000e+02 1.200000000000000000e+01
5.070000000000000000e+02 4.310000000000000000e+02 1.200000000000000000e+01
5.070000000000000000e+02 4.320000000000000000e+02 1.200000000000000000e+01
5.070000000000000000e+02 4.330000000000000000e+02 1.200000000000000000e+01
5.070000000000000000e+02 4.340000000000000000e+02 1.200000000000000000e+01
5.070000000000000000e+02 4.350000000000000000e+02 1.200000000000000000e+01
5.070000000000000000e+02 4.360000000000000000e+02 1.200000000000000000e+01
5.070000000000000000e+02 4.370000000000000000e+02 1.200000000000000000e+01
5.070000000000000000e+02 4.378000000000000114e+02 1.200000000000000000e+01
5.071999999999999886e+02 4.383999999999999773e+02 1.300000000000000000e+01
5.071999999999999886e+02 4.390000000000000000e+02 1.300000000000000000e+01
5.071999999999999886e+02 4.396000000000000227e+02 1.300000000000000000e+01
5.071999999999999886e+02 4.401999999999999886e+02 1.300000000000000000e+01
5.071999999999999886e+02 4.410000000000000000e+02 1.300000000000000000e+01
5.070000000000000000e+02 4.420000000000000000e+02 1.300000000000000000e+01
5.070000000000000000e+02 4.430000000000000000e+02 1.300000000000000000e+01
5.070000000000000000e+02 4.440000000000000000e+02 1.300000000000000000e+01
5.070000000000000000e+02 4.450000000000000000e+02 1.300000000000000000e+01
5.070000000000000000e+02 4.460000000000000000e+02 1.300000000000000000e+01
5.070000000000000000e+02 4.470000000000000000e+02 1.300000000000000000e+01
5.070000000000000000e+02 4.480000000000000000e+02 1.300000000000000000e+01
5.070000000000000000e+02 4.490000000000000000e+02 1.300000000000000000e+01
5.070000000000000000e+02 4.500000000000000000e+02 1.300000000000000000e+01
5.070000000000000000e+02 4.510000000000000000e+02 1.300000000000000000e+01
5.071999999999999886e+02 4.518000000000000114e+02 1.300000000000000000e+01
5.072500000000000000e+02 4.522500000000000000e+02 1.300000000000000000e+01
