6.032000000000000455e+02 1.195200000000000045e+03 2.900000000000000000e+01
6.032000000000000455e+02 1.196000000000000000e+03 2.900000000000000000e+01
6.030000000000000000e+02 1.197000000000000000e+03 2.900000000000000000e+01
6.027999999999999545e+02 1.198000000000000000e+03 2.900000000000000000e+01
6.026000000000000227e+02 1.199000000000000000e+03 2.900000000000000000e+01
6.023999999999999773e+02 1.200000000000000000e+03 2.900000000000000000e+01
6.022000000000000455e+02 1.201000000000000000e+03 2.900000000000000000e+01
6.020000000000000000e+02 1.202000000000000000e+03 2.900000000000000000e+01
6.020000000000000000e+02 1.203000000000000000e+03 2.900000000000000000e+01
6.017999999999999545e+02 1.203799999999999955e+03 2.900000000000000000e+01
6.016000000000000227e+02 1.204599999999999909e+03 2.900000000000000000e+01
6.013999999999999773e+02 1.205400000000000091e+03 2.900000000000000000e+01
6.012000000000000455e+02 1.206200000000000045e+03 2.900000000000000000e+01
6.010000000000000000e+02 1.207000000000000000e+03 2.900000000000000000e+01
6.010000000000000000e+02 1.208000000000000000e+03 2.900000000000000000e+01
6.007999999999999545e+02 1.209000000000000000e+03 2.900000000000000000e+01
6.006000000000000227e+02 1.210000000000000000e+03 2.900000000000000000e+01
6.003999999999999773e+02 1.211000000000000000e+03 2.900000000000000000e+01
6.002000000000000455e+02 1.212000000000000000e+03 2.900000000000000000e+01
6.000000000000000000e+02 1.213000000000000000e+03 2.900000000000000000e+01
6.000000000000000000e+02 1.214000000000000000e+03 2.900000000000000000e+01
6.000000000000000000e+02 1.215000000000000000e+03 2.900000000000000000e+01
6.000000000000000000e+02 1.216000000000000000e+03 2.900000000000000000e+01
5.997999999999999545e+02 1.216799999999999955e+03 2.900000000000000000e+01
5.996000000000000227e+02 1.217599999999999909e+03 2.900000000000000000e+01
5.993999999999999773e+02 1.218400000000000091e+03 2.900000000000000000e+01
5.992000000000000455e+02 1.219200000000000045e+03 2.900000000000000000e+01
5.990000000000000000e+02 1.220000000000000000e+03 2.900000000000000000e+01
5.990000000000000000e+02 1.221000000000000000e+03 2.900000000000000000e+01
5.990000000000000000e+02 1.222000000000000000e+03 2.900000000000000000e+01
5.990000000000000000e+02 1.223000000000000000e+03 2.900000000000000000e+01
5.990000000000000000e+02 1.224000000000000000e+03 2.900000000000000000e+01
5.990000000000000000e+02 1.225000000000000000e+03 2.900000000000000000e+01
5.990000000000000000e+02 1.226000000000000000e+03 2.900000000000000000e+01
5.987999999999999545e+02 1.227000000000000000e+03 2.900000000000000000e+01
5.986000000000000227e+02 1.228000000000000000e+03 2.900000000000000000e+01
5.983999999999999773e+02 1.229000000000000000e+03 2.900000000000000000e+01
5.982000000000000455e+02 1.230000000000000000e+03 2.900000000000000000e+01
5.980000000000000000e+02 1.231000000000000000e+03 2.900000000000000000e+01
5.980000000000000000e+02 1.232000000000000000e+03 2.900000000000000000e+01
5.980000000000000000e+02 1.233000000000000000e+03 2.900000000000000000e+01
5.980000000000000000e+02 1.234000000000000000e+03 2.900000000000000000e+01
5.980000000000000000e+02 1.234500000000000000e+03 2.900000000000000000e+01
