4.298000000000000114e+02 1.414799999999999955e+03 2.800000000000000000e+01
4.296000000000000227e+02 1.415599999999999909e+03 2.800000000000000000e+01
4.293999999999999773e+02 1.416400000000000091e+03 2.800000000000000000e+01
4.291999999999999886e+02 1.417200000000000045e+03 2.800000000000000000e+01
4.290000000000000000e+02 1.418000000000000000e+03 2.800000000000000000e+01
4.290000000000000000e+02 1.419000000000000000e+03 2.800000000000000000e+01
4.288000000000000114e+02 1.419799999999999955e+03 2.800000000000000000e+01
4.286000000000000227e+02 1.420599999999999909e+03 2.800000000000000000e+01
4.283999999999999773e+02 1.421400000000000091e+03 2.800000000000000000e+01
4.281999999999999886e+02 1.422200000000000045e+03 2.800000000000000000e+01
4.280000000000000000e+02 1.423000000000000000e+03 2.800000000000000000e+01
4.280000000000000000e+02 1.424000000000000000e+03 2.800000000000000000e+01
4.278000000000000114e+02 1.424799999999999955e+03 2.800000000000000000e+01
4.276000000000000227e+02 1.425599999999999909e+03 2.800000000000000000e+01
4.273999999999999773e+02 1.426400000000000091e+03 2.800000000000000000e+01
4.272500000000000000e+02 1.426750000000000000e+03 2.800000000000000000e+01
