3.990000000000000000e+02 1.371000000000000000e+03 3.000000000000000000e+01
3.991999999999999886e+02 1.372000000000000000e+03 3.000000000000000000e+01
3.993999999999999773e+02 1.373000000000000000e+03 3.000000000000000000e+01
3.996000000000000227e+02 1.373799999999999955e+03 3.100000000000000000e+01
3.998000000000000114e+02 1.374599999999999909e+03 3.000000000000000000e+01
4.000000000000000000e+02 1.375400000000000091e+03 3.100000000000000000e+01
4.000000000000000000e+02 1.376200000000000045e+03 3.100000000000000000e+01
4.000000000000000000e+02 1.377000000000000000e+03 3.100000000000000000e+01
4.000000000000000000e+02 1.378000000000000000e+03 3.100000000000000000e+01
4.000000000000000000e+02 1.379000000000000000e+03 3.100000000000000000e+01
4.000000000000000000e+02 1.380000000000000000e+03 3.100000000000000000e+01
4.000000000000000000e+02 1.381000000000000000e+03 3.100000000000000000e+01
4.000000000000000000e+02 1.382000000000000000e+03 3.100000000000000000e+01
4.000000000000000000e+02 1.383000000000000000e+03 3.100000000000000000e+01
4.000000000000000000e+02 1.384000000000000000e+03 3.100000000000000000e+01
4.000000000000000000e+02 1.385000000000000000e+03 3.100000000000000000e+01
3.998000000000000114e+02 1.385799999999999955e+03 3.100000000000000000e+01
3.996000000000000227e+02 1.386599999999999909e+03 3.100000000000000000e+01
3.993999999999999773e+02 1.387400000000000091e+03 3.100000000000000000e+01
3.991999999999999886e+02 1.388200000000000045e+03 3.100000000000000000e+01
3.990000000000000000e+02 1.389000000000000000e+03 3.100000000000000000e+01
3.990000000000000000e+02 1.389799999999999955e+03 3.200000000000000000e+01
3.990000000000000000e+02 1.390599999999999909e+03 3.100000000000000000e+01
3.990000000000000000e+02 1.391400000000000091e+03 3.100000000000000000e+01
3.990000000000000000e+02 1.392200000000000045e+03 3.100000000000000000e+01
3.990000000000000000e+02 1.393000000000000000e+03 3.100000000000000000e+01
3.990000000000000000e+02 1.394000000000000000e+03 3.100000000000000000e+01
3.990000000000000000e+02 1.395000000000000000e+03 3.100000000000000000e+01
3.990000000000000000e+02 1.396000000000000000e+03 3.100000000000000000e+01
3.990000000000000000e+02 1.397000000000000000e+03 3.100000000000000000e+01
3.990000000000000000e+02 1.398000000000000000e+03 3.100000000000000000e+01
3.991999999999999886e+02 1.398799999999999955e+03 3.100000000000000000e+01
3.993999999999999773e+02 1.399599999999999909e+03 3.100000000000000000e+01
3.996000000000000227e+02 1.400400000000000091e+03 3.100000000000000000e+01
3.998000000000000114e+02 1.401200000000000045e+03 3.100000000000000000e+01
4.000000000000000000e+02 1.402000000000000000e+03 3.100000000000000000e+01
4.000000000000000000e+02 1.403000000000000000e+03 3.100000000000000000e+01
4.000000000000000000e+02 1.404000000000000000e+03 3.100000000000000000e+01
4.000000000000000000e+02 1.405000000000000000e+03 3.000000000000000000e+01
4.000000000000000000e+02 1.406000000000000000e+03 3.000000000000000000e+01
4.001999999999999886e+02 1.406799999999999955e+03 3.000000000000000000e+01
4.003999999999999773e+02 1.407599999999999909e+03 3.000000000000000000e+01
4.006000000000000227e+02 1.408400000000000091e+03 3.000000000000000000e+01
4.008000000000000114e+02 1.409200000000000045e+03 3.000000000000000000e+01
4.010000000000000000e+02 1.410000000000000000e+03 3.000000000000000000e+01
4.010000000000000000e+02 1.411000000000000000e+03 3.000000000000000000e+01
4.011999999999999886e+02 1.411799999999999955e+03 3.000000000000000000e+01
4.013999999999999773e+02 1.412599999999999909e+03 3.000000000000000000e+01
4.016000000000000227e+02 1.413400000000000091e+03 2.900000000000000000e+01
4.018000000000000114e+02 1.414200000000000045e+03 2.900000000000000000e+01
4.020000000000000000e+02 1.415000000000000000e+03 2.900000000000000000e+01
4.021999999999999886e+02 1.416000000000000000e+03 2.900000000000000000e+01
4.023999999999999773e+02 1.417000000000000000e+03 2.900000000000000000e+01
4.026000000000000227e+02 1.418000000000000000e+03 2.900000000000000000e+01
4.028000000000000114e+02 1.419000000000000000e+03 2.900000000000000000e+01
4.030000000000000000e+02 1.419500000000000000e+03 2.900000000000000000e+01
