1.055200000000000045e+03 1.120000000000000000e+03 2.600000000000000000e+01
1.055799999999999955e+03 1.121000000000000000e+03 2.600000000000000000e+01
1.056200000000000045e+03 1.122000000000000000e+03 2.600000000000000000e+01
1.056599999999999909e+03 1.123000000000000000e+03 2.600000000000000000e+01
1.057000000000000000e+03 1.123799999999999955e+03 2.600000000000000000e+01
1.057400000000000091e+03 1.124599999999999909e+03 2.600000000000000000e+01
1.057599999999999909e+03 1.125400000000000091e+03 2.600000000000000000e+01
1.057799999999999955e+03 1.126200000000000045e+03 2.600000000000000000e+01
1.058200000000000045e+03 1.126799999999999955e+03 2.600000000000000000e+01
1.058400000000000091e+03 1.127599999999999909e+03 2.600000000000000000e+01
1.058599999999999909e+03 1.128400000000000091e+03 2.600000000000000000e+01
1.058799999999999955e+03 1.129200000000000045e+03 2.600000000000000000e+01
1.059000000000000000e+03 1.130000000000000000e+03 2.600000000000000000e+01
1.059200000000000045e+03 1.130799999999999955e+03 2.500000000000000000e+01
1.059400000000000091e+03 1.131599999999999909e+03 2.500000000000000000e+01
1.059599999999999909e+03 1.132400000000000091e+03 2.500000000000000000e+01
1.059799999999999955e+03 1.133200000000000045e+03 2.500000000000000000e+01
1.060000000000000000e+03 1.134000000000000000e+03 2.500000000000000000e+01
1.060200000000000045e+03 1.135000000000000000e+03 2.500000000000000000e+01
1.060400000000000091e+03 1.136000000000000000e+03 2.500000000000000000e+01
1.060599999999999909e+03 1.137000000000000000e+03 2.500000000000000000e+01
1.060799999999999955e+03 1.138000000000000000e+03 2.500000000000000000e+01
1.061000000000000000e+03 1.139000000000000000e+03 2.500000000000000000e+01
1.061000000000000000e+03 1.140000000000000000e+03 2.500000000000000000e+01
1.061000000000000000e+03 1.141000000000000000e+03 2.500000000000000000e+01
1.061000000000000000e+03 1.142000000000000000e+03 2.500000000000000000e+01
1.061000000000000000e+03 1.143000000000000000e+03 2.500000000000000000e+01
1.061000000000000000e+03 1.144000000000000000e+03 2.500000000000000000e+01
1.061000000000000000e+03 1.145000000000000000e+03 2.500000000000000000e+01
1.061000000000000000e+03 1.146000000000000000e+03 2.500000000000000000e+01
1.061000000000000000e+03 1.147000000000000000e+03 2.500000000000000000e+01
1.061000000000000000e+03 1.148000000000000000e+03 2.500000000000000000e+01
1.061000000000000000e+03 1.149000000000000000e+03 2.500000000000000000e+01
1.060799999999999955e+03 1.149799999999999955e+03 2.500000000000000000e+01
1.060599999999999909e+03 1.150599999999999909e+03 2.500000000000000000e+01
1.060400000000000091e+03 1.151400000000000091e+03 2.500000000000000000e+01
1.060200000000000045e+03 1.152000000000000000e+03 2.500000000000000000e+01
1.060000000000000000e+03 1.152599999999999909e+03 2.600000000000000000e+01
1.059799999999999955e+03 1.153200000000000045e+03 2.600000000000000000e+01
1.059599999999999909e+03 1.153799999999999955e+03 2.600000000000000000e+01
1.059400000000000091e+03 1.154400000000000091e+03 2.600000000000000000e+01
1.059200000000000045e+03 1.155200000000000045e+03 2.600000000000000000e+01
1.058799999999999955e+03 1.155799999999999955e+03 2.600000000000000000e+01
1.058599999999999909e+03 1.156599999999999909e+03 2.600000000000000000e+01
1.058400000000000091e+03 1.157400000000000091e+03 2.600000000000000000e+01
1.058200000000000045e+03 1.158200000000000045e+03 2.600000000000000000e+01
1.058000000000000000e+03 1.159000000000000000e+03 2.600000000000000000e+01
1.057799999999999955e+03 1.159799999999999955e+03 2.600000000000000000e+01
1.057750000000000000e+03 1.160250000000000000e+03 2.600000000000000000e+01
