7.716000000000000227e+02 1.031000000000000000e+03 2.800000000000000000e+01
7.720000000000000000e+02 1.031400000000000091e+03 2.800000000000000000e+01
7.723999999999999773e+02 1.031799999999999955e+03 2.800000000000000000e+01
7.727999999999999545e+02 1.032200000000000045e+03 2.800000000000000000e+01
7.733999999999999773e+02 1.032599999999999909e+03 2.800000000000000000e+01
7.740000000000000000e+02 1.032799999999999955e+03 2.800000000000000000e+01
7.743999999999999773e+02 1.032799999999999955e+03 2.700000000000000000e+01
7.750000000000000000e+02 1.032599999999999909e+03 2.700000000000000000e+01
7.753999999999999773e+02 1.032200000000000045e+03 2.700000000000000000e+01
7.757999999999999545e+02 1.031599999999999909e+03 2.700000000000000000e+01
7.762000000000000455e+02 1.031000000000000000e+03 2.700000000000000000e+01
7.766000000000000227e+02 1.030400000000000091e+03 2.600000000000000000e+01
7.770000000000000000e+02 1.029799999999999955e+03 2.600000000000000000e+01
7.773999999999999773e+02 1.029000000000000000e+03 2.600000000000000000e+01
7.776000000000000227e+02 1.028599999999999909e+03 2.600000000000000000e+01
7.777500000000000000e+02 1.028250000000000000e+03 2.600000000000000000e+01
