1.570000000000000000e+02 1.378000000000000114e+02 1.200000000000000000e+01
1.561999999999999886e+02 1.385999999999999943e+02 1.200000000000000000e+01
1.554000000000000057e+02 1.391999999999999886e+02 1.200000000000000000e+01
1.548000000000000114e+02 1.398000000000000114e+02 1.200000000000000000e+01
1.541999999999999886e+02 1.401999999999999886e+02 1.200000000000000000e+01
1.538000000000000114e+02 1.408000000000000114e+02 1.200000000000000000e+01
1.531999999999999886e+02 1.411999999999999886e+02 1.200000000000000000e+01
1.525999999999999943e+02 1.415999999999999943e+02 1.200000000000000000e+01
1.520000000000000000e+02 1.420000000000000000e+02 1.200000000000000000e+01
1.514000000000000057e+02 1.424000000000000057e+02 1.200000000000000000e+01
1.505999999999999943e+02 1.428000000000000114e+02 1.200000000000000000e+01
1.502500000000000000e+02 1.430000000000000000e+02 1.200000000000000000e+01
