8.087999999999999545e+02 1.341000000000000000e+03 2.100000000000000000e+01
8.092000000000000455e+02 1.342000000000000000e+03 2.100000000000000000e+01
8.097999999999999545e+02 1.342799999999999955e+03 2.100000000000000000e+01
8.102000000000000455e+02 1.343599999999999909e+03 2.100000000000000000e+01
8.106000000000000227e+02 1.344400000000000091e+03 2.100000000000000000e+01
8.110000000000000000e+02 1.345000000000000000e+03 2.100000000000000000e+01
8.113999999999999773e+02 1.345599999999999909e+03 2.100000000000000000e+01
8.117999999999999545e+02 1.346400000000000091e+03 2.100000000000000000e+01
8.122000000000000455e+02 1.347200000000000045e+03 2.100000000000000000e+01
8.127999999999999545e+02 1.347799999999999955e+03 2.100000000000000000e+01
8.132000000000000455e+02 1.348599999999999909e+03 2.100000000000000000e+01
8.137999999999999545e+02 1.349200000000000045e+03 2.100000000000000000e+01
8.142000000000000455e+02 1.349799999999999955e+03 2.100000000000000000e+01
8.147999999999999545e+02 1.350200000000000045e+03 2.100000000000000000e+01
8.152000000000000455e+02 1.350799999999999955e+03 2.100000000000000000e+01
8.157999999999999545e+02 1.351400000000000091e+03 2.100000000000000000e+01
8.163999999999999773e+02 1.352000000000000000e+03 2.100000000000000000e+01
8.170000000000000000e+02 1.352599999999999909e+03 2.100000000000000000e+01
8.176000000000000227e+02 1.353200000000000045e+03 2.100000000000000000e+01
8.182000000000000455e+02 1.353799999999999955e+03 2.100000000000000000e+01
8.187999999999999545e+02 1.354200000000000045e+03 2.100000000000000000e+01
8.193999999999999773e+02 1.354799999999999955e+03 2.100000000000000000e+01
8.202000000000000455e+02 1.355200000000000045e+03 2.100000000000000000e+01
8.207999999999999545e+02 1.355799999999999955e+03 2.100000000000000000e+01
8.216000000000000227e+02 1.356200000000000045e+03 2.100000000000000000e+01
8.223999999999999773e+02 1.356799999999999955e+03 2.100000000000000000e+01
8.232000000000000455e+02 1.357200000000000045e+03 2.100000000000000000e+01
8.240000000000000000e+02 1.357799999999999955e+03 2.100000000000000000e+01
8.250000000000000000e+02 1.358200000000000045e+03 2.100000000000000000e+01
8.255000000000000000e+02 1.358500000000000000e+03 2.100000000000000000e+01
