4.448000000000000114e+02 7.682000000000000455e+02 1.700000000000000000e+01
4.446000000000000227e+02 7.687999999999999545e+02 1.700000000000000000e+01
4.443999999999999773e+02 7.692000000000000455e+02 1.700000000000000000e+01
4.441999999999999886e+02 7.697999999999999545e+02 1.800000000000000000e+01
4.440000000000000000e+02 7.702000000000000455e+02 1.800000000000000000e+01
4.438000000000000114e+02 7.707999999999999545e+02 1.900000000000000000e+01
4.436000000000000227e+02 7.713999999999999773e+02 1.900000000000000000e+01
4.433999999999999773e+02 7.722000000000000455e+02 2.000000000000000000e+01
4.431999999999999886e+02 7.727999999999999545e+02 2.000000000000000000e+01
4.428000000000000114e+02 7.733999999999999773e+02 2.100000000000000000e+01
4.426000000000000227e+02 7.740000000000000000e+02 2.100000000000000000e+01
4.421999999999999886e+02 7.746000000000000227e+02 2.100000000000000000e+01
4.418000000000000114e+02 7.752000000000000455e+02 2.100000000000000000e+01
4.411999999999999886e+02 7.757999999999999545e+02 2.100000000000000000e+01
4.408000000000000114e+02 7.766000000000000227e+02 2.100000000000000000e+01
4.401999999999999886e+02 7.773999999999999773e+02 2.200000000000000000e+01
4.398000000000000114e+02 7.782000000000000455e+02 2.200000000000000000e+01
4.391999999999999886e+02 7.787999999999999545e+02 2.200000000000000000e+01
4.388000000000000114e+02 7.796000000000000227e+02 2.200000000000000000e+01
4.381999999999999886e+02 7.803999999999999773e+02 2.300000000000000000e+01
4.378000000000000114e+02 7.812000000000000455e+02 2.300000000000000000e+01
4.371999999999999886e+02 7.817999999999999545e+02 2.300000000000000000e+01
4.368000000000000114e+02 7.826000000000000227e+02 2.300000000000000000e+01
4.363999999999999773e+02 7.833999999999999773e+02 2.300000000000000000e+01
4.362500000000000000e+02 7.837500000000000000e+02 2.400000000000000000e+01
