6.767999999999999545e+02 1.088799999999999955e+03 2.800000000000000000e+01
6.772000000000000455e+02 1.089599999999999909e+03 2.800000000000000000e+01
6.776000000000000227e+02 1.090400000000000091e+03 2.800000000000000000e+01
6.780000000000000000e+02 1.091000000000000000e+03 2.800000000000000000e+01
6.783999999999999773e+02 1.091599999999999909e+03 2.800000000000000000e+01
6.786000000000000227e+02 1.092400000000000091e+03 2.800000000000000000e+01
6.790000000000000000e+02 1.093000000000000000e+03 2.800000000000000000e+01
6.793999999999999773e+02 1.093599999999999909e+03 2.800000000000000000e+01
6.796000000000000227e+02 1.094400000000000091e+03 2.800000000000000000e+01
6.800000000000000000e+02 1.095000000000000000e+03 2.800000000000000000e+01
6.803999999999999773e+02 1.095599999999999909e+03 2.800000000000000000e+01
6.807999999999999545e+02 1.096400000000000091e+03 2.800000000000000000e+01
6.812000000000000455e+02 1.097200000000000045e+03 2.800000000000000000e+01
6.815000000000000000e+02 1.097500000000000000e+03 2.800000000000000000e+01
