4.610000000000000000e+02 4.070000000000000000e+02 1.400000000000000000e+01
4.616000000000000227e+02 4.066000000000000227e+02 1.400000000000000000e+01
4.623999999999999773e+02 4.063999999999999773e+02 1.400000000000000000e+01
4.630000000000000000e+02 4.060000000000000000e+02 1.400000000000000000e+01
4.636000000000000227e+02 4.056000000000000227e+02 1.400000000000000000e+01
4.643999999999999773e+02 4.051999999999999886e+02 1.400000000000000000e+01
4.651999999999999886e+02 4.048000000000000114e+02 1.400000000000000000e+01
4.658000000000000114e+02 4.041999999999999886e+02 1.400000000000000000e+01
4.666000000000000227e+02 4.038000000000000114e+02 1.400000000000000000e+01
4.671999999999999886e+02 4.031999999999999886e+02 1.400000000000000000e+01
4.678000000000000114e+02 4.028000000000000114e+02 1.400000000000000000e+01
4.681999999999999886e+02 4.021999999999999886e+02 1.400000000000000000e+01
4.688000000000000114e+02 4.018000000000000114e+02 1.400000000000000000e+01
4.691999999999999886e+02 4.011999999999999886e+02 1.400000000000000000e+01
4.698000000000000114e+02 4.008000000000000114e+02 1.400000000000000000e+01
4.701999999999999886e+02 4.001999999999999886e+02 1.400000000000000000e+01
4.708000000000000114e+02 3.998000000000000114e+02 1.400000000000000000e+01
4.711999999999999886e+02 3.991999999999999886e+02 1.400000000000000000e+01
4.718000000000000114e+02 3.988000000000000114e+02 1.400000000000000000e+01
4.721999999999999886e+02 3.981999999999999886e+02 1.400000000000000000e+01
4.728000000000000114e+02 3.978000000000000114e+02 1.400000000000000000e+01
4.731999999999999886e+02 3.971999999999999886e+02 1.400000000000000000e+01
4.738000000000000114e+02 3.968000000000000114e+02 1.400000000000000000e+01
4.741999999999999886e+02 3.961999999999999886e+02 1.400000000000000000e+01
4.748000000000000114e+02 3.958000000000000114e+02 1.400000000000000000e+01
4.751999999999999886e+02 3.951999999999999886e+02 1.400000000000000000e+01
4.758000000000000114e+02 3.948000000000000114e+02 1.400000000000000000e+01
4.761999999999999886e+02 3.941999999999999886e+02 1.400000000000000000e+01
4.768000000000000114e+02 3.936000000000000227e+02 1.400000000000000000e+01
4.771999999999999886e+02 3.928000000000000114e+02 1.400000000000000000e+01
4.778000000000000114e+02 3.921999999999999886e+02 1.400000000000000000e+01
4.781999999999999886e+02 3.913999999999999773e+02 1.400000000000000000e+01
4.788000000000000114e+02 3.908000000000000114e+02 1.400000000000000000e+01
4.791999999999999886e+02 3.901999999999999886e+02 1.400000000000000000e+01
4.798000000000000114e+02 3.898000000000000114e+02 1.400000000000000000e+01
4.801999999999999886e+02 3.891999999999999886e+02 1.400000000000000000e+01
4.808000000000000114e+02 3.886000000000000227e+02 1.400000000000000000e+01
4.813999999999999773e+02 3.878000000000000114e+02 1.400000000000000000e+01
4.821999999999999886e+02 3.870000000000000000e+02 1.400000000000000000e+01
4.830000000000000000e+02 3.860000000000000000e+02 1.400000000000000000e+01
4.840000000000000000e+02 3.851999999999999886e+02 1.400000000000000000e+01
4.848000000000000114e+02 3.843999999999999773e+02 1.400000000000000000e+01
4.856000000000000227e+02 3.838000000000000114e+02 1.400000000000000000e+01
4.861999999999999886e+02 3.831999999999999886e+02 1.400000000000000000e+01
4.868000000000000114e+02 3.828000000000000114e+02 1.400000000000000000e+01
4.871999999999999886e+02 3.821999999999999886e+02 1.400000000000000000e+01
4.878000000000000114e+02 3.818000000000000114e+02 1.400000000000000000e+01
4.881999999999999886e+02 3.811999999999999886e+02 1.400000000000000000e+01
4.888000000000000114e+02 3.808000000000000114e+02 1.400000000000000000e+01
4.891999999999999886e+02 3.801999999999999886e+02 1.400000000000000000e+01
4.898000000000000114e+02 3.798000000000000114e+02 1.400000000000000000e+01
4.901999999999999886e+02 3.791999999999999886e+02 1.400000000000000000e+01
4.908000000000000114e+02 3.788000000000000114e+02 1.400000000000000000e+01
4.911999999999999886e+02 3.781999999999999886e+02 1.400000000000000000e+01
4.918000000000000114e+02 3.778000000000000114e+02 1.400000000000000000e+01
4.921999999999999886e+02 3.771999999999999886e+02 1.400000000000000000e+01
4.926000000000000227e+02 3.766000000000000227e+02 1.400000000000000000e+01
4.930000000000000000e+02 3.760000000000000000e+02 1.400000000000000000e+01
4.933999999999999773e+02 3.753999999999999773e+02 1.400000000000000000e+01
4.936000000000000227e+02 3.746000000000000227e+02 1.400000000000000000e+01
4.940000000000000000e+02 3.740000000000000000e+02 1.400000000000000000e+01
4.943999999999999773e+02 3.733999999999999773e+02 1.400000000000000000e+01
4.946000000000000227e+02 3.726000000000000227e+02 1.400000000000000000e+01
4.948000000000000114e+02 3.718000000000000114e+02 1.400000000000000000e+01
4.950000000000000000e+02 3.710000000000000000e+02 1.400000000000000000e+01
4.950000000000000000e+02 3.700000000000000000e+02 1.400000000000000000e+01
4.950000000000000000e+02 3.690000000000000000e+02 1.400000000000000000e+01
4.950000000000000000e+02 3.680000000000000000e+02 1.400000000000000000e+01
4.950000000000000000e+02 3.670000000000000000e+02 1.400000000000000000e+01
4.950000000000000000e+02 3.660000000000000000e+02 1.400000000000000000e+01
4.951999999999999886e+02 3.651999999999999886e+02 1.400000000000000000e+01
4.953999999999999773e+02 3.643999999999999773e+02 1.400000000000000000e+01
4.956000000000000227e+02 3.636000000000000227e+02 1.400000000000000000e+01
4.960000000000000000e+02 3.630000000000000000e+02 1.400000000000000000e+01
4.963999999999999773e+02 3.623999999999999773e+02 1.400000000000000000e+01
4.968000000000000114e+02 3.618000000000000114e+02 1.400000000000000000e+01
4.971999999999999886e+02 3.611999999999999886e+02 1.400000000000000000e+01
4.978000000000000114e+02 3.608000000000000114e+02 1.400000000000000000e+01
4.986000000000000227e+02 3.601999999999999886e+02 1.400000000000000000e+01
4.993999999999999773e+02 3.596000000000000227e+02 1.400000000000000000e+01
4.998000000000000114e+02 3.591999999999999886e+02 1.400000000000000000e+01
5.002500000000000000e+02 3.590000000000000000e+02 1.400000000000000000e+01
