3.358000000000000114e+02 3.458000000000000114e+02 2.000000000000000000e+01
3.363999999999999773e+02 3.453999999999999773e+02 2.000000000000000000e+01
3.371999999999999886e+02 3.451999999999999886e+02 2.000000000000000000e+01
3.378000000000000114e+02 3.448000000000000114e+02 2.000000000000000000e+01
3.386000000000000227e+02 3.446000000000000227e+02 2.000000000000000000e+01
3.393999999999999773e+02 3.443999999999999773e+02 2.000000000000000000e+01
3.400000000000000000e+02 3.443999999999999773e+02 2.000000000000000000e+01
3.406000000000000227e+02 3.443999999999999773e+02 2.000000000000000000e+01
3.413999999999999773e+02 3.446000000000000227e+02 2.000000000000000000e+01
3.421999999999999886e+02 3.448000000000000114e+02 2.000000000000000000e+01
3.428000000000000114e+02 3.451999999999999886e+02 2.000000000000000000e+01
3.432500000000000000e+02 3.452500000000000000e+02 2.000000000000000000e+01
