9.236000000000000227e+02 4.176000000000000227e+02 1.600000000000000000e+01
9.242000000000000455e+02 4.183999999999999773e+02 1.600000000000000000e+01
9.247999999999999545e+02 4.190000000000000000e+02 1.600000000000000000e+01
9.252000000000000455e+02 4.196000000000000227e+02 1.600000000000000000e+01
9.257999999999999545e+02 4.201999999999999886e+02 1.600000000000000000e+01
9.262000000000000455e+02 4.208000000000000114e+02 1.600000000000000000e+01
9.267999999999999545e+02 4.211999999999999886e+02 1.600000000000000000e+01
9.272000000000000455e+02 4.218000000000000114e+02 1.600000000000000000e+01
9.277999999999999545e+02 4.221999999999999886e+02 1.600000000000000000e+01
9.282000000000000455e+02 4.228000000000000114e+02 1.600000000000000000e+01
9.287999999999999545e+02 4.233999999999999773e+02 1.600000000000000000e+01
9.292000000000000455e+02 4.241999999999999886e+02 1.600000000000000000e+01
9.297999999999999545e+02 4.248000000000000114e+02 1.500000000000000000e+01
9.302000000000000455e+02 4.256000000000000227e+02 1.500000000000000000e+01
9.307999999999999545e+02 4.261999999999999886e+02 1.500000000000000000e+01
9.312000000000000455e+02 4.268000000000000114e+02 1.500000000000000000e+01
9.317999999999999545e+02 4.271999999999999886e+02 1.500000000000000000e+01
9.322000000000000455e+02 4.278000000000000114e+02 1.500000000000000000e+01
9.327999999999999545e+02 4.281999999999999886e+02 1.500000000000000000e+01
9.332000000000000455e+02 4.288000000000000114e+02 1.500000000000000000e+01
9.337999999999999545e+02 4.291999999999999886e+02 1.500000000000000000e+01
9.342000000000000455e+02 4.298000000000000114e+02 1.500000000000000000e+01
9.347999999999999545e+02 4.301999999999999886e+02 1.500000000000000000e+01
9.352000000000000455e+02 4.308000000000000114e+02 1.500000000000000000e+01
9.357999999999999545e+02 4.311999999999999886e+02 1.500000000000000000e+01
9.362000000000000455e+02 4.318000000000000114e+02 1.500000000000000000e+01
9.367999999999999545e+02 4.321999999999999886e+02 1.500000000000000000e+01
9.373999999999999773e+02 4.328000000000000114e+02 1.500000000000000000e+01
9.382000000000000455e+02 4.331999999999999886e+02 1.500000000000000000e+01
9.390000000000000000e+02 4.336000000000000227e+02 1.500000000000000000e+01
9.397999999999999545e+02 4.340000000000000000e+02 1.500000000000000000e+01
9.406000000000000227e+02 4.343999999999999773e+02 1.500000000000000000e+01
9.413999999999999773e+02 4.346000000000000227e+02 1.500000000000000000e+01
9.422000000000000455e+02 4.348000000000000114e+02 1.500000000000000000e+01
9.430000000000000000e+02 4.350000000000000000e+02 1.500000000000000000e+01
9.440000000000000000e+02 4.348000000000000114e+02 1.500000000000000000e+01
9.450000000000000000e+02 4.346000000000000227e+02 1.500000000000000000e+01
9.460000000000000000e+02 4.343999999999999773e+02 1.500000000000000000e+01
9.470000000000000000e+02 4.341999999999999886e+02 1.500000000000000000e+01
9.477999999999999545e+02 4.338000000000000114e+02 1.500000000000000000e+01
9.486000000000000227e+02 4.336000000000000227e+02 1.500000000000000000e+01
9.493999999999999773e+02 4.333999999999999773e+02 1.500000000000000000e+01
9.502000000000000455e+02 4.330000000000000000e+02 1.500000000000000000e+01
9.510000000000000000e+02 4.326000000000000227e+02 1.500000000000000000e+01
9.520000000000000000e+02 4.323999999999999773e+02 1.500000000000000000e+01
9.527999999999999545e+02 4.320000000000000000e+02 1.500000000000000000e+01
9.536000000000000227e+02 4.316000000000000227e+02 1.500000000000000000e+01
9.543999999999999773e+02 4.313999999999999773e+02 1.500000000000000000e+01
9.552000000000000455e+02 4.311999999999999886e+02 1.500000000000000000e+01
9.560000000000000000e+02 4.308000000000000114e+02 1.500000000000000000e+01
9.570000000000000000e+02 4.306000000000000227e+02 1.500000000000000000e+01
9.580000000000000000e+02 4.303999999999999773e+02 1.500000000000000000e+01
9.585000000000000000e+02 4.302500000000000000e+02 1.500000000000000000e+01
