9.922000000000000455e+02 1.661799999999999955e+03 2.000000000000000000e+01
9.917999999999999545e+02 1.662599999999999909e+03 2.000000000000000000e+01
9.913999999999999773e+02 1.663400000000000091e+03 2.000000000000000000e+01
9.910000000000000000e+02 1.664000000000000000e+03 2.000000000000000000e+01
9.903999999999999773e+02 1.664599999999999909e+03 2.000000000000000000e+01
9.897999999999999545e+02 1.665200000000000045e+03 2.000000000000000000e+01
9.892000000000000455e+02 1.665799999999999955e+03 2.000000000000000000e+01
9.883999999999999773e+02 1.666200000000000045e+03 2.000000000000000000e+01
9.877999999999999545e+02 1.666599999999999909e+03 2.100000000000000000e+01
9.872000000000000455e+02 1.667000000000000000e+03 2.000000000000000000e+01
9.866000000000000227e+02 1.667400000000000091e+03 2.100000000000000000e+01
9.857999999999999545e+02 1.667599999999999909e+03 2.100000000000000000e+01
9.850000000000000000e+02 1.667799999999999955e+03 2.100000000000000000e+01
9.840000000000000000e+02 1.668000000000000000e+03 2.100000000000000000e+01
9.830000000000000000e+02 1.668000000000000000e+03 2.100000000000000000e+01
9.820000000000000000e+02 1.668000000000000000e+03 2.100000000000000000e+01
9.810000000000000000e+02 1.668000000000000000e+03 2.100000000000000000e+01
9.800000000000000000e+02 1.668000000000000000e+03 2.100000000000000000e+01
9.792000000000000455e+02 1.668000000000000000e+03 2.100000000000000000e+01
9.783999999999999773e+02 1.668000000000000000e+03 2.000000000000000000e+01
9.776000000000000227e+02 1.668000000000000000e+03 2.000000000000000000e+01
9.770000000000000000e+02 1.667799999999999955e+03 2.000000000000000000e+01
9.763999999999999773e+02 1.667599999999999909e+03 2.000000000000000000e+01
9.756000000000000227e+02 1.667400000000000091e+03 2.000000000000000000e+01
9.750000000000000000e+02 1.667000000000000000e+03 2.000000000000000000e+01
9.743999999999999773e+02 1.666599999999999909e+03 2.000000000000000000e+01
9.736000000000000227e+02 1.666400000000000091e+03 2.000000000000000000e+01
9.730000000000000000e+02 1.666000000000000000e+03 2.000000000000000000e+01
9.723999999999999773e+02 1.665599999999999909e+03 2.000000000000000000e+01
9.717999999999999545e+02 1.665200000000000045e+03 2.000000000000000000e+01
9.712000000000000455e+02 1.664799999999999955e+03 2.100000000000000000e+01
9.706000000000000227e+02 1.664200000000000045e+03 2.100000000000000000e+01
9.697999999999999545e+02 1.663799999999999955e+03 2.100000000000000000e+01
9.692000000000000455e+02 1.663200000000000045e+03 2.100000000000000000e+01
9.683999999999999773e+02 1.662799999999999955e+03 2.100000000000000000e+01
9.676000000000000227e+02 1.662200000000000045e+03 2.100000000000000000e+01
9.667999999999999545e+02 1.661799999999999955e+03 2.100000000000000000e+01
9.660000000000000000e+02 1.661400000000000091e+03 2.100000000000000000e+01
9.650000000000000000e+02 1.661200000000000045e+03 2.100000000000000000e+01
9.642000000000000455e+02 1.661200000000000045e+03 2.100000000000000000e+01
9.633999999999999773e+02 1.661400000000000091e+03 2.100000000000000000e+01
9.627999999999999545e+02 1.661799999999999955e+03 2.100000000000000000e+01
9.622000000000000455e+02 1.662200000000000045e+03 2.100000000000000000e+01
9.617999999999999545e+02 1.662799999999999955e+03 2.100000000000000000e+01
9.612000000000000455e+02 1.663200000000000045e+03 2.100000000000000000e+01
9.607999999999999545e+02 1.663799999999999955e+03 2.100000000000000000e+01
9.602000000000000455e+02 1.664400000000000091e+03 2.100000000000000000e+01
9.597999999999999545e+02 1.665200000000000045e+03 2.100000000000000000e+01
9.592000000000000455e+02 1.665799999999999955e+03 2.100000000000000000e+01
9.586000000000000227e+02 1.666400000000000091e+03 2.100000000000000000e+01
9.580000000000000000e+02 1.667000000000000000e+03 2.100000000000000000e+01
9.573999999999999773e+02 1.667400000000000091e+03 2.100000000000000000e+01
9.566000000000000227e+02 1.667599999999999909e+03 2.100000000000000000e+01
9.557999999999999545e+02 1.667799999999999955e+03 2.100000000000000000e+01
9.552000000000000455e+02 1.668000000000000000e+03 2.100000000000000000e+01
9.543999999999999773e+02 1.668000000000000000e+03 2.000000000000000000e+01
9.536000000000000227e+02 1.668000000000000000e+03 2.000000000000000000e+01
9.527999999999999545e+02 1.668000000000000000e+03 2.000000000000000000e+01
9.522000000000000455e+02 1.667799999999999955e+03 2.000000000000000000e+01
9.513999999999999773e+02 1.667599999999999909e+03 2.000000000000000000e+01
9.507999999999999545e+02 1.667200000000000045e+03 2.000000000000000000e+01
9.502000000000000455e+02 1.666799999999999955e+03 2.000000000000000000e+01
9.497999999999999545e+02 1.666200000000000045e+03 2.000000000000000000e+01
9.493999999999999773e+02 1.665599999999999909e+03 2.000000000000000000e+01
9.490000000000000000e+02 1.665000000000000000e+03 2.000000000000000000e+01
9.486000000000000227e+02 1.664400000000000091e+03 2.000000000000000000e+01
9.483999999999999773e+02 1.663599999999999909e+03 2.000000000000000000e+01
9.480000000000000000e+02 1.663000000000000000e+03 2.000000000000000000e+01
9.476000000000000227e+02 1.662400000000000091e+03 2.000000000000000000e+01
9.473999999999999773e+02 1.661599999999999909e+03 2.000000000000000000e+01
9.472000000000000455e+02 1.660799999999999955e+03 2.000000000000000000e+01
9.470000000000000000e+02 1.660000000000000000e+03 2.000000000000000000e+01
9.470000000000000000e+02 1.659000000000000000e+03 2.000000000000000000e+01
9.467999999999999545e+02 1.658200000000000045e+03 2.000000000000000000e+01
9.466000000000000227e+02 1.657400000000000091e+03 2.000000000000000000e+01
9.463999999999999773e+02 1.656599999999999909e+03 2.000000000000000000e+01
9.462000000000000455e+02 1.655799999999999955e+03 2.000000000000000000e+01
9.460000000000000000e+02 1.655000000000000000e+03 2.000000000000000000e+01
9.460000000000000000e+02 1.654000000000000000e+03 2.000000000000000000e+01
9.460000000000000000e+02 1.653000000000000000e+03 2.000000000000000000e+01
9.460000000000000000e+02 1.652000000000000000e+03 2.000000000000000000e+01
9.460000000000000000e+02 1.651000000000000000e+03 2.000000000000000000e+01
9.457999999999999545e+02 1.650200000000000045e+03 2.000000000000000000e+01
9.456000000000000227e+02 1.649400000000000091e+03 2.000000000000000000e+01
9.453999999999999773e+02 1.648599999999999909e+03 2.000000000000000000e+01
9.452000000000000455e+02 1.647799999999999955e+03 2.000000000000000000e+01
9.450000000000000000e+02 1.647000000000000000e+03 2.000000000000000000e+01
9.450000000000000000e+02 1.646000000000000000e+03 2.000000000000000000e+01
9.447999999999999545e+02 1.645000000000000000e+03 2.000000000000000000e+01
9.446000000000000227e+02 1.644000000000000000e+03 2.000000000000000000e+01
9.443999999999999773e+02 1.643000000000000000e+03 2.000000000000000000e+01
9.442000000000000455e+02 1.642000000000000000e+03 2.000000000000000000e+01
9.437999999999999545e+02 1.641200000000000045e+03 2.000000000000000000e+01
9.436000000000000227e+02 1.640400000000000091e+03 2.000000000000000000e+01
9.433999999999999773e+02 1.639599999999999909e+03 2.000000000000000000e+01
9.432000000000000455e+02 1.638799999999999955e+03 2.000000000000000000e+01
9.427999999999999545e+02 1.638200000000000045e+03 2.000000000000000000e+01
9.426000000000000227e+02 1.637400000000000091e+03 2.000000000000000000e+01
9.423999999999999773e+02 1.636599999999999909e+03 2.000000000000000000e+01
9.420000000000000000e+02 1.636000000000000000e+03 2.000000000000000000e+01
9.416000000000000227e+02 1.635400000000000091e+03 2.000000000000000000e+01
9.412000000000000455e+02 1.634799999999999955e+03 2.000000000000000000e+01
9.407999999999999545e+02 1.634200000000000045e+03 2.000000000000000000e+01
9.402000000000000455e+02 1.633799999999999955e+03 2.000000000000000000e+01
9.397999999999999545e+02 1.633200000000000045e+03 2.000000000000000000e+01
9.392000000000000455e+02 1.632799999999999955e+03 2.000000000000000000e+01
9.386000000000000227e+02 1.632400000000000091e+03 2.000000000000000000e+01
9.377999999999999545e+02 1.632200000000000045e+03 2.000000000000000000e+01
9.370000000000000000e+02 1.632000000000000000e+03 2.000000000000000000e+01
9.357999999999999545e+02 1.632200000000000045e+03 2.000000000000000000e+01
9.347999999999999545e+02 1.632200000000000045e+03 2.100000000000000000e+01
9.342000000000000455e+02 1.632200000000000045e+03 2.000000000000000000e+01
9.337500000000000000e+02 1.632250000000000000e+03 2.000000000000000000e+01
