1.071799999999999955e+03 1.707799999999999955e+03 2.000000000000000000e+01
1.071599999999999909e+03 1.708599999999999909e+03 2.000000000000000000e+01
1.071200000000000045e+03 1.709400000000000091e+03 2.000000000000000000e+01
1.070799999999999955e+03 1.710200000000000045e+03 2.000000000000000000e+01
1.070200000000000045e+03 1.710799999999999955e+03 2.000000000000000000e+01
1.069599999999999909e+03 1.711400000000000091e+03 2.000000000000000000e+01
1.069000000000000000e+03 1.712000000000000000e+03 2.000000000000000000e+01
1.068400000000000091e+03 1.712400000000000091e+03 2.000000000000000000e+01
1.067599999999999909e+03 1.712799999999999955e+03 2.000000000000000000e+01
1.066799999999999955e+03 1.713200000000000045e+03 2.000000000000000000e+01
1.066000000000000000e+03 1.713799999999999955e+03 2.000000000000000000e+01
1.065000000000000000e+03 1.714200000000000045e+03 2.000000000000000000e+01
1.064200000000000045e+03 1.714799999999999955e+03 2.000000000000000000e+01
1.063400000000000091e+03 1.715200000000000045e+03 2.000000000000000000e+01
1.062799999999999955e+03 1.715799999999999955e+03 2.000000000000000000e+01
1.062200000000000045e+03 1.716200000000000045e+03 2.000000000000000000e+01
1.061599999999999909e+03 1.716799999999999955e+03 2.000000000000000000e+01
1.060799999999999955e+03 1.717200000000000045e+03 2.000000000000000000e+01
1.060200000000000045e+03 1.717799999999999955e+03 2.000000000000000000e+01
1.059400000000000091e+03 1.718400000000000091e+03 2.000000000000000000e+01
1.058599999999999909e+03 1.719200000000000045e+03 2.000000000000000000e+01
1.058000000000000000e+03 1.719799999999999955e+03 2.000000000000000000e+01
1.057750000000000000e+03 1.720250000000000000e+03 2.100000000000000000e+01
