2.530000000000000000e+02 8.627999999999999545e+02 1.700000000000000000e+01
2.530000000000000000e+02 8.620000000000000000e+02 1.700000000000000000e+01
2.530000000000000000e+02 8.610000000000000000e+02 1.700000000000000000e+01
2.530000000000000000e+02 8.600000000000000000e+02 1.700000000000000000e+01
2.530000000000000000e+02 8.590000000000000000e+02 1.700000000000000000e+01
2.531999999999999886e+02 8.580000000000000000e+02 1.700000000000000000e+01
2.534000000000000057e+02 8.572000000000000455e+02 1.700000000000000000e+01
2.535999999999999943e+02 8.563999999999999773e+02 1.600000000000000000e+01
2.538000000000000114e+02 8.556000000000000227e+02 1.600000000000000000e+01
2.541999999999999886e+02 8.550000000000000000e+02 1.600000000000000000e+01
2.544000000000000057e+02 8.543999999999999773e+02 1.600000000000000000e+01
2.545999999999999943e+02 8.536000000000000227e+02 1.600000000000000000e+01
2.550000000000000000e+02 8.530000000000000000e+02 1.600000000000000000e+01
2.554000000000000057e+02 8.523999999999999773e+02 1.600000000000000000e+01
2.558000000000000114e+02 8.517999999999999545e+02 1.600000000000000000e+01
2.561999999999999886e+02 8.513999999999999773e+02 1.600000000000000000e+01
2.568000000000000114e+02 8.512000000000000455e+02 1.500000000000000000e+01
2.571999999999999886e+02 8.507999999999999545e+02 1.500000000000000000e+01
2.578000000000000114e+02 8.506000000000000227e+02 1.500000000000000000e+01
2.583999999999999773e+02 8.503999999999999773e+02 1.500000000000000000e+01
2.591999999999999886e+02 8.502000000000000455e+02 1.500000000000000000e+01
2.600000000000000000e+02 8.497999999999999545e+02 1.500000000000000000e+01
2.608000000000000114e+02 8.497999999999999545e+02 1.500000000000000000e+01
2.616000000000000227e+02 8.497999999999999545e+02 1.500000000000000000e+01
2.621999999999999886e+02 8.497999999999999545e+02 1.500000000000000000e+01
2.628000000000000114e+02 8.497999999999999545e+02 1.400000000000000000e+01
2.633999999999999773e+02 8.500000000000000000e+02 1.400000000000000000e+01
2.641999999999999886e+02 8.500000000000000000e+02 1.400000000000000000e+01
2.650000000000000000e+02 8.500000000000000000e+02 1.400000000000000000e+01
2.660000000000000000e+02 8.500000000000000000e+02 1.400000000000000000e+01
2.668000000000000114e+02 8.502000000000000455e+02 1.400000000000000000e+01
2.676000000000000227e+02 8.503999999999999773e+02 1.400000000000000000e+01
2.683999999999999773e+02 8.506000000000000227e+02 1.400000000000000000e+01
2.691999999999999886e+02 8.507999999999999545e+02 1.400000000000000000e+01
2.698000000000000114e+02 8.512000000000000455e+02 1.400000000000000000e+01
2.706000000000000227e+02 8.513999999999999773e+02 1.400000000000000000e+01
2.713999999999999773e+02 8.516000000000000227e+02 1.300000000000000000e+01
2.721999999999999886e+02 8.517999999999999545e+02 1.300000000000000000e+01
2.725000000000000000e+02 8.520000000000000000e+02 1.300000000000000000e+01
