4.791999999999999886e+02 9.827999999999999545e+02 2.000000000000000000e+01
4.788000000000000114e+02 9.836000000000000227e+02 2.000000000000000000e+01
4.781999999999999886e+02 9.842000000000000455e+02 2.000000000000000000e+01
4.778000000000000114e+02 9.847999999999999545e+02 2.000000000000000000e+01
4.771999999999999886e+02 9.852000000000000455e+02 2.000000000000000000e+01
4.766000000000000227e+02 9.856000000000000227e+02 2.000000000000000000e+01
4.758000000000000114e+02 9.857999999999999545e+02 2.000000000000000000e+01
4.751999999999999886e+02 9.862000000000000455e+02 2.000000000000000000e+01
4.743999999999999773e+02 9.863999999999999773e+02 2.000000000000000000e+01
4.736000000000000227e+02 9.866000000000000227e+02 2.000000000000000000e+01
4.728000000000000114e+02 9.867999999999999545e+02 2.000000000000000000e+01
4.720000000000000000e+02 9.870000000000000000e+02 2.000000000000000000e+01
4.711999999999999886e+02 9.870000000000000000e+02 2.000000000000000000e+01
4.707500000000000000e+02 9.870000000000000000e+02 2.100000000000000000e+01
