4.993999999999999773e+02 6.320000000000000000e+02 2.500000000000000000e+01
4.998000000000000114e+02 6.323999999999999773e+02 2.500000000000000000e+01
5.003999999999999773e+02 6.326000000000000227e+02 2.600000000000000000e+01
5.010000000000000000e+02 6.330000000000000000e+02 2.600000000000000000e+01
5.016000000000000227e+02 6.333999999999999773e+02 2.600000000000000000e+01
5.021999999999999886e+02 6.337999999999999545e+02 2.700000000000000000e+01
5.028000000000000114e+02 6.342000000000000455e+02 2.700000000000000000e+01
5.031999999999999886e+02 6.347999999999999545e+02 2.700000000000000000e+01
5.036000000000000227e+02 6.352000000000000455e+02 2.700000000000000000e+01
5.040000000000000000e+02 6.356000000000000227e+02 2.800000000000000000e+01
5.043999999999999773e+02 6.360000000000000000e+02 2.800000000000000000e+01
5.048000000000000114e+02 6.363999999999999773e+02 2.800000000000000000e+01
5.051999999999999886e+02 6.367999999999999545e+02 2.800000000000000000e+01
5.058000000000000114e+02 6.372000000000000455e+02 2.800000000000000000e+01
5.061999999999999886e+02 6.377999999999999545e+02 2.800000000000000000e+01
5.068000000000000114e+02 6.382000000000000455e+02 2.900000000000000000e+01
5.071999999999999886e+02 6.387999999999999545e+02 2.900000000000000000e+01
5.078000000000000114e+02 6.392000000000000455e+02 2.900000000000000000e+01
5.081999999999999886e+02 6.397999999999999545e+02 2.900000000000000000e+01
5.088000000000000114e+02 6.403999999999999773e+02 2.900000000000000000e+01
5.093999999999999773e+02 6.412000000000000455e+02 2.900000000000000000e+01
5.100000000000000000e+02 6.420000000000000000e+02 2.900000000000000000e+01
5.106000000000000227e+02 6.427999999999999545e+02 2.900000000000000000e+01
5.111999999999999886e+02 6.433999999999999773e+02 2.900000000000000000e+01
5.116000000000000227e+02 6.440000000000000000e+02 3.000000000000000000e+01
5.120000000000000000e+02 6.443999999999999773e+02 3.000000000000000000e+01
5.123999999999999773e+02 6.447999999999999545e+02 3.000000000000000000e+01
5.127999999999999545e+02 6.452000000000000455e+02 3.000000000000000000e+01
5.132000000000000455e+02 6.457999999999999545e+02 3.000000000000000000e+01
5.137999999999999545e+02 6.463999999999999773e+02 3.000000000000000000e+01
5.143999999999999773e+02 6.472000000000000455e+02 3.000000000000000000e+01
5.150000000000000000e+02 6.480000000000000000e+02 3.100000000000000000e+01
5.156000000000000227e+02 6.487999999999999545e+02 3.100000000000000000e+01
5.162000000000000455e+02 6.496000000000000227e+02 3.100000000000000000e+01
5.167999999999999545e+02 6.502000000000000455e+02 3.100000000000000000e+01
5.172000000000000455e+02 6.507999999999999545e+02 3.100000000000000000e+01
5.177999999999999545e+02 6.513999999999999773e+02 3.100000000000000000e+01
5.183999999999999773e+02 6.522000000000000455e+02 3.100000000000000000e+01
5.190000000000000000e+02 6.527999999999999545e+02 3.100000000000000000e+01
5.193999999999999773e+02 6.536000000000000227e+02 3.200000000000000000e+01
5.200000000000000000e+02 6.542000000000000455e+02 3.200000000000000000e+01
5.203999999999999773e+02 6.547999999999999545e+02 3.200000000000000000e+01
5.207999999999999545e+02 6.552000000000000455e+02 3.200000000000000000e+01
5.212000000000000455e+02 6.557999999999999545e+02 3.200000000000000000e+01
5.217999999999999545e+02 6.562000000000000455e+02 3.200000000000000000e+01
5.222000000000000455e+02 6.567999999999999545e+02 3.200000000000000000e+01
5.227999999999999545e+02 6.572000000000000455e+02 3.200000000000000000e+01
5.232000000000000455e+02 6.577999999999999545e+02 3.200000000000000000e+01
5.237999999999999545e+02 6.582000000000000455e+02 3.200000000000000000e+01
5.242000000000000455e+02 6.587999999999999545e+02 3.200000000000000000e+01
5.247999999999999545e+02 6.592000000000000455e+02 3.200000000000000000e+01
5.252000000000000455e+02 6.597999999999999545e+02 3.200000000000000000e+01
5.257999999999999545e+02 6.603999999999999773e+02 3.200000000000000000e+01
5.262000000000000455e+02 6.612000000000000455e+02 3.200000000000000000e+01
5.267999999999999545e+02 6.617999999999999545e+02 3.200000000000000000e+01
5.272000000000000455e+02 6.626000000000000227e+02 3.200000000000000000e+01
5.277999999999999545e+02 6.632000000000000455e+02 3.200000000000000000e+01
5.282000000000000455e+02 6.637999999999999545e+02 3.200000000000000000e+01
5.286000000000000227e+02 6.643999999999999773e+02 3.200000000000000000e+01
5.290000000000000000e+02 6.650000000000000000e+02 3.200000000000000000e+01
5.293999999999999773e+02 6.656000000000000227e+02 3.200000000000000000e+01
5.296000000000000227e+02 6.663999999999999773e+02 3.200000000000000000e+01
5.300000000000000000e+02 6.672000000000000455e+02 3.200000000000000000e+01
5.303999999999999773e+02 6.680000000000000000e+02 3.200000000000000000e+01
5.306000000000000227e+02 6.690000000000000000e+02 3.200000000000000000e+01
5.310000000000000000e+02 6.700000000000000000e+02 3.200000000000000000e+01
5.313999999999999773e+02 6.710000000000000000e+02 3.200000000000000000e+01
5.316000000000000227e+02 6.720000000000000000e+02 3.200000000000000000e+01
5.320000000000000000e+02 6.727999999999999545e+02 3.200000000000000000e+01
5.323999999999999773e+02 6.736000000000000227e+02 3.200000000000000000e+01
5.326000000000000227e+02 6.742000000000000455e+02 3.100000000000000000e+01
5.327999999999999545e+02 6.747999999999999545e+02 3.200000000000000000e+01
5.332000000000000455e+02 6.753999999999999773e+02 3.100000000000000000e+01
5.333999999999999773e+02 6.762000000000000455e+02 3.100000000000000000e+01
5.337999999999999545e+02 6.767999999999999545e+02 3.100000000000000000e+01
5.342000000000000455e+02 6.776000000000000227e+02 3.100000000000000000e+01
5.346000000000000227e+02 6.783999999999999773e+02 3.100000000000000000e+01
5.347500000000000000e+02 6.787500000000000000e+02 3.100000000000000000e+01
