1.851999999999999886e+02 7.397999999999999545e+02 3.000000000000000000e+01
1.858000000000000114e+02 7.402000000000000455e+02 3.000000000000000000e+01
1.861999999999999886e+02 7.407999999999999545e+02 3.000000000000000000e+01
1.868000000000000114e+02 7.412000000000000455e+02 3.000000000000000000e+01
1.871999999999999886e+02 7.417999999999999545e+02 3.000000000000000000e+01
1.878000000000000114e+02 7.422000000000000455e+02 3.000000000000000000e+01
1.881999999999999886e+02 7.427999999999999545e+02 3.000000000000000000e+01
1.888000000000000114e+02 7.432000000000000455e+02 3.000000000000000000e+01
1.891999999999999886e+02 7.437999999999999545e+02 3.000000000000000000e+01
1.898000000000000114e+02 7.442000000000000455e+02 3.000000000000000000e+01
1.901999999999999886e+02 7.447999999999999545e+02 3.000000000000000000e+01
1.908000000000000114e+02 7.452000000000000455e+02 3.000000000000000000e+01
1.911999999999999886e+02 7.457999999999999545e+02 3.000000000000000000e+01
1.918000000000000114e+02 7.462000000000000455e+02 3.000000000000000000e+01
1.921999999999999886e+02 7.467999999999999545e+02 3.000000000000000000e+01
1.928000000000000114e+02 7.472000000000000455e+02 3.000000000000000000e+01
1.931999999999999886e+02 7.477999999999999545e+02 3.000000000000000000e+01
1.938000000000000114e+02 7.482000000000000455e+02 3.000000000000000000e+01
1.941999999999999886e+02 7.487999999999999545e+02 3.000000000000000000e+01
1.948000000000000114e+02 7.492000000000000455e+02 3.000000000000000000e+01
1.951999999999999886e+02 7.497999999999999545e+02 3.000000000000000000e+01
1.958000000000000114e+02 7.502000000000000455e+02 3.000000000000000000e+01
1.960000000000000000e+02 7.505000000000000000e+02 3.000000000000000000e+01
