5.557999999999999545e+02 1.497200000000000045e+03 2.700000000000000000e+01
5.562000000000000455e+02 1.497799999999999955e+03 2.700000000000000000e+01
5.567999999999999545e+02 1.498200000000000045e+03 2.700000000000000000e+01
5.572000000000000455e+02 1.498799999999999955e+03 2.700000000000000000e+01
5.577999999999999545e+02 1.499400000000000091e+03 2.700000000000000000e+01
5.583999999999999773e+02 1.500200000000000045e+03 2.700000000000000000e+01
5.590000000000000000e+02 1.501000000000000000e+03 2.700000000000000000e+01
5.596000000000000227e+02 1.501799999999999955e+03 2.700000000000000000e+01
5.602000000000000455e+02 1.502599999999999909e+03 2.700000000000000000e+01
5.607999999999999545e+02 1.503400000000000091e+03 2.700000000000000000e+01
5.613999999999999773e+02 1.504200000000000045e+03 2.700000000000000000e+01
5.620000000000000000e+02 1.505000000000000000e+03 2.700000000000000000e+01
5.626000000000000227e+02 1.505799999999999955e+03 2.700000000000000000e+01
5.632000000000000455e+02 1.506599999999999909e+03 2.700000000000000000e+01
5.636000000000000227e+02 1.507400000000000091e+03 2.700000000000000000e+01
5.640000000000000000e+02 1.508000000000000000e+03 2.700000000000000000e+01
5.643999999999999773e+02 1.508599999999999909e+03 2.700000000000000000e+01
5.647999999999999545e+02 1.509200000000000045e+03 2.700000000000000000e+01
5.652000000000000455e+02 1.509799999999999955e+03 2.700000000000000000e+01
5.657999999999999545e+02 1.510400000000000091e+03 2.700000000000000000e+01
5.662000000000000455e+02 1.511200000000000045e+03 2.700000000000000000e+01
5.667999999999999545e+02 1.512000000000000000e+03 2.700000000000000000e+01
5.672000000000000455e+02 1.512799999999999955e+03 2.700000000000000000e+01
5.676000000000000227e+02 1.513599999999999909e+03 2.800000000000000000e+01
5.680000000000000000e+02 1.514200000000000045e+03 2.700000000000000000e+01
5.683999999999999773e+02 1.514799999999999955e+03 2.700000000000000000e+01
5.686000000000000227e+02 1.515400000000000091e+03 2.700000000000000000e+01
5.690000000000000000e+02 1.516000000000000000e+03 2.700000000000000000e+01
5.693999999999999773e+02 1.516599999999999909e+03 2.700000000000000000e+01
5.696000000000000227e+02 1.517400000000000091e+03 2.700000000000000000e+01
5.697999999999999545e+02 1.518200000000000045e+03 2.700000000000000000e+01
5.702000000000000455e+02 1.518799999999999955e+03 2.700000000000000000e+01
5.703999999999999773e+02 1.519599999999999909e+03 2.700000000000000000e+01
5.706000000000000227e+02 1.520400000000000091e+03 2.700000000000000000e+01
5.707999999999999545e+02 1.521200000000000045e+03 2.700000000000000000e+01
5.710000000000000000e+02 1.522000000000000000e+03 2.700000000000000000e+01
5.710000000000000000e+02 1.523000000000000000e+03 2.700000000000000000e+01
5.710000000000000000e+02 1.523500000000000000e+03 2.700000000000000000e+01
