7.910000000000000000e+02 2.710000000000000000e+02 1.400000000000000000e+01
7.920000000000000000e+02 2.710000000000000000e+02 1.400000000000000000e+01
7.930000000000000000e+02 2.710000000000000000e+02 1.400000000000000000e+01
7.937999999999999545e+02 2.710000000000000000e+02 1.400000000000000000e+01
7.946000000000000227e+02 2.710000000000000000e+02 1.500000000000000000e+01
7.953999999999999773e+02 2.710000000000000000e+02 1.500000000000000000e+01
7.962000000000000455e+02 2.710000000000000000e+02 1.500000000000000000e+01
7.970000000000000000e+02 2.710000000000000000e+02 1.500000000000000000e+01
7.980000000000000000e+02 2.710000000000000000e+02 1.500000000000000000e+01
7.990000000000000000e+02 2.710000000000000000e+02 1.500000000000000000e+01
7.997999999999999545e+02 2.711999999999999886e+02 1.500000000000000000e+01
8.002500000000000000e+02 2.712500000000000000e+02 1.500000000000000000e+01
