2.628000000000000114e+02 1.281200000000000045e+03 3.000000000000000000e+01
2.623999999999999773e+02 1.281799999999999955e+03 3.000000000000000000e+01
2.618000000000000114e+02 1.282599999999999909e+03 3.000000000000000000e+01
2.611999999999999886e+02 1.283200000000000045e+03 3.000000000000000000e+01
2.608000000000000114e+02 1.283799999999999955e+03 3.000000000000000000e+01
2.601999999999999886e+02 1.284200000000000045e+03 3.000000000000000000e+01
2.598000000000000114e+02 1.284799999999999955e+03 3.000000000000000000e+01
2.591999999999999886e+02 1.285200000000000045e+03 3.000000000000000000e+01
2.586000000000000227e+02 1.285599999999999909e+03 3.000000000000000000e+01
2.580000000000000000e+02 1.286000000000000000e+03 3.000000000000000000e+01
2.573999999999999773e+02 1.286400000000000091e+03 3.000000000000000000e+01
2.566000000000000227e+02 1.286599999999999909e+03 3.000000000000000000e+01
2.558000000000000114e+02 1.286799999999999955e+03 3.000000000000000000e+01
2.550000000000000000e+02 1.287000000000000000e+03 3.000000000000000000e+01
2.541999999999999886e+02 1.287200000000000045e+03 3.000000000000000000e+01
2.537500000000000000e+02 1.287250000000000000e+03 3.000000000000000000e+01
