3.016000000000000227e+02 1.403400000000000091e+03 3.000000000000000000e+01
3.023999999999999773e+02 1.403599999999999909e+03 3.000000000000000000e+01
3.031999999999999886e+02 1.403799999999999955e+03 3.000000000000000000e+01
3.040000000000000000e+02 1.404000000000000000e+03 3.000000000000000000e+01
3.048000000000000114e+02 1.404200000000000045e+03 3.000000000000000000e+01
3.056000000000000227e+02 1.404400000000000091e+03 3.000000000000000000e+01
3.063999999999999773e+02 1.404599999999999909e+03 3.000000000000000000e+01
3.071999999999999886e+02 1.404799999999999955e+03 3.000000000000000000e+01
3.080000000000000000e+02 1.405000000000000000e+03 3.000000000000000000e+01
3.088000000000000114e+02 1.405200000000000045e+03 3.000000000000000000e+01
3.096000000000000227e+02 1.405400000000000091e+03 3.000000000000000000e+01
3.103999999999999773e+02 1.405599999999999909e+03 3.000000000000000000e+01
3.111999999999999886e+02 1.405799999999999955e+03 3.000000000000000000e+01
3.120000000000000000e+02 1.406200000000000045e+03 3.000000000000000000e+01
3.130000000000000000e+02 1.406400000000000091e+03 3.000000000000000000e+01
3.140000000000000000e+02 1.406599999999999909e+03 3.000000000000000000e+01
3.150000000000000000e+02 1.406799999999999955e+03 3.000000000000000000e+01
3.160000000000000000e+02 1.407200000000000045e+03 3.000000000000000000e+01
3.170000000000000000e+02 1.407400000000000091e+03 3.000000000000000000e+01
3.180000000000000000e+02 1.407599999999999909e+03 3.000000000000000000e+01
3.190000000000000000e+02 1.407799999999999955e+03 3.000000000000000000e+01
3.198000000000000114e+02 1.408200000000000045e+03 3.000000000000000000e+01
3.206000000000000227e+02 1.408400000000000091e+03 3.000000000000000000e+01
3.210000000000000000e+02 1.408500000000000000e+03 3.000000000000000000e+01
