3.816000000000000227e+02 3.581999999999999886e+02 1.800000000000000000e+01
3.821999999999999886e+02 3.588000000000000114e+02 1.800000000000000000e+01
3.828000000000000114e+02 3.593999999999999773e+02 1.800000000000000000e+01
3.831999999999999886e+02 3.601999999999999886e+02 1.800000000000000000e+01
3.838000000000000114e+02 3.608000000000000114e+02 1.800000000000000000e+01
3.841999999999999886e+02 3.616000000000000227e+02 1.800000000000000000e+01
3.848000000000000114e+02 3.621999999999999886e+02 1.800000000000000000e+01
3.851999999999999886e+02 3.628000000000000114e+02 1.800000000000000000e+01
3.858000000000000114e+02 3.633999999999999773e+02 1.800000000000000000e+01
3.861999999999999886e+02 3.641999999999999886e+02 1.800000000000000000e+01
3.868000000000000114e+02 3.648000000000000114e+02 1.800000000000000000e+01
3.870000000000000000e+02 3.652500000000000000e+02 1.800000000000000000e+01
