3.621999999999999886e+02 9.542000000000000455e+02 2.500000000000000000e+01
3.628000000000000114e+02 9.550000000000000000e+02 2.500000000000000000e+01
3.631999999999999886e+02 9.560000000000000000e+02 2.500000000000000000e+01
3.636000000000000227e+02 9.570000000000000000e+02 2.500000000000000000e+01
3.640000000000000000e+02 9.577999999999999545e+02 2.500000000000000000e+01
3.643999999999999773e+02 9.586000000000000227e+02 2.500000000000000000e+01
3.646000000000000227e+02 9.593999999999999773e+02 2.500000000000000000e+01
3.648000000000000114e+02 9.602000000000000455e+02 2.500000000000000000e+01
3.650000000000000000e+02 9.610000000000000000e+02 2.500000000000000000e+01
3.651999999999999886e+02 9.617999999999999545e+02 2.500000000000000000e+01
3.653999999999999773e+02 9.626000000000000227e+02 2.500000000000000000e+01
3.656000000000000227e+02 9.633999999999999773e+02 2.500000000000000000e+01
3.658000000000000114e+02 9.642000000000000455e+02 2.500000000000000000e+01
3.660000000000000000e+02 9.650000000000000000e+02 2.500000000000000000e+01
3.660000000000000000e+02 9.660000000000000000e+02 2.500000000000000000e+01
3.661999999999999886e+02 9.667999999999999545e+02 2.500000000000000000e+01
3.663999999999999773e+02 9.676000000000000227e+02 2.500000000000000000e+01
3.666000000000000227e+02 9.683999999999999773e+02 2.500000000000000000e+01
3.668000000000000114e+02 9.692000000000000455e+02 2.500000000000000000e+01
3.671999999999999886e+02 9.700000000000000000e+02 2.500000000000000000e+01
3.673999999999999773e+02 9.710000000000000000e+02 2.600000000000000000e+01
3.678000000000000114e+02 9.717999999999999545e+02 2.600000000000000000e+01
3.683999999999999773e+02 9.726000000000000227e+02 2.600000000000000000e+01
3.691999999999999886e+02 9.733999999999999773e+02 2.600000000000000000e+01
3.700000000000000000e+02 9.742000000000000455e+02 2.600000000000000000e+01
3.710000000000000000e+02 9.747999999999999545e+02 2.600000000000000000e+01
3.718000000000000114e+02 9.756000000000000227e+02 2.600000000000000000e+01
3.726000000000000227e+02 9.762000000000000455e+02 2.600000000000000000e+01
3.731999999999999886e+02 9.767999999999999545e+02 2.600000000000000000e+01
3.738000000000000114e+02 9.773999999999999773e+02 2.600000000000000000e+01
3.741999999999999886e+02 9.782000000000000455e+02 2.600000000000000000e+01
3.748000000000000114e+02 9.787999999999999545e+02 2.600000000000000000e+01
3.751999999999999886e+02 9.796000000000000227e+02 2.600000000000000000e+01
3.758000000000000114e+02 9.803999999999999773e+02 2.600000000000000000e+01
3.761999999999999886e+02 9.812000000000000455e+02 2.600000000000000000e+01
3.768000000000000114e+02 9.817999999999999545e+02 2.600000000000000000e+01
3.771999999999999886e+02 9.826000000000000227e+02 2.600000000000000000e+01
3.776000000000000227e+02 9.833999999999999773e+02 2.600000000000000000e+01
3.780000000000000000e+02 9.842000000000000455e+02 2.600000000000000000e+01
3.783999999999999773e+02 9.850000000000000000e+02 2.600000000000000000e+01
3.786000000000000227e+02 9.860000000000000000e+02 2.600000000000000000e+01
3.790000000000000000e+02 9.867999999999999545e+02 2.600000000000000000e+01
3.793999999999999773e+02 9.876000000000000227e+02 2.600000000000000000e+01
3.796000000000000227e+02 9.883999999999999773e+02 2.600000000000000000e+01
3.798000000000000114e+02 9.892000000000000455e+02 2.600000000000000000e+01
3.801999999999999886e+02 9.897999999999999545e+02 2.600000000000000000e+01
3.803999999999999773e+02 9.906000000000000227e+02 2.600000000000000000e+01
3.806000000000000227e+02 9.913999999999999773e+02 2.500000000000000000e+01
3.810000000000000000e+02 9.922000000000000455e+02 2.500000000000000000e+01
3.813999999999999773e+02 9.930000000000000000e+02 2.500000000000000000e+01
3.816000000000000227e+02 9.940000000000000000e+02 2.500000000000000000e+01
3.820000000000000000e+02 9.947999999999999545e+02 2.500000000000000000e+01
3.823999999999999773e+02 9.956000000000000227e+02 2.500000000000000000e+01
3.826000000000000227e+02 9.963999999999999773e+02 2.500000000000000000e+01
3.828000000000000114e+02 9.972000000000000455e+02 2.500000000000000000e+01
3.831999999999999886e+02 9.977999999999999545e+02 2.500000000000000000e+01
3.833999999999999773e+02 9.986000000000000227e+02 2.500000000000000000e+01
3.836000000000000227e+02 9.993999999999999773e+02 2.500000000000000000e+01
3.840000000000000000e+02 1.000000000000000000e+03 2.500000000000000000e+01
3.843999999999999773e+02 1.000600000000000023e+03 2.500000000000000000e+01
3.846000000000000227e+02 1.001399999999999977e+03 2.500000000000000000e+01
3.847500000000000000e+02 1.001750000000000000e+03 2.500000000000000000e+01
