2.504000000000000057e+02 1.237799999999999955e+03 3.300000000000000000e+01
2.508000000000000114e+02 1.238200000000000045e+03 3.300000000000000000e+01
2.511999999999999886e+02 1.238799999999999955e+03 3.300000000000000000e+01
2.518000000000000114e+02 1.239400000000000091e+03 3.300000000000000000e+01
2.521999999999999886e+02 1.240200000000000045e+03 3.300000000000000000e+01
2.528000000000000114e+02 1.240799999999999955e+03 3.300000000000000000e+01
2.531999999999999886e+02 1.241599999999999909e+03 3.300000000000000000e+01
2.538000000000000114e+02 1.242200000000000045e+03 3.300000000000000000e+01
2.541999999999999886e+02 1.242799999999999955e+03 3.300000000000000000e+01
2.548000000000000114e+02 1.243400000000000091e+03 3.200000000000000000e+01
2.551999999999999886e+02 1.244200000000000045e+03 3.200000000000000000e+01
2.558000000000000114e+02 1.244799999999999955e+03 3.200000000000000000e+01
2.561999999999999886e+02 1.245599999999999909e+03 3.200000000000000000e+01
2.566000000000000227e+02 1.246400000000000091e+03 3.200000000000000000e+01
2.568000000000000114e+02 1.247200000000000045e+03 3.200000000000000000e+01
2.571999999999999886e+02 1.247799999999999955e+03 3.200000000000000000e+01
2.573999999999999773e+02 1.248599999999999909e+03 3.200000000000000000e+01
2.576000000000000227e+02 1.249400000000000091e+03 3.100000000000000000e+01
2.578000000000000114e+02 1.250200000000000045e+03 3.100000000000000000e+01
2.580000000000000000e+02 1.251000000000000000e+03 3.100000000000000000e+01
2.581999999999999886e+02 1.251799999999999955e+03 3.100000000000000000e+01
2.583999999999999773e+02 1.252599999999999909e+03 3.100000000000000000e+01
2.586000000000000227e+02 1.253400000000000091e+03 3.100000000000000000e+01
2.587500000000000000e+02 1.253750000000000000e+03 3.100000000000000000e+01
