5.370000000000000000e+02 9.010000000000000000e+02 1.700000000000000000e+01
5.370000000000000000e+02 9.020000000000000000e+02 1.700000000000000000e+01
5.370000000000000000e+02 9.030000000000000000e+02 1.700000000000000000e+01
5.370000000000000000e+02 9.040000000000000000e+02 1.700000000000000000e+01
5.372000000000000455e+02 9.047999999999999545e+02 1.700000000000000000e+01
5.373999999999999773e+02 9.056000000000000227e+02 1.700000000000000000e+01
5.376000000000000227e+02 9.063999999999999773e+02 1.700000000000000000e+01
5.377999999999999545e+02 9.072000000000000455e+02 1.700000000000000000e+01
5.380000000000000000e+02 9.077999999999999545e+02 1.700000000000000000e+01
5.380000000000000000e+02 9.082500000000000000e+02 1.800000000000000000e+01
