4.576000000000000227e+02 6.276000000000000227e+02 2.100000000000000000e+01
4.573999999999999773e+02 6.282000000000000455e+02 2.100000000000000000e+01
4.571999999999999886e+02 6.287999999999999545e+02 2.000000000000000000e+01
4.570000000000000000e+02 6.293999999999999773e+02 2.000000000000000000e+01
4.568000000000000114e+02 6.300000000000000000e+02 2.000000000000000000e+01
4.566000000000000227e+02 6.306000000000000227e+02 2.000000000000000000e+01
4.563999999999999773e+02 6.312000000000000455e+02 2.000000000000000000e+01
4.561999999999999886e+02 6.317999999999999545e+02 1.900000000000000000e+01
4.560000000000000000e+02 6.323999999999999773e+02 1.900000000000000000e+01
4.560000000000000000e+02 6.330000000000000000e+02 1.900000000000000000e+01
4.558000000000000114e+02 6.336000000000000227e+02 1.800000000000000000e+01
4.556000000000000227e+02 6.343999999999999773e+02 1.800000000000000000e+01
4.553999999999999773e+02 6.352000000000000455e+02 1.800000000000000000e+01
4.550000000000000000e+02 6.357999999999999545e+02 1.800000000000000000e+01
4.546000000000000227e+02 6.367999999999999545e+02 1.800000000000000000e+01
4.541999999999999886e+02 6.376000000000000227e+02 1.700000000000000000e+01
4.538000000000000114e+02 6.383999999999999773e+02 1.700000000000000000e+01
4.536000000000000227e+02 6.386000000000000227e+02 1.600000000000000000e+01
4.535000000000000000e+02 6.390000000000000000e+02 1.700000000000000000e+01
