4.678000000000000114e+02 1.452799999999999955e+03 2.900000000000000000e+01
4.681999999999999886e+02 1.452200000000000045e+03 2.900000000000000000e+01
4.688000000000000114e+02 1.451799999999999955e+03 2.900000000000000000e+01
4.691999999999999886e+02 1.451200000000000045e+03 2.900000000000000000e+01
4.698000000000000114e+02 1.450799999999999955e+03 2.900000000000000000e+01
4.701999999999999886e+02 1.450200000000000045e+03 2.900000000000000000e+01
4.708000000000000114e+02 1.449599999999999909e+03 2.900000000000000000e+01
4.713999999999999773e+02 1.448799999999999955e+03 2.900000000000000000e+01
4.721999999999999886e+02 1.448200000000000045e+03 2.900000000000000000e+01
4.728000000000000114e+02 1.447400000000000091e+03 2.900000000000000000e+01
4.736000000000000227e+02 1.446799999999999955e+03 2.900000000000000000e+01
4.741999999999999886e+02 1.446200000000000045e+03 2.900000000000000000e+01
4.748000000000000114e+02 1.445799999999999955e+03 2.900000000000000000e+01
4.753999999999999773e+02 1.445200000000000045e+03 2.900000000000000000e+01
4.761999999999999886e+02 1.444799999999999955e+03 2.900000000000000000e+01
4.768000000000000114e+02 1.444200000000000045e+03 2.800000000000000000e+01
4.776000000000000227e+02 1.443799999999999955e+03 2.800000000000000000e+01
4.783999999999999773e+02 1.443400000000000091e+03 2.800000000000000000e+01
4.790000000000000000e+02 1.443000000000000000e+03 2.800000000000000000e+01
4.796000000000000227e+02 1.442599999999999909e+03 2.800000000000000000e+01
4.803999999999999773e+02 1.442200000000000045e+03 2.800000000000000000e+01
4.811999999999999886e+02 1.441799999999999955e+03 2.800000000000000000e+01
4.818000000000000114e+02 1.441200000000000045e+03 2.800000000000000000e+01
4.826000000000000227e+02 1.440799999999999955e+03 2.800000000000000000e+01
4.833999999999999773e+02 1.440400000000000091e+03 2.800000000000000000e+01
4.840000000000000000e+02 1.440000000000000000e+03 2.800000000000000000e+01
4.846000000000000227e+02 1.439599999999999909e+03 2.800000000000000000e+01
4.853999999999999773e+02 1.439200000000000045e+03 2.800000000000000000e+01
4.861999999999999886e+02 1.438799999999999955e+03 2.800000000000000000e+01
4.868000000000000114e+02 1.438200000000000045e+03 2.800000000000000000e+01
4.876000000000000227e+02 1.437799999999999955e+03 2.800000000000000000e+01
4.883999999999999773e+02 1.437400000000000091e+03 2.800000000000000000e+01
4.890000000000000000e+02 1.437000000000000000e+03 2.800000000000000000e+01
4.896000000000000227e+02 1.436599999999999909e+03 2.800000000000000000e+01
4.903999999999999773e+02 1.436400000000000091e+03 2.800000000000000000e+01
4.910000000000000000e+02 1.436000000000000000e+03 2.800000000000000000e+01
4.916000000000000227e+02 1.435599999999999909e+03 2.800000000000000000e+01
4.923999999999999773e+02 1.435400000000000091e+03 2.800000000000000000e+01
4.930000000000000000e+02 1.435000000000000000e+03 2.800000000000000000e+01
4.936000000000000227e+02 1.434599999999999909e+03 2.800000000000000000e+01
4.943999999999999773e+02 1.434400000000000091e+03 2.800000000000000000e+01
4.950000000000000000e+02 1.434000000000000000e+03 2.800000000000000000e+01
4.956000000000000227e+02 1.433599999999999909e+03 2.800000000000000000e+01
4.963999999999999773e+02 1.433400000000000091e+03 2.800000000000000000e+01
4.971999999999999886e+02 1.433200000000000045e+03 2.800000000000000000e+01
4.978000000000000114e+02 1.432799999999999955e+03 2.800000000000000000e+01
4.986000000000000227e+02 1.432599999999999909e+03 2.800000000000000000e+01
4.996000000000000227e+02 1.432200000000000045e+03 2.800000000000000000e+01
5.001999999999999886e+02 1.431799999999999955e+03 2.900000000000000000e+01
5.010000000000000000e+02 1.431200000000000045e+03 2.800000000000000000e+01
5.020000000000000000e+02 1.430599999999999909e+03 2.900000000000000000e+01
5.030000000000000000e+02 1.429799999999999955e+03 2.900000000000000000e+01
5.036000000000000227e+02 1.429000000000000000e+03 2.900000000000000000e+01
5.046000000000000227e+02 1.428200000000000045e+03 2.900000000000000000e+01
5.051999999999999886e+02 1.427400000000000091e+03 2.900000000000000000e+01
5.056000000000000227e+02 1.426799999999999955e+03 2.900000000000000000e+01
5.058000000000000114e+02 1.426200000000000045e+03 3.000000000000000000e+01
5.060000000000000000e+02 1.425599999999999909e+03 3.000000000000000000e+01
5.061999999999999886e+02 1.425000000000000000e+03 3.000000000000000000e+01
5.063999999999999773e+02 1.424400000000000091e+03 3.000000000000000000e+01
5.066000000000000227e+02 1.423599999999999909e+03 3.000000000000000000e+01
5.068000000000000114e+02 1.423000000000000000e+03 3.000000000000000000e+01
5.070000000000000000e+02 1.422400000000000091e+03 3.100000000000000000e+01
5.070000000000000000e+02 1.421599999999999909e+03 3.100000000000000000e+01
5.071999999999999886e+02 1.420799999999999955e+03 3.100000000000000000e+01
5.073999999999999773e+02 1.420000000000000000e+03 3.100000000000000000e+01
5.076000000000000227e+02 1.419200000000000045e+03 3.100000000000000000e+01
5.078000000000000114e+02 1.418400000000000091e+03 3.200000000000000000e+01
5.081999999999999886e+02 1.417799999999999955e+03 3.100000000000000000e+01
5.086000000000000227e+02 1.417400000000000091e+03 3.100000000000000000e+01
5.091999999999999886e+02 1.417200000000000045e+03 3.100000000000000000e+01
5.100000000000000000e+02 1.417000000000000000e+03 3.100000000000000000e+01
5.108000000000000114e+02 1.416799999999999955e+03 3.100000000000000000e+01
5.116000000000000227e+02 1.416599999999999909e+03 3.100000000000000000e+01
5.123999999999999773e+02 1.416400000000000091e+03 3.100000000000000000e+01
5.132000000000000455e+02 1.416200000000000045e+03 3.100000000000000000e+01
5.137999999999999545e+02 1.415799999999999955e+03 3.100000000000000000e+01
5.146000000000000227e+02 1.415599999999999909e+03 3.100000000000000000e+01
5.153999999999999773e+02 1.415400000000000091e+03 3.100000000000000000e+01
5.160000000000000000e+02 1.415000000000000000e+03 3.100000000000000000e+01
5.166000000000000227e+02 1.414599999999999909e+03 3.100000000000000000e+01
5.173999999999999773e+02 1.414400000000000091e+03 3.100000000000000000e+01
5.180000000000000000e+02 1.414000000000000000e+03 3.100000000000000000e+01
5.186000000000000227e+02 1.413599999999999909e+03 3.100000000000000000e+01
5.192000000000000455e+02 1.413400000000000091e+03 3.000000000000000000e+01
5.196000000000000227e+02 1.413000000000000000e+03 3.100000000000000000e+01
5.200000000000000000e+02 1.412599999999999909e+03 3.000000000000000000e+01
5.203999999999999773e+02 1.412200000000000045e+03 3.000000000000000000e+01
5.207999999999999545e+02 1.411799999999999955e+03 3.000000000000000000e+01
5.212000000000000455e+02 1.411200000000000045e+03 3.000000000000000000e+01
5.217999999999999545e+02 1.410799999999999955e+03 3.000000000000000000e+01
5.223999999999999773e+02 1.410200000000000045e+03 3.000000000000000000e+01
5.232000000000000455e+02 1.409799999999999955e+03 3.000000000000000000e+01
5.237999999999999545e+02 1.409200000000000045e+03 3.000000000000000000e+01
5.246000000000000227e+02 1.408799999999999955e+03 3.000000000000000000e+01
5.252000000000000455e+02 1.408200000000000045e+03 3.000000000000000000e+01
5.257999999999999545e+02 1.407799999999999955e+03 2.900000000000000000e+01
5.263999999999999773e+02 1.407400000000000091e+03 2.900000000000000000e+01
5.270000000000000000e+02 1.407000000000000000e+03 2.900000000000000000e+01
5.276000000000000227e+02 1.406599999999999909e+03 2.900000000000000000e+01
5.283999999999999773e+02 1.406400000000000091e+03 2.900000000000000000e+01
5.290000000000000000e+02 1.406000000000000000e+03 2.900000000000000000e+01
5.296000000000000227e+02 1.405599999999999909e+03 2.900000000000000000e+01
5.303999999999999773e+02 1.405400000000000091e+03 2.900000000000000000e+01
5.312000000000000455e+02 1.405200000000000045e+03 2.900000000000000000e+01
5.317999999999999545e+02 1.404799999999999955e+03 2.900000000000000000e+01
5.326000000000000227e+02 1.404599999999999909e+03 2.900000000000000000e+01
5.333999999999999773e+02 1.404400000000000091e+03 2.900000000000000000e+01
5.342000000000000455e+02 1.404200000000000045e+03 2.900000000000000000e+01
5.350000000000000000e+02 1.404000000000000000e+03 2.900000000000000000e+01
5.360000000000000000e+02 1.404000000000000000e+03 2.900000000000000000e+01
5.370000000000000000e+02 1.404000000000000000e+03 2.900000000000000000e+01
5.380000000000000000e+02 1.404000000000000000e+03 2.900000000000000000e+01
5.390000000000000000e+02 1.404000000000000000e+03 2.900000000000000000e+01
5.400000000000000000e+02 1.404000000000000000e+03 2.900000000000000000e+01
5.410000000000000000e+02 1.404000000000000000e+03 2.900000000000000000e+01
5.420000000000000000e+02 1.404000000000000000e+03 2.900000000000000000e+01
5.430000000000000000e+02 1.404000000000000000e+03 2.900000000000000000e+01
5.440000000000000000e+02 1.403799999999999955e+03 2.900000000000000000e+01
5.450000000000000000e+02 1.403599999999999909e+03 2.900000000000000000e+01
5.460000000000000000e+02 1.403400000000000091e+03 2.900000000000000000e+01
5.470000000000000000e+02 1.403200000000000045e+03 2.900000000000000000e+01
5.477999999999999545e+02 1.402799999999999955e+03 2.900000000000000000e+01
5.486000000000000227e+02 1.402599999999999909e+03 2.900000000000000000e+01
5.493999999999999773e+02 1.402400000000000091e+03 2.900000000000000000e+01
5.502000000000000455e+02 1.402200000000000045e+03 2.900000000000000000e+01
5.507999999999999545e+02 1.401799999999999955e+03 2.900000000000000000e+01
5.517999999999999545e+02 1.401599999999999909e+03 2.900000000000000000e+01
5.527999999999999545e+02 1.401400000000000091e+03 2.900000000000000000e+01
5.536000000000000227e+02 1.401400000000000091e+03 2.900000000000000000e+01
5.543999999999999773e+02 1.401400000000000091e+03 2.900000000000000000e+01
5.553999999999999773e+02 1.401599999999999909e+03 2.900000000000000000e+01
5.562000000000000455e+02 1.401799999999999955e+03 2.900000000000000000e+01
5.570000000000000000e+02 1.402000000000000000e+03 2.900000000000000000e+01
5.577999999999999545e+02 1.402200000000000045e+03 2.900000000000000000e+01
5.586000000000000227e+02 1.402400000000000091e+03 2.900000000000000000e+01
5.593999999999999773e+02 1.402599999999999909e+03 2.900000000000000000e+01
5.602000000000000455e+02 1.402799999999999955e+03 2.900000000000000000e+01
5.610000000000000000e+02 1.403000000000000000e+03 2.900000000000000000e+01
5.620000000000000000e+02 1.403000000000000000e+03 2.900000000000000000e+01
5.630000000000000000e+02 1.403000000000000000e+03 2.900000000000000000e+01
5.640000000000000000e+02 1.403000000000000000e+03 2.900000000000000000e+01
5.650000000000000000e+02 1.403000000000000000e+03 2.900000000000000000e+01
5.660000000000000000e+02 1.403000000000000000e+03 2.900000000000000000e+01
5.670000000000000000e+02 1.403000000000000000e+03 2.900000000000000000e+01
5.680000000000000000e+02 1.403000000000000000e+03 2.900000000000000000e+01
5.687999999999999545e+02 1.402799999999999955e+03 2.900000000000000000e+01
5.696000000000000227e+02 1.402599999999999909e+03 2.900000000000000000e+01
5.703999999999999773e+02 1.402400000000000091e+03 2.900000000000000000e+01
5.707500000000000000e+02 1.402250000000000000e+03 2.900000000000000000e+01
