4.948000000000000114e+02 3.978000000000000114e+02 1.000000000000000000e+01
4.956000000000000227e+02 3.976000000000000227e+02 1.000000000000000000e+01
4.963999999999999773e+02 3.973999999999999773e+02 1.000000000000000000e+01
4.971999999999999886e+02 3.971999999999999886e+02 1.000000000000000000e+01
4.980000000000000000e+02 3.970000000000000000e+02 1.000000000000000000e+01
4.988000000000000114e+02 3.968000000000000114e+02 1.000000000000000000e+01
4.996000000000000227e+02 3.966000000000000227e+02 1.000000000000000000e+01
5.003999999999999773e+02 3.963999999999999773e+02 1.000000000000000000e+01
5.011999999999999886e+02 3.961999999999999886e+02 1.000000000000000000e+01
5.020000000000000000e+02 3.960000000000000000e+02 1.000000000000000000e+01
5.030000000000000000e+02 3.960000000000000000e+02 1.000000000000000000e+01
5.040000000000000000e+02 3.960000000000000000e+02 1.000000000000000000e+01
5.048000000000000114e+02 3.961999999999999886e+02 1.000000000000000000e+01
5.056000000000000227e+02 3.963999999999999773e+02 1.000000000000000000e+01
5.063999999999999773e+02 3.966000000000000227e+02 1.000000000000000000e+01
5.071999999999999886e+02 3.968000000000000114e+02 1.000000000000000000e+01
5.075000000000000000e+02 3.970000000000000000e+02 1.000000000000000000e+01
