6.590000000000000000e+02 1.000000000000000000e+00 2.100000000000000000e+01
6.586000000000000227e+02 1.600000000000000089e+00 2.100000000000000000e+01
6.583999999999999773e+02 2.399999999999999911e+00 2.100000000000000000e+01
6.582000000000000455e+02 3.200000000000000178e+00 2.000000000000000000e+01
6.580000000000000000e+02 4.000000000000000000e+00 2.000000000000000000e+01
6.582000000000000455e+02 5.000000000000000000e+00 2.000000000000000000e+01
6.583999999999999773e+02 6.000000000000000000e+00 2.000000000000000000e+01
6.586000000000000227e+02 7.000000000000000000e+00 2.000000000000000000e+01
6.587999999999999545e+02 8.000000000000000000e+00 2.000000000000000000e+01
6.590000000000000000e+02 9.000000000000000000e+00 2.000000000000000000e+01
6.592000000000000455e+02 1.000000000000000000e+01 2.000000000000000000e+01
6.593999999999999773e+02 1.100000000000000000e+01 2.000000000000000000e+01
6.596000000000000227e+02 1.200000000000000000e+01 2.000000000000000000e+01
6.597999999999999545e+02 1.300000000000000000e+01 2.000000000000000000e+01
6.602000000000000455e+02 1.380000000000000071e+01 2.000000000000000000e+01
6.603999999999999773e+02 1.459999999999999964e+01 2.000000000000000000e+01
6.606000000000000227e+02 1.540000000000000036e+01 2.000000000000000000e+01
6.607999999999999545e+02 1.619999999999999929e+01 2.000000000000000000e+01
6.612000000000000455e+02 1.680000000000000071e+01 2.000000000000000000e+01
6.613999999999999773e+02 1.760000000000000142e+01 2.000000000000000000e+01
6.616000000000000227e+02 1.839999999999999858e+01 2.000000000000000000e+01
6.620000000000000000e+02 1.900000000000000000e+01 2.000000000000000000e+01
6.623999999999999773e+02 1.960000000000000142e+01 2.000000000000000000e+01
6.626000000000000227e+02 2.039999999999999858e+01 2.000000000000000000e+01
6.630000000000000000e+02 2.100000000000000000e+01 2.000000000000000000e+01
6.633999999999999773e+02 2.160000000000000142e+01 2.000000000000000000e+01
6.636000000000000227e+02 2.239999999999999858e+01 2.000000000000000000e+01
6.637999999999999545e+02 2.319999999999999929e+01 2.000000000000000000e+01
6.640000000000000000e+02 2.400000000000000000e+01 2.000000000000000000e+01
6.640000000000000000e+02 2.500000000000000000e+01 2.000000000000000000e+01
6.640000000000000000e+02 2.600000000000000000e+01 2.000000000000000000e+01
6.640000000000000000e+02 2.680000000000000071e+01 2.000000000000000000e+01
6.640000000000000000e+02 2.760000000000000142e+01 1.900000000000000000e+01
6.640000000000000000e+02 2.839999999999999858e+01 1.900000000000000000e+01
6.637999999999999545e+02 2.900000000000000000e+01 1.900000000000000000e+01
6.636000000000000227e+02 2.960000000000000142e+01 1.900000000000000000e+01
6.633999999999999773e+02 3.039999999999999858e+01 1.900000000000000000e+01
6.632000000000000455e+02 3.119999999999999929e+01 1.900000000000000000e+01
6.627999999999999545e+02 3.180000000000000071e+01 1.900000000000000000e+01
6.626000000000000227e+02 3.260000000000000142e+01 1.900000000000000000e+01
6.623999999999999773e+02 3.339999999999999858e+01 1.900000000000000000e+01
6.622000000000000455e+02 3.420000000000000284e+01 1.900000000000000000e+01
6.620000000000000000e+02 3.479999999999999716e+01 1.900000000000000000e+01
6.620000000000000000e+02 3.560000000000000142e+01 1.800000000000000000e+01
6.620000000000000000e+02 3.639999999999999858e+01 1.800000000000000000e+01
6.617999999999999545e+02 3.700000000000000000e+01 1.800000000000000000e+01
6.616000000000000227e+02 3.760000000000000142e+01 1.800000000000000000e+01
6.613999999999999773e+02 3.839999999999999858e+01 1.800000000000000000e+01
6.612000000000000455e+02 3.920000000000000284e+01 1.800000000000000000e+01
6.610000000000000000e+02 4.000000000000000000e+01 1.800000000000000000e+01
6.610000000000000000e+02 4.100000000000000000e+01 1.800000000000000000e+01
6.610000000000000000e+02 4.200000000000000000e+01 1.800000000000000000e+01
6.607999999999999545e+02 4.279999999999999716e+01 1.800000000000000000e+01
6.606000000000000227e+02 4.360000000000000142e+01 1.800000000000000000e+01
6.603999999999999773e+02 4.439999999999999858e+01 1.800000000000000000e+01
6.600000000000000000e+02 4.500000000000000000e+01 1.800000000000000000e+01
6.596000000000000227e+02 4.560000000000000142e+01 1.800000000000000000e+01
6.593999999999999773e+02 4.639999999999999858e+01 1.800000000000000000e+01
6.590000000000000000e+02 4.700000000000000000e+01 1.800000000000000000e+01
6.586000000000000227e+02 4.760000000000000142e+01 1.800000000000000000e+01
6.582000000000000455e+02 4.820000000000000284e+01 1.800000000000000000e+01
6.577999999999999545e+02 4.879999999999999716e+01 1.800000000000000000e+01
6.572000000000000455e+02 4.920000000000000284e+01 1.800000000000000000e+01
6.567999999999999545e+02 4.979999999999999716e+01 1.800000000000000000e+01
6.562000000000000455e+02 5.020000000000000284e+01 1.800000000000000000e+01
6.557999999999999545e+02 5.079999999999999716e+01 1.800000000000000000e+01
6.552000000000000455e+02 5.120000000000000284e+01 1.800000000000000000e+01
6.550000000000000000e+02 5.160000000000000142e+01 1.700000000000000000e+01
6.547500000000000000e+02 5.175000000000000000e+01 1.700000000000000000e+01
