3.119999999999999929e+01 2.261999999999999886e+02 1.300000000000000000e+01
3.139999999999999858e+01 2.254000000000000057e+02 1.300000000000000000e+01
3.160000000000000142e+01 2.245999999999999943e+02 1.300000000000000000e+01
3.180000000000000071e+01 2.238000000000000114e+02 1.300000000000000000e+01
3.200000000000000000e+01 2.230000000000000000e+02 1.300000000000000000e+01
3.200000000000000000e+01 2.220000000000000000e+02 1.300000000000000000e+01
3.200000000000000000e+01 2.210000000000000000e+02 1.300000000000000000e+01
3.200000000000000000e+01 2.200000000000000000e+02 1.300000000000000000e+01
3.220000000000000284e+01 2.191999999999999886e+02 1.300000000000000000e+01
3.239999999999999858e+01 2.184000000000000057e+02 1.300000000000000000e+01
3.260000000000000142e+01 2.175999999999999943e+02 1.300000000000000000e+01
3.279999999999999716e+01 2.168000000000000114e+02 1.300000000000000000e+01
3.300000000000000000e+01 2.160000000000000000e+02 1.300000000000000000e+01
3.300000000000000000e+01 2.150000000000000000e+02 1.300000000000000000e+01
3.300000000000000000e+01 2.140000000000000000e+02 1.300000000000000000e+01
3.300000000000000000e+01 2.130000000000000000e+02 1.300000000000000000e+01
3.300000000000000000e+01 2.120000000000000000e+02 1.300000000000000000e+01
3.300000000000000000e+01 2.110000000000000000e+02 1.300000000000000000e+01
3.300000000000000000e+01 2.100000000000000000e+02 1.300000000000000000e+01
3.320000000000000284e+01 2.091999999999999886e+02 1.300000000000000000e+01
3.339999999999999858e+01 2.084000000000000057e+02 1.300000000000000000e+01
3.360000000000000142e+01 2.075999999999999943e+02 1.300000000000000000e+01
3.400000000000000000e+01 2.070000000000000000e+02 1.300000000000000000e+01
3.439999999999999858e+01 2.064000000000000057e+02 1.300000000000000000e+01
3.479999999999999716e+01 2.055999999999999943e+02 1.300000000000000000e+01
3.520000000000000284e+01 2.048000000000000114e+02 1.300000000000000000e+01
3.579999999999999716e+01 2.041999999999999886e+02 1.300000000000000000e+01
3.639999999999999858e+01 2.031999999999999886e+02 1.300000000000000000e+01
3.679999999999999716e+01 2.025999999999999943e+02 1.300000000000000000e+01
3.700000000000000000e+01 2.022500000000000000e+02 1.300000000000000000e+01
