2.626000000000000227e+02 7.346000000000000227e+02 2.900000000000000000e+01
2.633999999999999773e+02 7.343999999999999773e+02 2.900000000000000000e+01
2.641999999999999886e+02 7.342000000000000455e+02 2.900000000000000000e+01
2.650000000000000000e+02 7.340000000000000000e+02 2.900000000000000000e+01
2.660000000000000000e+02 7.340000000000000000e+02 2.900000000000000000e+01
2.668000000000000114e+02 7.337999999999999545e+02 2.900000000000000000e+01
2.676000000000000227e+02 7.336000000000000227e+02 2.900000000000000000e+01
2.683999999999999773e+02 7.333999999999999773e+02 2.900000000000000000e+01
2.691999999999999886e+02 7.332000000000000455e+02 2.900000000000000000e+01
2.700000000000000000e+02 7.330000000000000000e+02 2.900000000000000000e+01
2.710000000000000000e+02 7.327999999999999545e+02 2.900000000000000000e+01
2.720000000000000000e+02 7.326000000000000227e+02 2.900000000000000000e+01
2.730000000000000000e+02 7.323999999999999773e+02 2.900000000000000000e+01
2.740000000000000000e+02 7.322000000000000455e+02 2.900000000000000000e+01
2.748000000000000114e+02 7.317999999999999545e+02 2.900000000000000000e+01
2.756000000000000227e+02 7.316000000000000227e+02 2.900000000000000000e+01
2.763999999999999773e+02 7.313999999999999773e+02 2.900000000000000000e+01
2.771999999999999886e+02 7.312000000000000455e+02 2.900000000000000000e+01
2.778000000000000114e+02 7.307999999999999545e+02 2.900000000000000000e+01
2.786000000000000227e+02 7.306000000000000227e+02 2.900000000000000000e+01
2.793999999999999773e+02 7.303999999999999773e+02 2.900000000000000000e+01
2.801999999999999886e+02 7.302000000000000455e+02 2.900000000000000000e+01
2.808000000000000114e+02 7.297999999999999545e+02 2.900000000000000000e+01
2.816000000000000227e+02 7.296000000000000227e+02 2.900000000000000000e+01
2.821999999999999886e+02 7.293999999999999773e+02 2.900000000000000000e+01
2.828000000000000114e+02 7.292000000000000455e+02 2.800000000000000000e+01
2.831999999999999886e+02 7.287999999999999545e+02 2.800000000000000000e+01
2.838000000000000114e+02 7.286000000000000227e+02 2.800000000000000000e+01
2.841999999999999886e+02 7.282000000000000455e+02 2.800000000000000000e+01
2.848000000000000114e+02 7.277999999999999545e+02 2.800000000000000000e+01
2.851999999999999886e+02 7.272000000000000455e+02 2.800000000000000000e+01
2.858000000000000114e+02 7.267999999999999545e+02 2.800000000000000000e+01
2.861999999999999886e+02 7.262000000000000455e+02 2.800000000000000000e+01
2.868000000000000114e+02 7.257999999999999545e+02 2.800000000000000000e+01
2.871999999999999886e+02 7.253999999999999773e+02 2.800000000000000000e+01
2.876000000000000227e+02 7.250000000000000000e+02 2.700000000000000000e+01
2.880000000000000000e+02 7.246000000000000227e+02 2.700000000000000000e+01
2.883999999999999773e+02 7.242000000000000455e+02 2.700000000000000000e+01
2.888000000000000114e+02 7.236000000000000227e+02 2.700000000000000000e+01
2.891999999999999886e+02 7.227999999999999545e+02 2.700000000000000000e+01
2.898000000000000114e+02 7.222000000000000455e+02 2.700000000000000000e+01
2.901999999999999886e+02 7.213999999999999773e+02 2.700000000000000000e+01
2.906000000000000227e+02 7.207999999999999545e+02 2.700000000000000000e+01
2.910000000000000000e+02 7.203999999999999773e+02 2.600000000000000000e+01
2.913999999999999773e+02 7.200000000000000000e+02 2.600000000000000000e+01
2.918000000000000114e+02 7.196000000000000227e+02 2.600000000000000000e+01
2.921999999999999886e+02 7.192000000000000455e+02 2.600000000000000000e+01
2.928000000000000114e+02 7.187999999999999545e+02 2.600000000000000000e+01
2.931999999999999886e+02 7.182000000000000455e+02 2.600000000000000000e+01
2.938000000000000114e+02 7.177999999999999545e+02 2.600000000000000000e+01
2.943999999999999773e+02 7.173999999999999773e+02 2.600000000000000000e+01
2.951999999999999886e+02 7.170000000000000000e+02 2.600000000000000000e+01
2.960000000000000000e+02 7.166000000000000227e+02 2.500000000000000000e+01
2.970000000000000000e+02 7.163999999999999773e+02 2.500000000000000000e+01
2.980000000000000000e+02 7.162000000000000455e+02 2.500000000000000000e+01
2.985000000000000000e+02 7.160000000000000000e+02 2.500000000000000000e+01
