3.133999999999999773e+02 1.269400000000000091e+03 3.300000000000000000e+01
3.141999999999999886e+02 1.269000000000000000e+03 3.300000000000000000e+01
3.148000000000000114e+02 1.268599999999999909e+03 3.300000000000000000e+01
3.156000000000000227e+02 1.268400000000000091e+03 3.200000000000000000e+01
3.163999999999999773e+02 1.268200000000000045e+03 3.200000000000000000e+01
3.171999999999999886e+02 1.268000000000000000e+03 3.200000000000000000e+01
3.178000000000000114e+02 1.267799999999999955e+03 3.200000000000000000e+01
3.186000000000000227e+02 1.267599999999999909e+03 3.200000000000000000e+01
3.193999999999999773e+02 1.267400000000000091e+03 3.200000000000000000e+01
3.201999999999999886e+02 1.267200000000000045e+03 3.200000000000000000e+01
3.210000000000000000e+02 1.267000000000000000e+03 3.200000000000000000e+01
3.218000000000000114e+02 1.266799999999999955e+03 3.200000000000000000e+01
3.226000000000000227e+02 1.266599999999999909e+03 3.200000000000000000e+01
3.233999999999999773e+02 1.266400000000000091e+03 3.200000000000000000e+01
3.240000000000000000e+02 1.266200000000000045e+03 3.200000000000000000e+01
3.246000000000000227e+02 1.266000000000000000e+03 3.100000000000000000e+01
3.253999999999999773e+02 1.266000000000000000e+03 3.100000000000000000e+01
3.261999999999999886e+02 1.266000000000000000e+03 3.100000000000000000e+01
3.270000000000000000e+02 1.266000000000000000e+03 3.100000000000000000e+01
3.280000000000000000e+02 1.266000000000000000e+03 3.100000000000000000e+01
3.290000000000000000e+02 1.266000000000000000e+03 3.100000000000000000e+01
3.300000000000000000e+02 1.266000000000000000e+03 3.100000000000000000e+01
3.310000000000000000e+02 1.266000000000000000e+03 3.100000000000000000e+01
3.320000000000000000e+02 1.266000000000000000e+03 3.100000000000000000e+01
3.330000000000000000e+02 1.266000000000000000e+03 3.100000000000000000e+01
3.340000000000000000e+02 1.266000000000000000e+03 3.100000000000000000e+01
3.350000000000000000e+02 1.266200000000000045e+03 3.100000000000000000e+01
3.360000000000000000e+02 1.266400000000000091e+03 3.100000000000000000e+01
3.370000000000000000e+02 1.266599999999999909e+03 3.000000000000000000e+01
3.380000000000000000e+02 1.266799999999999955e+03 3.000000000000000000e+01
3.390000000000000000e+02 1.267000000000000000e+03 3.000000000000000000e+01
3.398000000000000114e+02 1.267200000000000045e+03 3.000000000000000000e+01
3.406000000000000227e+02 1.267400000000000091e+03 3.000000000000000000e+01
3.413999999999999773e+02 1.267599999999999909e+03 3.000000000000000000e+01
3.421999999999999886e+02 1.267799999999999955e+03 3.000000000000000000e+01
3.428000000000000114e+02 1.268200000000000045e+03 3.000000000000000000e+01
3.436000000000000227e+02 1.268400000000000091e+03 3.000000000000000000e+01
3.443999999999999773e+02 1.268599999999999909e+03 3.000000000000000000e+01
3.451999999999999886e+02 1.268799999999999955e+03 3.000000000000000000e+01
3.458000000000000114e+02 1.269200000000000045e+03 3.000000000000000000e+01
3.462500000000000000e+02 1.269250000000000000e+03 3.000000000000000000e+01
