5.347999999999999545e+02 7.702000000000000455e+02 1.400000000000000000e+01
5.352000000000000455e+02 7.707999999999999545e+02 1.400000000000000000e+01
5.357999999999999545e+02 7.713999999999999773e+02 1.400000000000000000e+01
5.363999999999999773e+02 7.722000000000000455e+02 1.400000000000000000e+01
5.370000000000000000e+02 7.730000000000000000e+02 1.400000000000000000e+01
5.376000000000000227e+02 7.737999999999999545e+02 1.400000000000000000e+01
5.382000000000000455e+02 7.746000000000000227e+02 1.400000000000000000e+01
5.387999999999999545e+02 7.753999999999999773e+02 1.400000000000000000e+01
5.392000000000000455e+02 7.762000000000000455e+02 1.400000000000000000e+01
5.397999999999999545e+02 7.767999999999999545e+02 1.400000000000000000e+01
5.402000000000000455e+02 7.776000000000000227e+02 1.500000000000000000e+01
5.407999999999999545e+02 7.782000000000000455e+02 1.500000000000000000e+01
5.412000000000000455e+02 7.787999999999999545e+02 1.500000000000000000e+01
5.416000000000000227e+02 7.793999999999999773e+02 1.500000000000000000e+01
5.420000000000000000e+02 7.800000000000000000e+02 1.500000000000000000e+01
5.423999999999999773e+02 7.806000000000000227e+02 1.500000000000000000e+01
5.427999999999999545e+02 7.812000000000000455e+02 1.500000000000000000e+01
5.432000000000000455e+02 7.817999999999999545e+02 1.500000000000000000e+01
5.436000000000000227e+02 7.823999999999999773e+02 1.500000000000000000e+01
5.440000000000000000e+02 7.830000000000000000e+02 1.500000000000000000e+01
5.443999999999999773e+02 7.836000000000000227e+02 1.500000000000000000e+01
5.447999999999999545e+02 7.843999999999999773e+02 1.500000000000000000e+01
5.452000000000000455e+02 7.852000000000000455e+02 1.500000000000000000e+01
5.457999999999999545e+02 7.857999999999999545e+02 1.500000000000000000e+01
5.462000000000000455e+02 7.866000000000000227e+02 1.500000000000000000e+01
5.466000000000000227e+02 7.873999999999999773e+02 1.500000000000000000e+01
5.470000000000000000e+02 7.880000000000000000e+02 1.500000000000000000e+01
5.473999999999999773e+02 7.886000000000000227e+02 1.500000000000000000e+01
5.476000000000000227e+02 7.892000000000000455e+02 1.500000000000000000e+01
5.480000000000000000e+02 7.896000000000000227e+02 1.600000000000000000e+01
5.483999999999999773e+02 7.900000000000000000e+02 1.600000000000000000e+01
5.486000000000000227e+02 7.906000000000000227e+02 1.600000000000000000e+01
5.490000000000000000e+02 7.910000000000000000e+02 1.600000000000000000e+01
5.493999999999999773e+02 7.916000000000000227e+02 1.600000000000000000e+01
5.497999999999999545e+02 7.923999999999999773e+02 1.600000000000000000e+01
5.502000000000000455e+02 7.932000000000000455e+02 1.600000000000000000e+01
5.507999999999999545e+02 7.937999999999999545e+02 1.600000000000000000e+01
5.512000000000000455e+02 7.946000000000000227e+02 1.600000000000000000e+01
5.517999999999999545e+02 7.952000000000000455e+02 1.600000000000000000e+01
5.522000000000000455e+02 7.957999999999999545e+02 1.600000000000000000e+01
5.527999999999999545e+02 7.962000000000000455e+02 1.600000000000000000e+01
5.532000000000000455e+02 7.967999999999999545e+02 1.600000000000000000e+01
5.537999999999999545e+02 7.972000000000000455e+02 1.600000000000000000e+01
5.542000000000000455e+02 7.977999999999999545e+02 1.600000000000000000e+01
5.547999999999999545e+02 7.982000000000000455e+02 1.600000000000000000e+01
5.552000000000000455e+02 7.987999999999999545e+02 1.600000000000000000e+01
5.557999999999999545e+02 7.992000000000000455e+02 1.600000000000000000e+01
5.562000000000000455e+02 7.997999999999999545e+02 1.600000000000000000e+01
5.567999999999999545e+02 8.002000000000000455e+02 1.600000000000000000e+01
5.572000000000000455e+02 8.007999999999999545e+02 1.600000000000000000e+01
5.577999999999999545e+02 8.012000000000000455e+02 1.600000000000000000e+01
5.582000000000000455e+02 8.017999999999999545e+02 1.600000000000000000e+01
5.587999999999999545e+02 8.022000000000000455e+02 1.600000000000000000e+01
5.592000000000000455e+02 8.027999999999999545e+02 1.600000000000000000e+01
5.597999999999999545e+02 8.032000000000000455e+02 1.600000000000000000e+01
5.602000000000000455e+02 8.037999999999999545e+02 1.600000000000000000e+01
5.607999999999999545e+02 8.042000000000000455e+02 1.600000000000000000e+01
5.612000000000000455e+02 8.047999999999999545e+02 1.600000000000000000e+01
5.617999999999999545e+02 8.052000000000000455e+02 1.600000000000000000e+01
5.622000000000000455e+02 8.057999999999999545e+02 1.600000000000000000e+01
5.627999999999999545e+02 8.062000000000000455e+02 1.600000000000000000e+01
5.632000000000000455e+02 8.067999999999999545e+02 1.600000000000000000e+01
5.637999999999999545e+02 8.073999999999999773e+02 1.600000000000000000e+01
5.642000000000000455e+02 8.082000000000000455e+02 1.600000000000000000e+01
5.647999999999999545e+02 8.087999999999999545e+02 1.600000000000000000e+01
5.652000000000000455e+02 8.096000000000000227e+02 1.600000000000000000e+01
5.656000000000000227e+02 8.103999999999999773e+02 1.600000000000000000e+01
5.660000000000000000e+02 8.110000000000000000e+02 1.600000000000000000e+01
5.663999999999999773e+02 8.116000000000000227e+02 1.600000000000000000e+01
5.666000000000000227e+02 8.123999999999999773e+02 1.600000000000000000e+01
5.670000000000000000e+02 8.130000000000000000e+02 1.600000000000000000e+01
5.673999999999999773e+02 8.136000000000000227e+02 1.600000000000000000e+01
5.677999999999999545e+02 8.143999999999999773e+02 1.600000000000000000e+01
5.682000000000000455e+02 8.152000000000000455e+02 1.600000000000000000e+01
5.687999999999999545e+02 8.157999999999999545e+02 1.600000000000000000e+01
5.692000000000000455e+02 8.166000000000000227e+02 1.600000000000000000e+01
5.696000000000000227e+02 8.173999999999999773e+02 1.600000000000000000e+01
5.700000000000000000e+02 8.180000000000000000e+02 1.600000000000000000e+01
5.703999999999999773e+02 8.186000000000000227e+02 1.600000000000000000e+01
5.707999999999999545e+02 8.193999999999999773e+02 1.600000000000000000e+01
5.712000000000000455e+02 8.202000000000000455e+02 1.600000000000000000e+01
5.716000000000000227e+02 8.210000000000000000e+02 1.600000000000000000e+01
5.720000000000000000e+02 8.217999999999999545e+02 1.700000000000000000e+01
5.723999999999999773e+02 8.226000000000000227e+02 1.600000000000000000e+01
5.727999999999999545e+02 8.232000000000000455e+02 1.600000000000000000e+01
5.732000000000000455e+02 8.237999999999999545e+02 1.600000000000000000e+01
5.736000000000000227e+02 8.243999999999999773e+02 1.600000000000000000e+01
5.740000000000000000e+02 8.250000000000000000e+02 1.600000000000000000e+01
5.743999999999999773e+02 8.256000000000000227e+02 1.600000000000000000e+01
5.750000000000000000e+02 8.263999999999999773e+02 1.600000000000000000e+01
5.757999999999999545e+02 8.270000000000000000e+02 1.600000000000000000e+01
5.767999999999999545e+02 8.273999999999999773e+02 1.600000000000000000e+01
5.777999999999999545e+02 8.277999999999999545e+02 1.600000000000000000e+01
5.787999999999999545e+02 8.282000000000000455e+02 1.600000000000000000e+01
5.796000000000000227e+02 8.283999999999999773e+02 1.600000000000000000e+01
5.803999999999999773e+02 8.286000000000000227e+02 1.600000000000000000e+01
5.812000000000000455e+02 8.287999999999999545e+02 1.600000000000000000e+01
5.817999999999999545e+02 8.292000000000000455e+02 1.600000000000000000e+01
5.826000000000000227e+02 8.293999999999999773e+02 1.600000000000000000e+01
5.833999999999999773e+02 8.296000000000000227e+02 1.600000000000000000e+01
5.842000000000000455e+02 8.300000000000000000e+02 1.600000000000000000e+01
5.850000000000000000e+02 8.303999999999999773e+02 1.600000000000000000e+01
5.857999999999999545e+02 8.307999999999999545e+02 1.600000000000000000e+01
5.866000000000000227e+02 8.312000000000000455e+02 1.600000000000000000e+01
5.873999999999999773e+02 8.316000000000000227e+02 1.600000000000000000e+01
5.880000000000000000e+02 8.320000000000000000e+02 1.600000000000000000e+01
5.886000000000000227e+02 8.323999999999999773e+02 1.600000000000000000e+01
5.892000000000000455e+02 8.327999999999999545e+02 1.600000000000000000e+01
5.897999999999999545e+02 8.332000000000000455e+02 1.600000000000000000e+01
5.902000000000000455e+02 8.337999999999999545e+02 1.600000000000000000e+01
5.907999999999999545e+02 8.342000000000000455e+02 1.600000000000000000e+01
5.912000000000000455e+02 8.347999999999999545e+02 1.600000000000000000e+01
5.917999999999999545e+02 8.352000000000000455e+02 1.600000000000000000e+01
5.922000000000000455e+02 8.357999999999999545e+02 1.600000000000000000e+01
5.927999999999999545e+02 8.363999999999999773e+02 1.600000000000000000e+01
5.932000000000000455e+02 8.372000000000000455e+02 1.600000000000000000e+01
5.937999999999999545e+02 8.380000000000000000e+02 1.600000000000000000e+01
5.942000000000000455e+02 8.390000000000000000e+02 1.600000000000000000e+01
5.947999999999999545e+02 8.400000000000000000e+02 1.600000000000000000e+01
5.952000000000000455e+02 8.407999999999999545e+02 1.600000000000000000e+01
5.956000000000000227e+02 8.416000000000000227e+02 1.700000000000000000e+01
5.957999999999999545e+02 8.423999999999999773e+02 1.700000000000000000e+01
5.962000000000000455e+02 8.430000000000000000e+02 1.700000000000000000e+01
5.963999999999999773e+02 8.436000000000000227e+02 1.700000000000000000e+01
5.966000000000000227e+02 8.443999999999999773e+02 1.700000000000000000e+01
5.967999999999999545e+02 8.452000000000000455e+02 1.700000000000000000e+01
5.970000000000000000e+02 8.460000000000000000e+02 1.700000000000000000e+01
5.970000000000000000e+02 8.470000000000000000e+02 1.700000000000000000e+01
5.970000000000000000e+02 8.480000000000000000e+02 1.700000000000000000e+01
5.970000000000000000e+02 8.490000000000000000e+02 1.800000000000000000e+01
5.970000000000000000e+02 8.500000000000000000e+02 1.800000000000000000e+01
5.970000000000000000e+02 8.510000000000000000e+02 1.800000000000000000e+01
5.970000000000000000e+02 8.520000000000000000e+02 1.800000000000000000e+01
5.970000000000000000e+02 8.530000000000000000e+02 1.800000000000000000e+01
5.970000000000000000e+02 8.540000000000000000e+02 1.900000000000000000e+01
5.970000000000000000e+02 8.550000000000000000e+02 1.900000000000000000e+01
5.970000000000000000e+02 8.560000000000000000e+02 1.900000000000000000e+01
5.970000000000000000e+02 8.570000000000000000e+02 1.900000000000000000e+01
5.970000000000000000e+02 8.577999999999999545e+02 1.900000000000000000e+01
5.970000000000000000e+02 8.586000000000000227e+02 2.000000000000000000e+01
5.970000000000000000e+02 8.593999999999999773e+02 2.000000000000000000e+01
5.970000000000000000e+02 8.602000000000000455e+02 2.000000000000000000e+01
5.972000000000000455e+02 8.607999999999999545e+02 2.000000000000000000e+01
5.973999999999999773e+02 8.616000000000000227e+02 2.000000000000000000e+01
5.976000000000000227e+02 8.623999999999999773e+02 2.000000000000000000e+01
5.977999999999999545e+02 8.632000000000000455e+02 2.000000000000000000e+01
5.982000000000000455e+02 8.637999999999999545e+02 2.100000000000000000e+01
5.983999999999999773e+02 8.646000000000000227e+02 2.100000000000000000e+01
5.986000000000000227e+02 8.653999999999999773e+02 2.100000000000000000e+01
5.990000000000000000e+02 8.660000000000000000e+02 2.100000000000000000e+01
5.993999999999999773e+02 8.666000000000000227e+02 2.100000000000000000e+01
5.997999999999999545e+02 8.672000000000000455e+02 2.100000000000000000e+01
6.002000000000000455e+02 8.677999999999999545e+02 2.100000000000000000e+01
6.007999999999999545e+02 8.682000000000000455e+02 2.100000000000000000e+01
6.012000000000000455e+02 8.687999999999999545e+02 2.100000000000000000e+01
6.017999999999999545e+02 8.692000000000000455e+02 2.100000000000000000e+01
6.022000000000000455e+02 8.697999999999999545e+02 2.100000000000000000e+01
6.027999999999999545e+02 8.702000000000000455e+02 2.100000000000000000e+01
6.032000000000000455e+02 8.707999999999999545e+02 2.100000000000000000e+01
6.037999999999999545e+02 8.712000000000000455e+02 2.100000000000000000e+01
6.042000000000000455e+02 8.717999999999999545e+02 2.100000000000000000e+01
6.047999999999999545e+02 8.722000000000000455e+02 2.100000000000000000e+01
6.052000000000000455e+02 8.727999999999999545e+02 2.100000000000000000e+01
6.057999999999999545e+02 8.732000000000000455e+02 2.100000000000000000e+01
6.063999999999999773e+02 8.737999999999999545e+02 2.100000000000000000e+01
6.072000000000000455e+02 8.742000000000000455e+02 2.100000000000000000e+01
6.080000000000000000e+02 8.746000000000000227e+02 2.100000000000000000e+01
6.087999999999999545e+02 8.747999999999999545e+02 2.000000000000000000e+01
6.096000000000000227e+02 8.750000000000000000e+02 2.100000000000000000e+01
6.103999999999999773e+02 8.747999999999999545e+02 2.000000000000000000e+01
6.112000000000000455e+02 8.743999999999999773e+02 2.000000000000000000e+01
6.117999999999999545e+02 8.737999999999999545e+02 2.000000000000000000e+01
6.126000000000000227e+02 8.732000000000000455e+02 2.000000000000000000e+01
6.132000000000000455e+02 8.723999999999999773e+02 2.000000000000000000e+01
6.137999999999999545e+02 8.717999999999999545e+02 2.000000000000000000e+01
6.142000000000000455e+02 8.712000000000000455e+02 2.000000000000000000e+01
6.147999999999999545e+02 8.707999999999999545e+02 2.000000000000000000e+01
6.152000000000000455e+02 8.702000000000000455e+02 2.000000000000000000e+01
6.157999999999999545e+02 8.697999999999999545e+02 2.000000000000000000e+01
6.163999999999999773e+02 8.693999999999999773e+02 2.000000000000000000e+01
6.170000000000000000e+02 8.692000000000000455e+02 2.000000000000000000e+01
6.176000000000000227e+02 8.690000000000000000e+02 2.100000000000000000e+01
6.183999999999999773e+02 8.690000000000000000e+02 2.100000000000000000e+01
6.192000000000000455e+02 8.690000000000000000e+02 2.100000000000000000e+01
6.197999999999999545e+02 8.690000000000000000e+02 2.100000000000000000e+01
6.206000000000000227e+02 8.690000000000000000e+02 2.200000000000000000e+01
6.213999999999999773e+02 8.690000000000000000e+02 2.200000000000000000e+01
6.220000000000000000e+02 8.690000000000000000e+02 2.200000000000000000e+01
6.226000000000000227e+02 8.690000000000000000e+02 2.300000000000000000e+01
6.233999999999999773e+02 8.690000000000000000e+02 2.300000000000000000e+01
6.240000000000000000e+02 8.692000000000000455e+02 2.300000000000000000e+01
6.246000000000000227e+02 8.693999999999999773e+02 2.300000000000000000e+01
6.252000000000000455e+02 8.696000000000000227e+02 2.300000000000000000e+01
6.257999999999999545e+02 8.697999999999999545e+02 2.400000000000000000e+01
6.263999999999999773e+02 8.700000000000000000e+02 2.400000000000000000e+01
6.272000000000000455e+02 8.700000000000000000e+02 2.400000000000000000e+01
6.277999999999999545e+02 8.702000000000000455e+02 2.400000000000000000e+01
6.286000000000000227e+02 8.703999999999999773e+02 2.400000000000000000e+01
6.293999999999999773e+02 8.706000000000000227e+02 2.500000000000000000e+01
6.302000000000000455e+02 8.710000000000000000e+02 2.500000000000000000e+01
6.310000000000000000e+02 8.713999999999999773e+02 2.500000000000000000e+01
6.317999999999999545e+02 8.717999999999999545e+02 2.500000000000000000e+01
6.326000000000000227e+02 8.722000000000000455e+02 2.500000000000000000e+01
6.333999999999999773e+02 8.727999999999999545e+02 2.500000000000000000e+01
6.342000000000000455e+02 8.732000000000000455e+02 2.500000000000000000e+01
6.347999999999999545e+02 8.737999999999999545e+02 2.500000000000000000e+01
6.353999999999999773e+02 8.742000000000000455e+02 2.500000000000000000e+01
6.360000000000000000e+02 8.747999999999999545e+02 2.600000000000000000e+01
6.366000000000000227e+02 8.752000000000000455e+02 2.600000000000000000e+01
6.370000000000000000e+02 8.757999999999999545e+02 2.600000000000000000e+01
6.376000000000000227e+02 8.763999999999999773e+02 2.600000000000000000e+01
6.383999999999999773e+02 8.772000000000000455e+02 2.600000000000000000e+01
6.390000000000000000e+02 8.780000000000000000e+02 2.600000000000000000e+01
6.396000000000000227e+02 8.787999999999999545e+02 2.600000000000000000e+01
6.400000000000000000e+02 8.792500000000000000e+02 2.600000000000000000e+01
