3.993999999999999773e+02 1.167799999999999955e+03 2.800000000000000000e+01
3.988000000000000114e+02 1.168200000000000045e+03 2.800000000000000000e+01
3.981999999999999886e+02 1.168799999999999955e+03 2.800000000000000000e+01
3.973999999999999773e+02 1.169200000000000045e+03 2.800000000000000000e+01
3.968000000000000114e+02 1.169799999999999955e+03 2.800000000000000000e+01
3.961999999999999886e+02 1.170200000000000045e+03 2.800000000000000000e+01
3.956000000000000227e+02 1.170799999999999955e+03 2.800000000000000000e+01
3.948000000000000114e+02 1.171400000000000091e+03 2.800000000000000000e+01
3.941999999999999886e+02 1.172200000000000045e+03 2.800000000000000000e+01
3.933999999999999773e+02 1.172799999999999955e+03 2.800000000000000000e+01
3.928000000000000114e+02 1.173599999999999909e+03 2.800000000000000000e+01
3.921999999999999886e+02 1.174200000000000045e+03 2.800000000000000000e+01
3.918000000000000114e+02 1.174799999999999955e+03 2.800000000000000000e+01
3.911999999999999886e+02 1.175200000000000045e+03 2.800000000000000000e+01
3.908000000000000114e+02 1.175799999999999955e+03 2.800000000000000000e+01
3.903999999999999773e+02 1.176400000000000091e+03 2.800000000000000000e+01
3.900000000000000000e+02 1.177000000000000000e+03 2.800000000000000000e+01
3.896000000000000227e+02 1.177599999999999909e+03 2.800000000000000000e+01
3.891999999999999886e+02 1.178400000000000091e+03 2.800000000000000000e+01
3.888000000000000114e+02 1.179200000000000045e+03 2.800000000000000000e+01
3.881999999999999886e+02 1.179799999999999955e+03 2.800000000000000000e+01
3.878000000000000114e+02 1.180599999999999909e+03 2.800000000000000000e+01
3.873999999999999773e+02 1.181400000000000091e+03 2.800000000000000000e+01
3.870000000000000000e+02 1.182000000000000000e+03 2.800000000000000000e+01
3.866000000000000227e+02 1.182599999999999909e+03 2.800000000000000000e+01
3.863999999999999773e+02 1.183400000000000091e+03 2.800000000000000000e+01
3.860000000000000000e+02 1.184200000000000045e+03 2.800000000000000000e+01
3.856000000000000227e+02 1.185000000000000000e+03 2.800000000000000000e+01
3.851999999999999886e+02 1.186000000000000000e+03 2.800000000000000000e+01
3.848000000000000114e+02 1.187000000000000000e+03 2.800000000000000000e+01
3.843999999999999773e+02 1.188000000000000000e+03 2.800000000000000000e+01
3.841999999999999886e+02 1.189000000000000000e+03 2.800000000000000000e+01
3.838000000000000114e+02 1.190000000000000000e+03 2.800000000000000000e+01
3.836000000000000227e+02 1.191000000000000000e+03 2.700000000000000000e+01
3.833999999999999773e+02 1.192000000000000000e+03 2.700000000000000000e+01
3.833999999999999773e+02 1.192799999999999955e+03 2.700000000000000000e+01
3.833999999999999773e+02 1.193599999999999909e+03 2.700000000000000000e+01
3.836000000000000227e+02 1.194400000000000091e+03 2.700000000000000000e+01
3.838000000000000114e+02 1.195200000000000045e+03 2.700000000000000000e+01
3.840000000000000000e+02 1.196000000000000000e+03 2.700000000000000000e+01
3.840000000000000000e+02 1.197000000000000000e+03 2.700000000000000000e+01
3.841999999999999886e+02 1.197799999999999955e+03 2.700000000000000000e+01
3.843999999999999773e+02 1.198599999999999909e+03 2.700000000000000000e+01
3.846000000000000227e+02 1.199400000000000091e+03 2.700000000000000000e+01
3.850000000000000000e+02 1.200000000000000000e+03 2.700000000000000000e+01
3.853999999999999773e+02 1.200599999999999909e+03 2.700000000000000000e+01
3.856000000000000227e+02 1.201400000000000091e+03 2.700000000000000000e+01
3.860000000000000000e+02 1.202000000000000000e+03 2.700000000000000000e+01
3.863999999999999773e+02 1.202599999999999909e+03 2.700000000000000000e+01
3.866000000000000227e+02 1.203400000000000091e+03 2.700000000000000000e+01
3.870000000000000000e+02 1.204000000000000000e+03 2.700000000000000000e+01
3.873999999999999773e+02 1.204599999999999909e+03 2.700000000000000000e+01
3.876000000000000227e+02 1.205400000000000091e+03 2.700000000000000000e+01
3.880000000000000000e+02 1.206000000000000000e+03 2.700000000000000000e+01
3.883999999999999773e+02 1.206599999999999909e+03 2.600000000000000000e+01
3.886000000000000227e+02 1.207400000000000091e+03 2.600000000000000000e+01
3.890000000000000000e+02 1.208000000000000000e+03 2.600000000000000000e+01
3.893999999999999773e+02 1.208599999999999909e+03 2.600000000000000000e+01
3.898000000000000114e+02 1.209400000000000091e+03 2.600000000000000000e+01
3.901999999999999886e+02 1.210200000000000045e+03 2.600000000000000000e+01
3.908000000000000114e+02 1.211000000000000000e+03 2.600000000000000000e+01
3.911999999999999886e+02 1.212000000000000000e+03 2.600000000000000000e+01
3.916000000000000227e+02 1.213000000000000000e+03 2.600000000000000000e+01
3.920000000000000000e+02 1.213799999999999955e+03 2.600000000000000000e+01
3.923999999999999773e+02 1.214599999999999909e+03 2.600000000000000000e+01
3.926000000000000227e+02 1.215400000000000091e+03 2.600000000000000000e+01
3.930000000000000000e+02 1.216200000000000045e+03 2.600000000000000000e+01
3.933999999999999773e+02 1.217000000000000000e+03 2.600000000000000000e+01
3.936000000000000227e+02 1.218000000000000000e+03 2.600000000000000000e+01
3.938000000000000114e+02 1.219000000000000000e+03 2.600000000000000000e+01
3.941999999999999886e+02 1.219799999999999955e+03 2.600000000000000000e+01
3.943999999999999773e+02 1.220599999999999909e+03 2.600000000000000000e+01
3.948000000000000114e+02 1.221400000000000091e+03 2.600000000000000000e+01
3.951999999999999886e+02 1.222200000000000045e+03 2.600000000000000000e+01
3.956000000000000227e+02 1.223000000000000000e+03 2.600000000000000000e+01
3.960000000000000000e+02 1.223799999999999955e+03 2.600000000000000000e+01
3.963999999999999773e+02 1.224599999999999909e+03 2.600000000000000000e+01
3.966000000000000227e+02 1.225400000000000091e+03 2.600000000000000000e+01
3.970000000000000000e+02 1.226200000000000045e+03 2.600000000000000000e+01
3.973999999999999773e+02 1.226799999999999955e+03 2.600000000000000000e+01
3.976000000000000227e+02 1.227599999999999909e+03 2.700000000000000000e+01
3.978000000000000114e+02 1.228400000000000091e+03 2.700000000000000000e+01
3.981999999999999886e+02 1.229000000000000000e+03 2.700000000000000000e+01
3.983999999999999773e+02 1.229599999999999909e+03 2.700000000000000000e+01
3.986000000000000227e+02 1.230400000000000091e+03 2.700000000000000000e+01
3.988000000000000114e+02 1.231200000000000045e+03 2.700000000000000000e+01
3.991999999999999886e+02 1.231799999999999955e+03 2.700000000000000000e+01
3.993999999999999773e+02 1.232599999999999909e+03 2.700000000000000000e+01
3.995000000000000000e+02 1.233000000000000000e+03 2.700000000000000000e+01
