4.470000000000000000e+02 7.296000000000000227e+02 9.000000000000000000e+00
4.470000000000000000e+02 7.303999999999999773e+02 9.000000000000000000e+00
4.470000000000000000e+02 7.312000000000000455e+02 9.000000000000000000e+00
4.470000000000000000e+02 7.320000000000000000e+02 9.000000000000000000e+00
4.470000000000000000e+02 7.330000000000000000e+02 1.000000000000000000e+01
4.470000000000000000e+02 7.340000000000000000e+02 1.000000000000000000e+01
4.471999999999999886e+02 7.350000000000000000e+02 1.000000000000000000e+01
4.473999999999999773e+02 7.360000000000000000e+02 1.100000000000000000e+01
4.478000000000000114e+02 7.370000000000000000e+02 1.100000000000000000e+01
4.481999999999999886e+02 7.380000000000000000e+02 1.100000000000000000e+01
4.486000000000000227e+02 7.387999999999999545e+02 1.100000000000000000e+01
4.490000000000000000e+02 7.396000000000000227e+02 1.200000000000000000e+01
4.493999999999999773e+02 7.403999999999999773e+02 1.200000000000000000e+01
4.498000000000000114e+02 7.413999999999999773e+02 1.200000000000000000e+01
4.501999999999999886e+02 7.423999999999999773e+02 1.300000000000000000e+01
4.506000000000000227e+02 7.436000000000000227e+02 1.300000000000000000e+01
4.510000000000000000e+02 7.446000000000000227e+02 1.300000000000000000e+01
4.511999999999999886e+02 7.456000000000000227e+02 1.300000000000000000e+01
4.511999999999999886e+02 7.463999999999999773e+02 1.300000000000000000e+01
4.511999999999999886e+02 7.470000000000000000e+02 1.300000000000000000e+01
4.511999999999999886e+02 7.476000000000000227e+02 1.400000000000000000e+01
4.510000000000000000e+02 7.483999999999999773e+02 1.400000000000000000e+01
4.510000000000000000e+02 7.492000000000000455e+02 1.400000000000000000e+01
4.510000000000000000e+02 7.500000000000000000e+02 1.400000000000000000e+01
4.510000000000000000e+02 7.507999999999999545e+02 1.400000000000000000e+01
4.510000000000000000e+02 7.516000000000000227e+02 1.500000000000000000e+01
4.510000000000000000e+02 7.523999999999999773e+02 1.500000000000000000e+01
4.510000000000000000e+02 7.532000000000000455e+02 1.500000000000000000e+01
4.510000000000000000e+02 7.540000000000000000e+02 1.500000000000000000e+01
4.510000000000000000e+02 7.550000000000000000e+02 1.500000000000000000e+01
4.508000000000000114e+02 7.557999999999999545e+02 1.600000000000000000e+01
4.506000000000000227e+02 7.566000000000000227e+02 1.500000000000000000e+01
4.501999999999999886e+02 7.573999999999999773e+02 1.500000000000000000e+01
4.498000000000000114e+02 7.582000000000000455e+02 1.500000000000000000e+01
4.491999999999999886e+02 7.590000000000000000e+02 1.500000000000000000e+01
4.488000000000000114e+02 7.600000000000000000e+02 1.500000000000000000e+01
4.481999999999999886e+02 7.610000000000000000e+02 1.500000000000000000e+01
4.478000000000000114e+02 7.620000000000000000e+02 1.500000000000000000e+01
4.471999999999999886e+02 7.630000000000000000e+02 1.500000000000000000e+01
4.470000000000000000e+02 7.635000000000000000e+02 1.500000000000000000e+01
