4.380000000000000000e+02 1.103000000000000000e+03 2.600000000000000000e+01
4.378000000000000114e+02 1.103599999999999909e+03 2.600000000000000000e+01
4.371999999999999886e+02 1.104400000000000091e+03 2.600000000000000000e+01
4.368000000000000114e+02 1.105200000000000045e+03 2.600000000000000000e+01
4.361999999999999886e+02 1.105799999999999955e+03 2.600000000000000000e+01
4.358000000000000114e+02 1.106599999999999909e+03 2.600000000000000000e+01
4.351999999999999886e+02 1.107200000000000045e+03 2.600000000000000000e+01
4.348000000000000114e+02 1.107799999999999955e+03 2.700000000000000000e+01
4.341999999999999886e+02 1.108200000000000045e+03 2.700000000000000000e+01
4.338000000000000114e+02 1.108799999999999955e+03 2.700000000000000000e+01
4.331999999999999886e+02 1.109200000000000045e+03 2.700000000000000000e+01
4.328000000000000114e+02 1.109799999999999955e+03 2.700000000000000000e+01
4.321999999999999886e+02 1.110200000000000045e+03 2.700000000000000000e+01
4.316000000000000227e+02 1.110599999999999909e+03 2.700000000000000000e+01
4.310000000000000000e+02 1.111000000000000000e+03 2.700000000000000000e+01
4.303999999999999773e+02 1.111400000000000091e+03 2.700000000000000000e+01
4.296000000000000227e+02 1.111599999999999909e+03 2.700000000000000000e+01
4.290000000000000000e+02 1.111799999999999955e+03 2.700000000000000000e+01
4.283999999999999773e+02 1.112200000000000045e+03 2.800000000000000000e+01
4.276000000000000227e+02 1.112400000000000091e+03 2.800000000000000000e+01
4.268000000000000114e+02 1.112599999999999909e+03 2.800000000000000000e+01
4.261999999999999886e+02 1.113000000000000000e+03 2.800000000000000000e+01
4.253999999999999773e+02 1.113400000000000091e+03 2.800000000000000000e+01
4.246000000000000227e+02 1.113799999999999955e+03 2.800000000000000000e+01
4.238000000000000114e+02 1.114200000000000045e+03 2.800000000000000000e+01
4.231999999999999886e+02 1.114799999999999955e+03 2.800000000000000000e+01
4.226000000000000227e+02 1.115400000000000091e+03 2.800000000000000000e+01
4.220000000000000000e+02 1.116000000000000000e+03 2.800000000000000000e+01
4.216000000000000227e+02 1.116599999999999909e+03 2.800000000000000000e+01
4.213999999999999773e+02 1.117400000000000091e+03 2.800000000000000000e+01
4.210000000000000000e+02 1.118200000000000045e+03 2.800000000000000000e+01
4.206000000000000227e+02 1.119000000000000000e+03 2.800000000000000000e+01
4.203999999999999773e+02 1.120000000000000000e+03 2.800000000000000000e+01
4.201999999999999886e+02 1.121000000000000000e+03 2.800000000000000000e+01
4.200000000000000000e+02 1.122000000000000000e+03 2.800000000000000000e+01
4.200000000000000000e+02 1.123000000000000000e+03 2.800000000000000000e+01
4.200000000000000000e+02 1.123799999999999955e+03 2.800000000000000000e+01
4.198000000000000114e+02 1.124400000000000091e+03 2.900000000000000000e+01
4.196000000000000227e+02 1.125000000000000000e+03 2.800000000000000000e+01
4.193999999999999773e+02 1.125599999999999909e+03 2.800000000000000000e+01
4.191999999999999886e+02 1.126200000000000045e+03 2.800000000000000000e+01
4.190000000000000000e+02 1.127000000000000000e+03 2.800000000000000000e+01
4.190000000000000000e+02 1.128000000000000000e+03 2.800000000000000000e+01
4.190000000000000000e+02 1.129000000000000000e+03 2.800000000000000000e+01
4.188000000000000114e+02 1.129799999999999955e+03 2.800000000000000000e+01
4.186000000000000227e+02 1.130599999999999909e+03 2.800000000000000000e+01
4.183999999999999773e+02 1.131400000000000091e+03 2.800000000000000000e+01
4.180000000000000000e+02 1.132000000000000000e+03 2.800000000000000000e+01
4.176000000000000227e+02 1.132599999999999909e+03 2.800000000000000000e+01
4.173999999999999773e+02 1.133400000000000091e+03 2.800000000000000000e+01
4.170000000000000000e+02 1.134000000000000000e+03 2.800000000000000000e+01
4.166000000000000227e+02 1.134599999999999909e+03 2.800000000000000000e+01
4.161999999999999886e+02 1.135400000000000091e+03 2.800000000000000000e+01
4.158000000000000114e+02 1.136200000000000045e+03 2.800000000000000000e+01
4.151999999999999886e+02 1.136799999999999955e+03 2.800000000000000000e+01
4.148000000000000114e+02 1.137599999999999909e+03 2.800000000000000000e+01
4.141999999999999886e+02 1.138200000000000045e+03 2.800000000000000000e+01
4.138000000000000114e+02 1.138799999999999955e+03 2.800000000000000000e+01
4.133999999999999773e+02 1.139200000000000045e+03 2.800000000000000000e+01
4.130000000000000000e+02 1.139599999999999909e+03 2.900000000000000000e+01
4.126000000000000227e+02 1.140000000000000000e+03 2.800000000000000000e+01
4.123999999999999773e+02 1.140599999999999909e+03 2.800000000000000000e+01
4.121999999999999886e+02 1.141200000000000045e+03 2.800000000000000000e+01
4.120000000000000000e+02 1.142000000000000000e+03 2.800000000000000000e+01
4.120000000000000000e+02 1.143000000000000000e+03 2.800000000000000000e+01
4.120000000000000000e+02 1.144000000000000000e+03 2.800000000000000000e+01
4.120000000000000000e+02 1.145000000000000000e+03 2.800000000000000000e+01
4.118000000000000114e+02 1.146000000000000000e+03 2.800000000000000000e+01
4.116000000000000227e+02 1.147000000000000000e+03 2.800000000000000000e+01
4.113999999999999773e+02 1.148000000000000000e+03 2.800000000000000000e+01
4.111999999999999886e+02 1.149000000000000000e+03 2.800000000000000000e+01
4.110000000000000000e+02 1.150000000000000000e+03 2.800000000000000000e+01
4.110000000000000000e+02 1.151000000000000000e+03 2.800000000000000000e+01
4.110000000000000000e+02 1.152000000000000000e+03 2.800000000000000000e+01
4.110000000000000000e+02 1.153000000000000000e+03 2.800000000000000000e+01
4.108000000000000114e+02 1.153799999999999955e+03 2.800000000000000000e+01
4.106000000000000227e+02 1.154599999999999909e+03 2.800000000000000000e+01
4.103999999999999773e+02 1.155400000000000091e+03 2.800000000000000000e+01
4.101999999999999886e+02 1.156000000000000000e+03 2.700000000000000000e+01
4.100000000000000000e+02 1.156599999999999909e+03 2.800000000000000000e+01
4.100000000000000000e+02 1.157400000000000091e+03 2.700000000000000000e+01
4.100000000000000000e+02 1.158200000000000045e+03 2.700000000000000000e+01
4.100000000000000000e+02 1.159000000000000000e+03 2.700000000000000000e+01
4.100000000000000000e+02 1.160000000000000000e+03 2.700000000000000000e+01
4.100000000000000000e+02 1.161000000000000000e+03 2.700000000000000000e+01
4.098000000000000114e+02 1.162000000000000000e+03 2.700000000000000000e+01
4.096000000000000227e+02 1.163000000000000000e+03 2.700000000000000000e+01
4.093999999999999773e+02 1.164000000000000000e+03 2.700000000000000000e+01
4.091999999999999886e+02 1.165000000000000000e+03 2.700000000000000000e+01
4.090000000000000000e+02 1.166000000000000000e+03 2.700000000000000000e+01
4.090000000000000000e+02 1.167000000000000000e+03 2.700000000000000000e+01
4.090000000000000000e+02 1.168000000000000000e+03 2.700000000000000000e+01
4.090000000000000000e+02 1.169000000000000000e+03 2.700000000000000000e+01
4.090000000000000000e+02 1.169500000000000000e+03 2.700000000000000000e+01
