4.020000000000000000e+02 8.306000000000000227e+02 2.300000000000000000e+01
4.020000000000000000e+02 8.313999999999999773e+02 2.300000000000000000e+01
4.020000000000000000e+02 8.322000000000000455e+02 2.300000000000000000e+01
4.021999999999999886e+02 8.327999999999999545e+02 2.300000000000000000e+01
4.023999999999999773e+02 8.336000000000000227e+02 2.400000000000000000e+01
4.026000000000000227e+02 8.343999999999999773e+02 2.400000000000000000e+01
4.028000000000000114e+02 8.352000000000000455e+02 2.400000000000000000e+01
4.030000000000000000e+02 8.360000000000000000e+02 2.400000000000000000e+01
4.030000000000000000e+02 8.370000000000000000e+02 2.500000000000000000e+01
4.030000000000000000e+02 8.380000000000000000e+02 2.500000000000000000e+01
4.031999999999999886e+02 8.390000000000000000e+02 2.500000000000000000e+01
4.032500000000000000e+02 8.395000000000000000e+02 2.600000000000000000e+01
