9.687999999999999545e+02 3.581999999999999886e+02 1.600000000000000000e+01
9.682000000000000455e+02 3.578000000000000114e+02 1.600000000000000000e+01
9.677999999999999545e+02 3.571999999999999886e+02 1.600000000000000000e+01
9.672000000000000455e+02 3.568000000000000114e+02 1.600000000000000000e+01
9.667999999999999545e+02 3.561999999999999886e+02 1.600000000000000000e+01
9.662000000000000455e+02 3.556000000000000227e+02 1.600000000000000000e+01
9.656000000000000227e+02 3.548000000000000114e+02 1.600000000000000000e+01
9.647999999999999545e+02 3.540000000000000000e+02 1.600000000000000000e+01
9.640000000000000000e+02 3.530000000000000000e+02 1.600000000000000000e+01
9.630000000000000000e+02 3.521999999999999886e+02 1.600000000000000000e+01
9.622000000000000455e+02 3.513999999999999773e+02 1.600000000000000000e+01
9.613999999999999773e+02 3.508000000000000114e+02 1.600000000000000000e+01
9.607999999999999545e+02 3.501999999999999886e+02 1.600000000000000000e+01
9.602000000000000455e+02 3.498000000000000114e+02 1.600000000000000000e+01
9.596000000000000227e+02 3.493999999999999773e+02 1.600000000000000000e+01
9.590000000000000000e+02 3.490000000000000000e+02 1.600000000000000000e+01
9.583999999999999773e+02 3.486000000000000227e+02 1.600000000000000000e+01
9.576000000000000227e+02 3.481999999999999886e+02 1.600000000000000000e+01
9.567999999999999545e+02 3.478000000000000114e+02 1.600000000000000000e+01
9.560000000000000000e+02 3.471999999999999886e+02 1.600000000000000000e+01
9.550000000000000000e+02 3.468000000000000114e+02 1.600000000000000000e+01
9.540000000000000000e+02 3.463999999999999773e+02 1.600000000000000000e+01
9.530000000000000000e+02 3.461999999999999886e+02 1.600000000000000000e+01
9.522000000000000455e+02 3.458000000000000114e+02 1.600000000000000000e+01
9.513999999999999773e+02 3.456000000000000227e+02 1.600000000000000000e+01
9.506000000000000227e+02 3.453999999999999773e+02 1.600000000000000000e+01
9.497999999999999545e+02 3.451999999999999886e+02 1.600000000000000000e+01
9.490000000000000000e+02 3.450000000000000000e+02 1.500000000000000000e+01
9.480000000000000000e+02 3.450000000000000000e+02 1.500000000000000000e+01
9.470000000000000000e+02 3.450000000000000000e+02 1.500000000000000000e+01
9.460000000000000000e+02 3.450000000000000000e+02 1.500000000000000000e+01
9.450000000000000000e+02 3.450000000000000000e+02 1.500000000000000000e+01
9.440000000000000000e+02 3.450000000000000000e+02 1.500000000000000000e+01
9.430000000000000000e+02 3.450000000000000000e+02 1.500000000000000000e+01
9.420000000000000000e+02 3.450000000000000000e+02 1.500000000000000000e+01
9.410000000000000000e+02 3.450000000000000000e+02 1.500000000000000000e+01
9.402000000000000455e+02 3.451999999999999886e+02 1.500000000000000000e+01
9.393999999999999773e+02 3.453999999999999773e+02 1.500000000000000000e+01
9.386000000000000227e+02 3.456000000000000227e+02 1.500000000000000000e+01
9.377999999999999545e+02 3.458000000000000114e+02 1.500000000000000000e+01
9.370000000000000000e+02 3.460000000000000000e+02 1.500000000000000000e+01
9.360000000000000000e+02 3.460000000000000000e+02 1.500000000000000000e+01
9.350000000000000000e+02 3.460000000000000000e+02 1.500000000000000000e+01
9.342000000000000455e+02 3.460000000000000000e+02 1.600000000000000000e+01
9.333999999999999773e+02 3.458000000000000114e+02 1.500000000000000000e+01
9.327999999999999545e+02 3.453999999999999773e+02 1.600000000000000000e+01
9.322000000000000455e+02 3.450000000000000000e+02 1.600000000000000000e+01
9.317999999999999545e+02 3.443999999999999773e+02 1.600000000000000000e+01
9.312000000000000455e+02 3.438000000000000114e+02 1.600000000000000000e+01
9.306000000000000227e+02 3.431999999999999886e+02 1.600000000000000000e+01
9.297999999999999545e+02 3.426000000000000227e+02 1.600000000000000000e+01
9.290000000000000000e+02 3.420000000000000000e+02 1.600000000000000000e+01
9.282000000000000455e+02 3.413999999999999773e+02 1.600000000000000000e+01
9.273999999999999773e+02 3.408000000000000114e+02 1.600000000000000000e+01
9.267999999999999545e+02 3.401999999999999886e+02 1.600000000000000000e+01
9.262000000000000455e+02 3.398000000000000114e+02 1.600000000000000000e+01
9.256000000000000227e+02 3.393999999999999773e+02 1.600000000000000000e+01
9.250000000000000000e+02 3.390000000000000000e+02 1.600000000000000000e+01
9.243999999999999773e+02 3.386000000000000227e+02 1.600000000000000000e+01
9.236000000000000227e+02 3.383999999999999773e+02 1.600000000000000000e+01
9.230000000000000000e+02 3.381999999999999886e+02 1.600000000000000000e+01
9.223999999999999773e+02 3.380000000000000000e+02 1.500000000000000000e+01
9.217999999999999545e+02 3.378000000000000114e+02 1.500000000000000000e+01
9.212000000000000455e+02 3.376000000000000227e+02 1.500000000000000000e+01
9.206000000000000227e+02 3.373999999999999773e+02 1.500000000000000000e+01
9.197999999999999545e+02 3.371999999999999886e+02 1.500000000000000000e+01
9.190000000000000000e+02 3.370000000000000000e+02 1.500000000000000000e+01
9.182000000000000455e+02 3.368000000000000114e+02 1.500000000000000000e+01
9.173999999999999773e+02 3.366000000000000227e+02 1.500000000000000000e+01
9.166000000000000227e+02 3.363999999999999773e+02 1.500000000000000000e+01
9.157999999999999545e+02 3.361999999999999886e+02 1.500000000000000000e+01
9.150000000000000000e+02 3.360000000000000000e+02 1.500000000000000000e+01
9.142000000000000455e+02 3.358000000000000114e+02 1.500000000000000000e+01
9.133999999999999773e+02 3.356000000000000227e+02 1.500000000000000000e+01
9.126000000000000227e+02 3.353999999999999773e+02 1.500000000000000000e+01
9.117999999999999545e+02 3.350000000000000000e+02 1.500000000000000000e+01
9.110000000000000000e+02 3.346000000000000227e+02 1.500000000000000000e+01
9.100000000000000000e+02 3.343999999999999773e+02 1.500000000000000000e+01
9.090000000000000000e+02 3.341999999999999886e+02 1.500000000000000000e+01
9.080000000000000000e+02 3.340000000000000000e+02 1.500000000000000000e+01
9.072000000000000455e+02 3.340000000000000000e+02 1.500000000000000000e+01
9.063999999999999773e+02 3.338000000000000114e+02 1.400000000000000000e+01
9.057999999999999545e+02 3.338000000000000114e+02 1.400000000000000000e+01
9.052000000000000455e+02 3.338000000000000114e+02 1.400000000000000000e+01
9.046000000000000227e+02 3.338000000000000114e+02 1.400000000000000000e+01
9.037999999999999545e+02 3.338000000000000114e+02 1.400000000000000000e+01
9.030000000000000000e+02 3.340000000000000000e+02 1.400000000000000000e+01
9.020000000000000000e+02 3.340000000000000000e+02 1.400000000000000000e+01
9.012000000000000455e+02 3.341999999999999886e+02 1.400000000000000000e+01
9.003999999999999773e+02 3.343999999999999773e+02 1.400000000000000000e+01
8.996000000000000227e+02 3.346000000000000227e+02 1.400000000000000000e+01
8.987999999999999545e+02 3.350000000000000000e+02 1.400000000000000000e+01
8.980000000000000000e+02 3.353999999999999773e+02 1.400000000000000000e+01
8.972000000000000455e+02 3.358000000000000114e+02 1.400000000000000000e+01
8.963999999999999773e+02 3.361999999999999886e+02 1.400000000000000000e+01
8.956000000000000227e+02 3.366000000000000227e+02 1.400000000000000000e+01
8.950000000000000000e+02 3.370000000000000000e+02 1.400000000000000000e+01
8.946000000000000227e+02 3.373999999999999773e+02 1.400000000000000000e+01
8.940000000000000000e+02 3.376000000000000227e+02 1.300000000000000000e+01
8.933999999999999773e+02 3.380000000000000000e+02 1.300000000000000000e+01
8.927999999999999545e+02 3.383999999999999773e+02 1.300000000000000000e+01
8.920000000000000000e+02 3.386000000000000227e+02 1.300000000000000000e+01
8.912000000000000455e+02 3.390000000000000000e+02 1.300000000000000000e+01
8.903999999999999773e+02 3.393999999999999773e+02 1.300000000000000000e+01
8.896000000000000227e+02 3.396000000000000227e+02 1.300000000000000000e+01
8.887999999999999545e+02 3.400000000000000000e+02 1.300000000000000000e+01
8.880000000000000000e+02 3.403999999999999773e+02 1.300000000000000000e+01
8.870000000000000000e+02 3.406000000000000227e+02 1.300000000000000000e+01
8.860000000000000000e+02 3.410000000000000000e+02 1.300000000000000000e+01
8.850000000000000000e+02 3.413999999999999773e+02 1.300000000000000000e+01
8.843999999999999773e+02 3.416000000000000227e+02 1.200000000000000000e+01
8.840000000000000000e+02 3.417500000000000000e+02 1.200000000000000000e+01
