2.145999999999999943e+02 7.220000000000000000e+02 2.900000000000000000e+01
2.144000000000000057e+02 7.230000000000000000e+02 2.900000000000000000e+01
2.140000000000000000e+02 7.237999999999999545e+02 2.900000000000000000e+01
2.135999999999999943e+02 7.246000000000000227e+02 2.900000000000000000e+01
2.134000000000000057e+02 7.253999999999999773e+02 2.900000000000000000e+01
2.131999999999999886e+02 7.262000000000000455e+02 2.900000000000000000e+01
2.128000000000000114e+02 7.267999999999999545e+02 2.900000000000000000e+01
2.125999999999999943e+02 7.276000000000000227e+02 2.900000000000000000e+01
2.124000000000000057e+02 7.283999999999999773e+02 2.900000000000000000e+01
2.121999999999999886e+02 7.292000000000000455e+02 2.900000000000000000e+01
2.120000000000000000e+02 7.300000000000000000e+02 2.900000000000000000e+01
2.120000000000000000e+02 7.310000000000000000e+02 2.900000000000000000e+01
2.120000000000000000e+02 7.320000000000000000e+02 2.900000000000000000e+01
2.120000000000000000e+02 7.330000000000000000e+02 2.900000000000000000e+01
2.120000000000000000e+02 7.335000000000000000e+02 2.900000000000000000e+01
