2.931999999999999886e+02 1.238200000000000045e+03 3.400000000000000000e+01
2.938000000000000114e+02 1.238799999999999955e+03 3.400000000000000000e+01
2.941999999999999886e+02 1.239599999999999909e+03 3.400000000000000000e+01
2.946000000000000227e+02 1.240400000000000091e+03 3.400000000000000000e+01
2.950000000000000000e+02 1.241000000000000000e+03 3.400000000000000000e+01
2.953999999999999773e+02 1.241599999999999909e+03 3.400000000000000000e+01
2.958000000000000114e+02 1.242400000000000091e+03 3.400000000000000000e+01
2.961999999999999886e+02 1.243200000000000045e+03 3.400000000000000000e+01
2.968000000000000114e+02 1.244000000000000000e+03 3.400000000000000000e+01
2.971999999999999886e+02 1.245000000000000000e+03 3.400000000000000000e+01
2.976000000000000227e+02 1.245799999999999955e+03 3.400000000000000000e+01
2.978000000000000114e+02 1.246599999999999909e+03 3.300000000000000000e+01
2.980000000000000000e+02 1.247400000000000091e+03 3.300000000000000000e+01
2.980000000000000000e+02 1.248200000000000045e+03 3.300000000000000000e+01
2.980000000000000000e+02 1.249000000000000000e+03 3.300000000000000000e+01
2.980000000000000000e+02 1.250000000000000000e+03 3.300000000000000000e+01
2.980000000000000000e+02 1.250799999999999955e+03 3.300000000000000000e+01
2.980000000000000000e+02 1.251599999999999909e+03 3.200000000000000000e+01
2.980000000000000000e+02 1.252400000000000091e+03 3.200000000000000000e+01
2.980000000000000000e+02 1.253200000000000045e+03 3.200000000000000000e+01
2.980000000000000000e+02 1.253799999999999955e+03 3.200000000000000000e+01
2.980000000000000000e+02 1.254599999999999909e+03 3.100000000000000000e+01
2.981999999999999886e+02 1.255200000000000045e+03 3.100000000000000000e+01
2.983999999999999773e+02 1.255799999999999955e+03 3.100000000000000000e+01
2.988000000000000114e+02 1.256200000000000045e+03 3.100000000000000000e+01
2.993999999999999773e+02 1.256599999999999909e+03 3.100000000000000000e+01
3.000000000000000000e+02 1.257000000000000000e+03 3.100000000000000000e+01
3.006000000000000227e+02 1.257400000000000091e+03 3.100000000000000000e+01
3.013999999999999773e+02 1.257599999999999909e+03 3.100000000000000000e+01
3.021999999999999886e+02 1.257799999999999955e+03 3.100000000000000000e+01
3.030000000000000000e+02 1.258000000000000000e+03 3.000000000000000000e+01
3.040000000000000000e+02 1.258000000000000000e+03 3.000000000000000000e+01
3.050000000000000000e+02 1.258000000000000000e+03 3.000000000000000000e+01
3.060000000000000000e+02 1.258000000000000000e+03 3.000000000000000000e+01
3.070000000000000000e+02 1.258000000000000000e+03 3.000000000000000000e+01
3.080000000000000000e+02 1.258000000000000000e+03 3.000000000000000000e+01
3.090000000000000000e+02 1.258000000000000000e+03 3.000000000000000000e+01
3.100000000000000000e+02 1.258000000000000000e+03 3.000000000000000000e+01
3.110000000000000000e+02 1.258000000000000000e+03 3.000000000000000000e+01
3.120000000000000000e+02 1.258000000000000000e+03 3.000000000000000000e+01
3.131999999999999886e+02 1.258200000000000045e+03 3.000000000000000000e+01
3.143999999999999773e+02 1.258400000000000091e+03 3.000000000000000000e+01
3.153999999999999773e+02 1.258799999999999955e+03 3.000000000000000000e+01
3.163999999999999773e+02 1.259200000000000045e+03 3.000000000000000000e+01
3.173999999999999773e+02 1.259799999999999955e+03 3.000000000000000000e+01
3.181999999999999886e+02 1.260200000000000045e+03 3.000000000000000000e+01
3.188000000000000114e+02 1.260799999999999955e+03 3.000000000000000000e+01
3.193999999999999773e+02 1.261200000000000045e+03 3.000000000000000000e+01
3.200000000000000000e+02 1.261799999999999955e+03 3.100000000000000000e+01
3.206000000000000227e+02 1.262200000000000045e+03 3.100000000000000000e+01
3.210000000000000000e+02 1.262799999999999955e+03 3.100000000000000000e+01
3.216000000000000227e+02 1.263200000000000045e+03 3.100000000000000000e+01
3.221999999999999886e+02 1.263799999999999955e+03 3.100000000000000000e+01
3.228000000000000114e+02 1.264200000000000045e+03 3.100000000000000000e+01
3.230000000000000000e+02 1.264500000000000000e+03 3.100000000000000000e+01
