6.920000000000000000e+02 4.940000000000000000e+02 9.000000000000000000e+00
6.920000000000000000e+02 4.950000000000000000e+02 9.000000000000000000e+00
6.920000000000000000e+02 4.960000000000000000e+02 9.000000000000000000e+00
6.920000000000000000e+02 4.970000000000000000e+02 9.000000000000000000e+00
6.920000000000000000e+02 4.980000000000000000e+02 9.000000000000000000e+00
6.920000000000000000e+02 4.990000000000000000e+02 9.000000000000000000e+00
6.920000000000000000e+02 5.000000000000000000e+02 9.000000000000000000e+00
6.920000000000000000e+02 5.010000000000000000e+02 9.000000000000000000e+00
6.917999999999999545e+02 5.018000000000000114e+02 9.000000000000000000e+00
6.916000000000000227e+02 5.026000000000000227e+02 9.000000000000000000e+00
6.913999999999999773e+02 5.033999999999999773e+02 9.000000000000000000e+00
6.912000000000000455e+02 5.041999999999999886e+02 9.000000000000000000e+00
6.910000000000000000e+02 5.050000000000000000e+02 9.000000000000000000e+00
6.910000000000000000e+02 5.060000000000000000e+02 9.000000000000000000e+00
6.910000000000000000e+02 5.070000000000000000e+02 9.000000000000000000e+00
6.910000000000000000e+02 5.080000000000000000e+02 9.000000000000000000e+00
6.907999999999999545e+02 5.088000000000000114e+02 9.000000000000000000e+00
6.906000000000000227e+02 5.096000000000000227e+02 9.000000000000000000e+00
6.903999999999999773e+02 5.103999999999999773e+02 9.000000000000000000e+00
6.900000000000000000e+02 5.111999999999999886e+02 9.000000000000000000e+00
6.896000000000000227e+02 5.120000000000000000e+02 9.000000000000000000e+00
6.893999999999999773e+02 5.130000000000000000e+02 9.000000000000000000e+00
6.890000000000000000e+02 5.137999999999999545e+02 1.000000000000000000e+01
6.886000000000000227e+02 5.146000000000000227e+02 1.000000000000000000e+01
6.882000000000000455e+02 5.152000000000000455e+02 1.000000000000000000e+01
6.877999999999999545e+02 5.157999999999999545e+02 1.000000000000000000e+01
6.872000000000000455e+02 5.163999999999999773e+02 1.000000000000000000e+01
6.867999999999999545e+02 5.172000000000000455e+02 1.000000000000000000e+01
6.862000000000000455e+02 5.180000000000000000e+02 1.000000000000000000e+01
6.857999999999999545e+02 5.190000000000000000e+02 1.000000000000000000e+01
6.853999999999999773e+02 5.200000000000000000e+02 1.000000000000000000e+01
6.852000000000000455e+02 5.207999999999999545e+02 1.000000000000000000e+01
6.850000000000000000e+02 5.216000000000000227e+02 1.100000000000000000e+01
6.847999999999999545e+02 5.222000000000000455e+02 1.100000000000000000e+01
6.846000000000000227e+02 5.227999999999999545e+02 1.100000000000000000e+01
6.843999999999999773e+02 5.233999999999999773e+02 1.100000000000000000e+01
6.842000000000000455e+02 5.242000000000000455e+02 1.100000000000000000e+01
6.840000000000000000e+02 5.250000000000000000e+02 1.100000000000000000e+01
6.840000000000000000e+02 5.257999999999999545e+02 1.100000000000000000e+01
6.840000000000000000e+02 5.266000000000000227e+02 1.200000000000000000e+01
6.840000000000000000e+02 5.273999999999999773e+02 1.200000000000000000e+01
6.840000000000000000e+02 5.282000000000000455e+02 1.200000000000000000e+01
6.840000000000000000e+02 5.290000000000000000e+02 1.200000000000000000e+01
6.840000000000000000e+02 5.300000000000000000e+02 1.200000000000000000e+01
6.840000000000000000e+02 5.310000000000000000e+02 1.200000000000000000e+01
6.840000000000000000e+02 5.317999999999999545e+02 1.200000000000000000e+01
6.840000000000000000e+02 5.326000000000000227e+02 1.300000000000000000e+01
6.840000000000000000e+02 5.333999999999999773e+02 1.300000000000000000e+01
6.840000000000000000e+02 5.342000000000000455e+02 1.300000000000000000e+01
6.840000000000000000e+02 5.350000000000000000e+02 1.300000000000000000e+01
6.840000000000000000e+02 5.360000000000000000e+02 1.300000000000000000e+01
6.840000000000000000e+02 5.370000000000000000e+02 1.300000000000000000e+01
6.840000000000000000e+02 5.375000000000000000e+02 1.300000000000000000e+01
