5.800000000000000000e+02 3.050000000000000000e+02 1.000000000000000000e+01
5.796000000000000227e+02 3.056000000000000227e+02 1.000000000000000000e+01
5.793999999999999773e+02 3.063999999999999773e+02 1.000000000000000000e+01
5.792000000000000455e+02 3.071999999999999886e+02 1.000000000000000000e+01
5.787999999999999545e+02 3.078000000000000114e+02 1.000000000000000000e+01
5.786000000000000227e+02 3.086000000000000227e+02 1.000000000000000000e+01
5.783999999999999773e+02 3.093999999999999773e+02 1.000000000000000000e+01
5.782000000000000455e+02 3.101999999999999886e+02 1.000000000000000000e+01
5.780000000000000000e+02 3.108000000000000114e+02 1.000000000000000000e+01
5.780000000000000000e+02 3.116000000000000227e+02 9.000000000000000000e+00
5.780000000000000000e+02 3.123999999999999773e+02 9.000000000000000000e+00
5.780000000000000000e+02 3.131999999999999886e+02 9.000000000000000000e+00
5.780000000000000000e+02 3.140000000000000000e+02 9.000000000000000000e+00
5.782000000000000455e+02 3.150000000000000000e+02 9.000000000000000000e+00
5.783999999999999773e+02 3.160000000000000000e+02 9.000000000000000000e+00
5.786000000000000227e+02 3.170000000000000000e+02 9.000000000000000000e+00
5.787999999999999545e+02 3.180000000000000000e+02 9.000000000000000000e+00
5.790000000000000000e+02 3.190000000000000000e+02 9.000000000000000000e+00
5.790000000000000000e+02 3.200000000000000000e+02 9.000000000000000000e+00
5.790000000000000000e+02 3.210000000000000000e+02 9.000000000000000000e+00
5.790000000000000000e+02 3.220000000000000000e+02 9.000000000000000000e+00
5.792000000000000455e+02 3.228000000000000114e+02 9.000000000000000000e+00
5.793999999999999773e+02 3.236000000000000227e+02 9.000000000000000000e+00
5.796000000000000227e+02 3.243999999999999773e+02 9.000000000000000000e+00
5.797999999999999545e+02 3.251999999999999886e+02 9.000000000000000000e+00
5.800000000000000000e+02 3.260000000000000000e+02 9.000000000000000000e+00
5.800000000000000000e+02 3.270000000000000000e+02 9.000000000000000000e+00
5.800000000000000000e+02 3.280000000000000000e+02 9.000000000000000000e+00
5.800000000000000000e+02 3.288000000000000114e+02 9.000000000000000000e+00
5.800000000000000000e+02 3.296000000000000227e+02 8.000000000000000000e+00
5.800000000000000000e+02 3.303999999999999773e+02 8.000000000000000000e+00
5.800000000000000000e+02 3.311999999999999886e+02 8.000000000000000000e+00
5.800000000000000000e+02 3.320000000000000000e+02 8.000000000000000000e+00
5.800000000000000000e+02 3.330000000000000000e+02 8.000000000000000000e+00
5.800000000000000000e+02 3.340000000000000000e+02 8.000000000000000000e+00
5.800000000000000000e+02 3.350000000000000000e+02 8.000000000000000000e+00
5.802000000000000455e+02 3.358000000000000114e+02 8.000000000000000000e+00
5.803999999999999773e+02 3.366000000000000227e+02 8.000000000000000000e+00
5.806000000000000227e+02 3.373999999999999773e+02 8.000000000000000000e+00
5.807999999999999545e+02 3.381999999999999886e+02 7.000000000000000000e+00
5.812000000000000455e+02 3.388000000000000114e+02 7.000000000000000000e+00
5.813999999999999773e+02 3.396000000000000227e+02 7.000000000000000000e+00
5.816000000000000227e+02 3.403999999999999773e+02 7.000000000000000000e+00
5.817999999999999545e+02 3.411999999999999886e+02 7.000000000000000000e+00
5.822000000000000455e+02 3.418000000000000114e+02 7.000000000000000000e+00
5.823999999999999773e+02 3.426000000000000227e+02 7.000000000000000000e+00
5.826000000000000227e+02 3.433999999999999773e+02 7.000000000000000000e+00
5.830000000000000000e+02 3.440000000000000000e+02 7.000000000000000000e+00
5.832500000000000000e+02 3.442500000000000000e+02 8.000000000000000000e+00
