5.100000000000000000e+01 8.510000000000000000e+02 2.400000000000000000e+01
5.200000000000000000e+01 8.510000000000000000e+02 2.400000000000000000e+01
5.300000000000000000e+01 8.512000000000000455e+02 2.400000000000000000e+01
5.400000000000000000e+01 8.513999999999999773e+02 2.300000000000000000e+01
5.500000000000000000e+01 8.516000000000000227e+02 2.300000000000000000e+01
5.579999999999999716e+01 8.520000000000000000e+02 2.300000000000000000e+01
5.660000000000000142e+01 8.523999999999999773e+02 2.300000000000000000e+01
5.720000000000000284e+01 8.527999999999999545e+02 2.300000000000000000e+01
5.779999999999999716e+01 8.532000000000000455e+02 2.300000000000000000e+01
5.800000000000000000e+01 8.535000000000000000e+02 2.300000000000000000e+01
