8.536000000000000227e+02 3.383999999999999773e+02 1.300000000000000000e+01
8.543999999999999773e+02 3.386000000000000227e+02 1.300000000000000000e+01
8.552000000000000455e+02 3.388000000000000114e+02 1.300000000000000000e+01
8.560000000000000000e+02 3.391999999999999886e+02 1.300000000000000000e+01
8.570000000000000000e+02 3.393999999999999773e+02 1.300000000000000000e+01
8.580000000000000000e+02 3.396000000000000227e+02 1.300000000000000000e+01
8.590000000000000000e+02 3.398000000000000114e+02 1.300000000000000000e+01
8.600000000000000000e+02 3.400000000000000000e+02 1.300000000000000000e+01
8.610000000000000000e+02 3.400000000000000000e+02 1.300000000000000000e+01
8.617999999999999545e+02 3.401999999999999886e+02 1.300000000000000000e+01
8.626000000000000227e+02 3.403999999999999773e+02 1.300000000000000000e+01
8.633999999999999773e+02 3.406000000000000227e+02 1.300000000000000000e+01
8.642000000000000455e+02 3.408000000000000114e+02 1.300000000000000000e+01
8.650000000000000000e+02 3.410000000000000000e+02 1.300000000000000000e+01
8.660000000000000000e+02 3.410000000000000000e+02 1.300000000000000000e+01
8.670000000000000000e+02 3.410000000000000000e+02 1.300000000000000000e+01
8.675000000000000000e+02 3.410000000000000000e+02 1.300000000000000000e+01
