5.220000000000000284e+01 1.894000000000000057e+02 1.600000000000000000e+01
5.279999999999999716e+01 1.891999999999999886e+02 1.500000000000000000e+01
5.339999999999999858e+01 1.890000000000000000e+02 1.500000000000000000e+01
5.420000000000000284e+01 1.890000000000000000e+02 1.500000000000000000e+01
5.479999999999999716e+01 1.888000000000000114e+02 1.500000000000000000e+01
5.560000000000000142e+01 1.885999999999999943e+02 1.500000000000000000e+01
5.639999999999999858e+01 1.884000000000000057e+02 1.500000000000000000e+01
5.700000000000000000e+01 1.884000000000000057e+02 1.500000000000000000e+01
5.760000000000000142e+01 1.884000000000000057e+02 1.500000000000000000e+01
5.839999999999999858e+01 1.885999999999999943e+02 1.500000000000000000e+01
5.920000000000000284e+01 1.888000000000000114e+02 1.500000000000000000e+01
6.000000000000000000e+01 1.890000000000000000e+02 1.500000000000000000e+01
6.100000000000000000e+01 1.890000000000000000e+02 1.500000000000000000e+01
6.150000000000000000e+01 1.890000000000000000e+02 1.500000000000000000e+01
