1.043000000000000000e+03 5.150000000000000000e+02 1.500000000000000000e+01
1.043200000000000045e+03 5.157999999999999545e+02 1.500000000000000000e+01
1.043400000000000091e+03 5.166000000000000227e+02 1.500000000000000000e+01
1.043599999999999909e+03 5.173999999999999773e+02 1.500000000000000000e+01
1.043799999999999955e+03 5.182000000000000455e+02 1.500000000000000000e+01
1.044000000000000000e+03 5.190000000000000000e+02 1.500000000000000000e+01
1.044000000000000000e+03 5.200000000000000000e+02 1.500000000000000000e+01
1.044000000000000000e+03 5.210000000000000000e+02 1.500000000000000000e+01
1.044200000000000045e+03 5.220000000000000000e+02 1.500000000000000000e+01
1.044400000000000091e+03 5.230000000000000000e+02 1.500000000000000000e+01
1.044599999999999909e+03 5.240000000000000000e+02 1.500000000000000000e+01
1.044799999999999955e+03 5.250000000000000000e+02 1.500000000000000000e+01
1.045000000000000000e+03 5.260000000000000000e+02 1.500000000000000000e+01
1.045000000000000000e+03 5.270000000000000000e+02 1.500000000000000000e+01
1.045000000000000000e+03 5.280000000000000000e+02 1.500000000000000000e+01
1.045000000000000000e+03 5.290000000000000000e+02 1.500000000000000000e+01
1.045000000000000000e+03 5.300000000000000000e+02 1.500000000000000000e+01
1.045000000000000000e+03 5.310000000000000000e+02 1.500000000000000000e+01
1.045000000000000000e+03 5.320000000000000000e+02 1.500000000000000000e+01
1.045000000000000000e+03 5.330000000000000000e+02 1.500000000000000000e+01
1.045000000000000000e+03 5.335000000000000000e+02 1.500000000000000000e+01
