2.620000000000000000e+02 1.256400000000000091e+03 3.100000000000000000e+01
2.630000000000000000e+02 1.256599999999999909e+03 3.100000000000000000e+01
2.640000000000000000e+02 1.256799999999999955e+03 3.100000000000000000e+01
2.651999999999999886e+02 1.257000000000000000e+03 3.100000000000000000e+01
2.663999999999999773e+02 1.257000000000000000e+03 3.200000000000000000e+01
2.673999999999999773e+02 1.257200000000000045e+03 3.200000000000000000e+01
2.683999999999999773e+02 1.257400000000000091e+03 3.200000000000000000e+01
2.693999999999999773e+02 1.257599999999999909e+03 3.200000000000000000e+01
2.701999999999999886e+02 1.257799999999999955e+03 3.200000000000000000e+01
2.710000000000000000e+02 1.258000000000000000e+03 3.200000000000000000e+01
2.720000000000000000e+02 1.258000000000000000e+03 3.200000000000000000e+01
2.730000000000000000e+02 1.258200000000000045e+03 3.200000000000000000e+01
2.735000000000000000e+02 1.258250000000000000e+03 3.200000000000000000e+01
