6.512000000000000455e+02 4.978000000000000114e+02 1.300000000000000000e+01
6.520000000000000000e+02 4.971999999999999886e+02 1.300000000000000000e+01
6.530000000000000000e+02 4.968000000000000114e+02 1.300000000000000000e+01
6.537999999999999545e+02 4.961999999999999886e+02 1.300000000000000000e+01
6.546000000000000227e+02 4.958000000000000114e+02 1.300000000000000000e+01
6.553999999999999773e+02 4.953999999999999773e+02 1.300000000000000000e+01
6.560000000000000000e+02 4.950000000000000000e+02 1.300000000000000000e+01
6.566000000000000227e+02 4.943999999999999773e+02 1.200000000000000000e+01
6.572000000000000455e+02 4.938000000000000114e+02 1.200000000000000000e+01
6.577999999999999545e+02 4.930000000000000000e+02 1.200000000000000000e+01
6.582000000000000455e+02 4.920000000000000000e+02 1.200000000000000000e+01
6.587999999999999545e+02 4.910000000000000000e+02 1.200000000000000000e+01
6.592000000000000455e+02 4.900000000000000000e+02 1.200000000000000000e+01
6.597999999999999545e+02 4.891999999999999886e+02 1.200000000000000000e+01
6.602000000000000455e+02 4.883999999999999773e+02 1.200000000000000000e+01
6.606000000000000227e+02 4.876000000000000227e+02 1.200000000000000000e+01
6.610000000000000000e+02 4.870000000000000000e+02 1.200000000000000000e+01
6.613999999999999773e+02 4.863999999999999773e+02 1.200000000000000000e+01
6.617999999999999545e+02 4.858000000000000114e+02 1.200000000000000000e+01
6.623999999999999773e+02 4.851999999999999886e+02 1.100000000000000000e+01
6.632000000000000455e+02 4.848000000000000114e+02 1.100000000000000000e+01
6.640000000000000000e+02 4.843999999999999773e+02 1.100000000000000000e+01
6.647999999999999545e+02 4.840000000000000000e+02 1.100000000000000000e+01
6.656000000000000227e+02 4.836000000000000227e+02 1.100000000000000000e+01
6.663999999999999773e+02 4.833999999999999773e+02 1.100000000000000000e+01
6.672000000000000455e+02 4.831999999999999886e+02 1.100000000000000000e+01
6.680000000000000000e+02 4.830000000000000000e+02 1.100000000000000000e+01
6.687999999999999545e+02 4.831999999999999886e+02 1.100000000000000000e+01
6.696000000000000227e+02 4.833999999999999773e+02 1.100000000000000000e+01
6.703999999999999773e+02 4.836000000000000227e+02 1.100000000000000000e+01
6.712000000000000455e+02 4.838000000000000114e+02 1.000000000000000000e+01
6.720000000000000000e+02 4.841999999999999886e+02 1.000000000000000000e+01
6.730000000000000000e+02 4.843999999999999773e+02 1.000000000000000000e+01
6.740000000000000000e+02 4.846000000000000227e+02 1.000000000000000000e+01
6.747999999999999545e+02 4.850000000000000000e+02 1.000000000000000000e+01
6.756000000000000227e+02 4.853999999999999773e+02 1.000000000000000000e+01
6.763999999999999773e+02 4.858000000000000114e+02 1.000000000000000000e+01
6.772000000000000455e+02 4.861999999999999886e+02 1.000000000000000000e+01
6.780000000000000000e+02 4.868000000000000114e+02 1.000000000000000000e+01
6.790000000000000000e+02 4.871999999999999886e+02 1.000000000000000000e+01
6.797999999999999545e+02 4.878000000000000114e+02 1.000000000000000000e+01
6.806000000000000227e+02 4.881999999999999886e+02 1.000000000000000000e+01
6.813999999999999773e+02 4.886000000000000227e+02 9.000000000000000000e+00
6.820000000000000000e+02 4.890000000000000000e+02 9.000000000000000000e+00
6.826000000000000227e+02 4.893999999999999773e+02 9.000000000000000000e+00
6.833999999999999773e+02 4.896000000000000227e+02 9.000000000000000000e+00
6.842000000000000455e+02 4.900000000000000000e+02 9.000000000000000000e+00
6.850000000000000000e+02 4.903999999999999773e+02 9.000000000000000000e+00
6.860000000000000000e+02 4.906000000000000227e+02 9.000000000000000000e+00
6.870000000000000000e+02 4.908000000000000114e+02 9.000000000000000000e+00
6.877999999999999545e+02 4.911999999999999886e+02 9.000000000000000000e+00
6.886000000000000227e+02 4.913999999999999773e+02 9.000000000000000000e+00
6.893999999999999773e+02 4.916000000000000227e+02 9.000000000000000000e+00
6.897500000000000000e+02 4.917500000000000000e+02 9.000000000000000000e+00
