5.402000000000000455e+02 6.992000000000000455e+02 1.700000000000000000e+01
5.393999999999999773e+02 6.993999999999999773e+02 1.700000000000000000e+01
5.386000000000000227e+02 6.996000000000000227e+02 1.700000000000000000e+01
5.377999999999999545e+02 6.997999999999999545e+02 1.700000000000000000e+01
5.370000000000000000e+02 7.002000000000000455e+02 1.700000000000000000e+01
5.362000000000000455e+02 7.003999999999999773e+02 1.800000000000000000e+01
5.353999999999999773e+02 7.006000000000000227e+02 1.700000000000000000e+01
5.346000000000000227e+02 7.007999999999999545e+02 1.800000000000000000e+01
5.340000000000000000e+02 7.012000000000000455e+02 1.800000000000000000e+01
5.333999999999999773e+02 7.013999999999999773e+02 1.800000000000000000e+01
5.326000000000000227e+02 7.016000000000000227e+02 1.800000000000000000e+01
5.317999999999999545e+02 7.017999999999999545e+02 1.700000000000000000e+01
5.310000000000000000e+02 7.020000000000000000e+02 1.700000000000000000e+01
5.300000000000000000e+02 7.020000000000000000e+02 1.700000000000000000e+01
5.292000000000000455e+02 7.022000000000000455e+02 1.700000000000000000e+01
5.283999999999999773e+02 7.023999999999999773e+02 1.700000000000000000e+01
5.276000000000000227e+02 7.026000000000000227e+02 1.700000000000000000e+01
5.267999999999999545e+02 7.027999999999999545e+02 1.700000000000000000e+01
5.260000000000000000e+02 7.030000000000000000e+02 1.700000000000000000e+01
5.252000000000000455e+02 7.030000000000000000e+02 1.700000000000000000e+01
5.242000000000000455e+02 7.032000000000000455e+02 1.600000000000000000e+01
5.233999999999999773e+02 7.032000000000000455e+02 1.600000000000000000e+01
5.230000000000000000e+02 7.032000000000000455e+02 1.600000000000000000e+01
5.227500000000000000e+02 7.032500000000000000e+02 1.600000000000000000e+01
