7.023999999999999773e+02 1.078599999999999909e+03 2.600000000000000000e+01
7.030000000000000000e+02 1.079000000000000000e+03 2.600000000000000000e+01
7.036000000000000227e+02 1.079400000000000091e+03 2.600000000000000000e+01
7.042000000000000455e+02 1.079400000000000091e+03 2.700000000000000000e+01
7.047999999999999545e+02 1.079400000000000091e+03 2.700000000000000000e+01
7.053999999999999773e+02 1.079200000000000045e+03 2.700000000000000000e+01
7.060000000000000000e+02 1.078599999999999909e+03 2.700000000000000000e+01
7.063999999999999773e+02 1.078000000000000000e+03 2.700000000000000000e+01
7.070000000000000000e+02 1.077400000000000091e+03 2.800000000000000000e+01
7.073999999999999773e+02 1.076599999999999909e+03 2.800000000000000000e+01
7.075000000000000000e+02 1.076250000000000000e+03 2.800000000000000000e+01
