3.960000000000000000e+02 1.253000000000000000e+03 2.700000000000000000e+01
3.970000000000000000e+02 1.253000000000000000e+03 2.700000000000000000e+01
3.980000000000000000e+02 1.253000000000000000e+03 2.700000000000000000e+01
3.990000000000000000e+02 1.253000000000000000e+03 2.700000000000000000e+01
3.998000000000000114e+02 1.253200000000000045e+03 2.700000000000000000e+01
4.006000000000000227e+02 1.253400000000000091e+03 2.700000000000000000e+01
4.013999999999999773e+02 1.253599999999999909e+03 2.700000000000000000e+01
4.021999999999999886e+02 1.253799999999999955e+03 2.700000000000000000e+01
4.030000000000000000e+02 1.254000000000000000e+03 2.700000000000000000e+01
4.040000000000000000e+02 1.254000000000000000e+03 2.700000000000000000e+01
4.050000000000000000e+02 1.254000000000000000e+03 2.700000000000000000e+01
4.060000000000000000e+02 1.254000000000000000e+03 2.700000000000000000e+01
4.068000000000000114e+02 1.254200000000000045e+03 2.700000000000000000e+01
4.076000000000000227e+02 1.254400000000000091e+03 2.700000000000000000e+01
4.083999999999999773e+02 1.254599999999999909e+03 2.700000000000000000e+01
4.091999999999999886e+02 1.254799999999999955e+03 2.700000000000000000e+01
4.100000000000000000e+02 1.255000000000000000e+03 2.700000000000000000e+01
4.110000000000000000e+02 1.255200000000000045e+03 2.700000000000000000e+01
4.120000000000000000e+02 1.255400000000000091e+03 2.700000000000000000e+01
4.130000000000000000e+02 1.255599999999999909e+03 2.700000000000000000e+01
4.140000000000000000e+02 1.255799999999999955e+03 2.700000000000000000e+01
4.150000000000000000e+02 1.256200000000000045e+03 2.700000000000000000e+01
4.160000000000000000e+02 1.256400000000000091e+03 2.700000000000000000e+01
4.170000000000000000e+02 1.256599999999999909e+03 2.700000000000000000e+01
4.178000000000000114e+02 1.257000000000000000e+03 2.700000000000000000e+01
4.186000000000000227e+02 1.257400000000000091e+03 2.700000000000000000e+01
4.193999999999999773e+02 1.257599999999999909e+03 2.700000000000000000e+01
4.200000000000000000e+02 1.258000000000000000e+03 2.700000000000000000e+01
4.206000000000000227e+02 1.258400000000000091e+03 2.700000000000000000e+01
4.213999999999999773e+02 1.258799999999999955e+03 2.700000000000000000e+01
4.221999999999999886e+02 1.259200000000000045e+03 2.700000000000000000e+01
4.228000000000000114e+02 1.259799999999999955e+03 2.700000000000000000e+01
4.236000000000000227e+02 1.260200000000000045e+03 2.700000000000000000e+01
4.241999999999999886e+02 1.260799999999999955e+03 2.700000000000000000e+01
4.248000000000000114e+02 1.261200000000000045e+03 2.700000000000000000e+01
4.251999999999999886e+02 1.261799999999999955e+03 2.700000000000000000e+01
4.256000000000000227e+02 1.262400000000000091e+03 2.600000000000000000e+01
4.260000000000000000e+02 1.263000000000000000e+03 2.600000000000000000e+01
4.263999999999999773e+02 1.263599999999999909e+03 2.600000000000000000e+01
4.266000000000000227e+02 1.264400000000000091e+03 2.600000000000000000e+01
4.270000000000000000e+02 1.265000000000000000e+03 2.600000000000000000e+01
4.273999999999999773e+02 1.265599999999999909e+03 2.600000000000000000e+01
4.276000000000000227e+02 1.266400000000000091e+03 2.600000000000000000e+01
4.280000000000000000e+02 1.267000000000000000e+03 2.600000000000000000e+01
4.283999999999999773e+02 1.267599999999999909e+03 2.600000000000000000e+01
4.286000000000000227e+02 1.268400000000000091e+03 2.600000000000000000e+01
4.290000000000000000e+02 1.269200000000000045e+03 2.600000000000000000e+01
4.293999999999999773e+02 1.270000000000000000e+03 2.600000000000000000e+01
4.296000000000000227e+02 1.271000000000000000e+03 2.600000000000000000e+01
4.300000000000000000e+02 1.272000000000000000e+03 2.600000000000000000e+01
4.303999999999999773e+02 1.273000000000000000e+03 2.600000000000000000e+01
4.306000000000000227e+02 1.274000000000000000e+03 2.600000000000000000e+01
4.308000000000000114e+02 1.275000000000000000e+03 2.600000000000000000e+01
4.311999999999999886e+02 1.275799999999999955e+03 2.600000000000000000e+01
4.313999999999999773e+02 1.276599999999999909e+03 2.600000000000000000e+01
4.316000000000000227e+02 1.277400000000000091e+03 2.600000000000000000e+01
4.318000000000000114e+02 1.278200000000000045e+03 2.600000000000000000e+01
4.321999999999999886e+02 1.279000000000000000e+03 2.600000000000000000e+01
4.323999999999999773e+02 1.280000000000000000e+03 2.600000000000000000e+01
4.326000000000000227e+02 1.281000000000000000e+03 2.600000000000000000e+01
4.328000000000000114e+02 1.282000000000000000e+03 2.600000000000000000e+01
4.331999999999999886e+02 1.283000000000000000e+03 2.600000000000000000e+01
4.333999999999999773e+02 1.284000000000000000e+03 2.600000000000000000e+01
4.335000000000000000e+02 1.284500000000000000e+03 2.600000000000000000e+01
