5.700000000000000000e+02 1.268000000000000000e+03 2.800000000000000000e+01
5.703999999999999773e+02 1.268599999999999909e+03 2.800000000000000000e+01
5.706000000000000227e+02 1.269400000000000091e+03 2.800000000000000000e+01
5.710000000000000000e+02 1.270000000000000000e+03 2.800000000000000000e+01
5.713999999999999773e+02 1.270599999999999909e+03 2.800000000000000000e+01
5.716000000000000227e+02 1.271400000000000091e+03 2.800000000000000000e+01
5.720000000000000000e+02 1.272200000000000045e+03 2.800000000000000000e+01
5.723999999999999773e+02 1.272799999999999955e+03 2.800000000000000000e+01
5.726000000000000227e+02 1.273599999999999909e+03 2.900000000000000000e+01
5.727999999999999545e+02 1.274400000000000091e+03 2.900000000000000000e+01
5.732000000000000455e+02 1.275000000000000000e+03 2.900000000000000000e+01
5.733999999999999773e+02 1.275599999999999909e+03 2.900000000000000000e+01
5.736000000000000227e+02 1.276400000000000091e+03 2.900000000000000000e+01
5.737999999999999545e+02 1.277200000000000045e+03 2.900000000000000000e+01
5.742000000000000455e+02 1.277799999999999955e+03 2.900000000000000000e+01
5.743999999999999773e+02 1.278599999999999909e+03 2.900000000000000000e+01
5.746000000000000227e+02 1.279400000000000091e+03 2.900000000000000000e+01
5.747999999999999545e+02 1.280200000000000045e+03 2.900000000000000000e+01
5.750000000000000000e+02 1.281000000000000000e+03 2.900000000000000000e+01
5.750000000000000000e+02 1.282000000000000000e+03 2.900000000000000000e+01
5.752000000000000455e+02 1.282799999999999955e+03 2.900000000000000000e+01
5.753999999999999773e+02 1.283599999999999909e+03 2.900000000000000000e+01
5.756000000000000227e+02 1.284400000000000091e+03 2.900000000000000000e+01
5.757999999999999545e+02 1.285200000000000045e+03 2.900000000000000000e+01
5.757999999999999545e+02 1.285799999999999955e+03 2.900000000000000000e+01
5.756000000000000227e+02 1.286599999999999909e+03 2.900000000000000000e+01
5.753999999999999773e+02 1.287400000000000091e+03 2.900000000000000000e+01
5.752000000000000455e+02 1.288200000000000045e+03 2.900000000000000000e+01
5.750000000000000000e+02 1.289000000000000000e+03 2.900000000000000000e+01
5.750000000000000000e+02 1.290000000000000000e+03 2.900000000000000000e+01
5.747999999999999545e+02 1.291000000000000000e+03 2.900000000000000000e+01
5.746000000000000227e+02 1.292000000000000000e+03 2.900000000000000000e+01
5.743999999999999773e+02 1.293000000000000000e+03 2.900000000000000000e+01
5.742500000000000000e+02 1.293500000000000000e+03 2.900000000000000000e+01
