2.756000000000000227e+02 1.260400000000000091e+03 3.100000000000000000e+01
2.760000000000000000e+02 1.261000000000000000e+03 3.100000000000000000e+01
2.763999999999999773e+02 1.261599999999999909e+03 3.100000000000000000e+01
2.768000000000000114e+02 1.262400000000000091e+03 3.100000000000000000e+01
2.771999999999999886e+02 1.263200000000000045e+03 3.100000000000000000e+01
2.778000000000000114e+02 1.263799999999999955e+03 3.100000000000000000e+01
2.781999999999999886e+02 1.264599999999999909e+03 3.100000000000000000e+01
2.788000000000000114e+02 1.265200000000000045e+03 3.100000000000000000e+01
2.791999999999999886e+02 1.265799999999999955e+03 3.100000000000000000e+01
2.798000000000000114e+02 1.266200000000000045e+03 3.100000000000000000e+01
2.801999999999999886e+02 1.266799999999999955e+03 3.100000000000000000e+01
2.808000000000000114e+02 1.267200000000000045e+03 3.100000000000000000e+01
2.811999999999999886e+02 1.267799999999999955e+03 3.100000000000000000e+01
2.818000000000000114e+02 1.268200000000000045e+03 3.100000000000000000e+01
2.821999999999999886e+02 1.268799999999999955e+03 3.100000000000000000e+01
2.828000000000000114e+02 1.269200000000000045e+03 3.100000000000000000e+01
2.831999999999999886e+02 1.269799999999999955e+03 3.100000000000000000e+01
2.838000000000000114e+02 1.270200000000000045e+03 3.100000000000000000e+01
2.843999999999999773e+02 1.270799999999999955e+03 3.100000000000000000e+01
2.851999999999999886e+02 1.271400000000000091e+03 3.100000000000000000e+01
2.860000000000000000e+02 1.272000000000000000e+03 3.100000000000000000e+01
2.868000000000000114e+02 1.272599999999999909e+03 3.100000000000000000e+01
2.876000000000000227e+02 1.273200000000000045e+03 3.100000000000000000e+01
2.883999999999999773e+02 1.273799999999999955e+03 3.100000000000000000e+01
2.891999999999999886e+02 1.274200000000000045e+03 3.100000000000000000e+01
2.898000000000000114e+02 1.274799999999999955e+03 3.100000000000000000e+01
2.906000000000000227e+02 1.275200000000000045e+03 3.100000000000000000e+01
2.913999999999999773e+02 1.275599999999999909e+03 3.100000000000000000e+01
2.921999999999999886e+02 1.275799999999999955e+03 3.100000000000000000e+01
2.930000000000000000e+02 1.276200000000000045e+03 3.100000000000000000e+01
2.940000000000000000e+02 1.276400000000000091e+03 3.100000000000000000e+01
2.950000000000000000e+02 1.276599999999999909e+03 3.100000000000000000e+01
2.960000000000000000e+02 1.276799999999999955e+03 3.100000000000000000e+01
2.970000000000000000e+02 1.277000000000000000e+03 3.100000000000000000e+01
2.978000000000000114e+02 1.277000000000000000e+03 3.100000000000000000e+01
2.986000000000000227e+02 1.277000000000000000e+03 3.200000000000000000e+01
2.991999999999999886e+02 1.277200000000000045e+03 3.200000000000000000e+01
2.998000000000000114e+02 1.277400000000000091e+03 3.200000000000000000e+01
3.003999999999999773e+02 1.277599999999999909e+03 3.200000000000000000e+01
3.011999999999999886e+02 1.277799999999999955e+03 3.200000000000000000e+01
3.020000000000000000e+02 1.278000000000000000e+03 3.200000000000000000e+01
3.030000000000000000e+02 1.278000000000000000e+03 3.200000000000000000e+01
3.038000000000000114e+02 1.278200000000000045e+03 3.200000000000000000e+01
3.046000000000000227e+02 1.278400000000000091e+03 3.200000000000000000e+01
3.053999999999999773e+02 1.278599999999999909e+03 3.200000000000000000e+01
3.061999999999999886e+02 1.278799999999999955e+03 3.200000000000000000e+01
3.070000000000000000e+02 1.279000000000000000e+03 3.200000000000000000e+01
3.078000000000000114e+02 1.279200000000000045e+03 3.200000000000000000e+01
3.086000000000000227e+02 1.279400000000000091e+03 3.200000000000000000e+01
3.090000000000000000e+02 1.279500000000000000e+03 3.200000000000000000e+01
