1.052200000000000045e+03 4.488000000000000114e+02 1.400000000000000000e+01
1.051799999999999955e+03 4.496000000000000227e+02 1.400000000000000000e+01
1.051400000000000091e+03 4.503999999999999773e+02 1.400000000000000000e+01
1.051000000000000000e+03 4.510000000000000000e+02 1.400000000000000000e+01
1.050599999999999909e+03 4.516000000000000227e+02 1.400000000000000000e+01
1.050200000000000045e+03 4.523999999999999773e+02 1.400000000000000000e+01
1.049799999999999955e+03 4.531999999999999886e+02 1.400000000000000000e+01
1.049400000000000091e+03 4.540000000000000000e+02 1.400000000000000000e+01
1.049000000000000000e+03 4.548000000000000114e+02 1.400000000000000000e+01
1.048599999999999909e+03 4.556000000000000227e+02 1.400000000000000000e+01
1.048400000000000091e+03 4.563999999999999773e+02 1.400000000000000000e+01
1.048000000000000000e+03 4.570000000000000000e+02 1.400000000000000000e+01
1.047599999999999909e+03 4.576000000000000227e+02 1.400000000000000000e+01
1.047400000000000091e+03 4.583999999999999773e+02 1.400000000000000000e+01
1.047200000000000045e+03 4.591999999999999886e+02 1.400000000000000000e+01
1.046799999999999955e+03 4.598000000000000114e+02 1.400000000000000000e+01
1.046599999999999909e+03 4.606000000000000227e+02 1.400000000000000000e+01
1.046400000000000091e+03 4.613999999999999773e+02 1.400000000000000000e+01
1.046200000000000045e+03 4.621999999999999886e+02 1.400000000000000000e+01
1.045799999999999955e+03 4.628000000000000114e+02 1.400000000000000000e+01
1.045599999999999909e+03 4.636000000000000227e+02 1.400000000000000000e+01
1.045400000000000091e+03 4.643999999999999773e+02 1.400000000000000000e+01
1.045200000000000045e+03 4.651999999999999886e+02 1.400000000000000000e+01
1.045000000000000000e+03 4.660000000000000000e+02 1.400000000000000000e+01
1.045000000000000000e+03 4.670000000000000000e+02 1.400000000000000000e+01
1.045000000000000000e+03 4.680000000000000000e+02 1.400000000000000000e+01
1.045000000000000000e+03 4.690000000000000000e+02 1.400000000000000000e+01
1.044799999999999955e+03 4.698000000000000114e+02 1.400000000000000000e+01
1.044599999999999909e+03 4.706000000000000227e+02 1.400000000000000000e+01
1.044400000000000091e+03 4.713999999999999773e+02 1.400000000000000000e+01
1.044200000000000045e+03 4.721999999999999886e+02 1.400000000000000000e+01
1.044000000000000000e+03 4.730000000000000000e+02 1.400000000000000000e+01
1.044000000000000000e+03 4.740000000000000000e+02 1.400000000000000000e+01
1.044000000000000000e+03 4.750000000000000000e+02 1.400000000000000000e+01
1.043799999999999955e+03 4.758000000000000114e+02 1.400000000000000000e+01
1.043599999999999909e+03 4.766000000000000227e+02 1.400000000000000000e+01
1.043400000000000091e+03 4.773999999999999773e+02 1.400000000000000000e+01
1.043200000000000045e+03 4.781999999999999886e+02 1.400000000000000000e+01
1.042799999999999955e+03 4.788000000000000114e+02 1.400000000000000000e+01
1.042599999999999909e+03 4.796000000000000227e+02 1.400000000000000000e+01
1.042400000000000091e+03 4.803999999999999773e+02 1.400000000000000000e+01
1.042200000000000045e+03 4.811999999999999886e+02 1.400000000000000000e+01
1.042000000000000000e+03 4.818000000000000114e+02 1.400000000000000000e+01
1.042000000000000000e+03 4.826000000000000227e+02 1.500000000000000000e+01
1.042000000000000000e+03 4.833999999999999773e+02 1.400000000000000000e+01
1.042000000000000000e+03 4.841999999999999886e+02 1.400000000000000000e+01
1.042000000000000000e+03 4.850000000000000000e+02 1.400000000000000000e+01
1.042000000000000000e+03 4.860000000000000000e+02 1.400000000000000000e+01
1.042000000000000000e+03 4.870000000000000000e+02 1.400000000000000000e+01
1.042000000000000000e+03 4.880000000000000000e+02 1.400000000000000000e+01
1.042000000000000000e+03 4.890000000000000000e+02 1.400000000000000000e+01
1.042000000000000000e+03 4.900000000000000000e+02 1.400000000000000000e+01
1.042200000000000045e+03 4.910000000000000000e+02 1.400000000000000000e+01
1.042400000000000091e+03 4.920000000000000000e+02 1.400000000000000000e+01
1.042599999999999909e+03 4.930000000000000000e+02 1.400000000000000000e+01
1.042799999999999955e+03 4.940000000000000000e+02 1.400000000000000000e+01
1.043000000000000000e+03 4.950000000000000000e+02 1.400000000000000000e+01
1.043000000000000000e+03 4.955000000000000000e+02 1.400000000000000000e+01
