8.737999999999999545e+02 1.366200000000000045e+03 2.500000000000000000e+01
8.742000000000000455e+02 1.366599999999999909e+03 2.500000000000000000e+01
8.746000000000000227e+02 1.367000000000000000e+03 2.600000000000000000e+01
8.750000000000000000e+02 1.367400000000000091e+03 2.600000000000000000e+01
8.753999999999999773e+02 1.367799999999999955e+03 2.600000000000000000e+01
8.757999999999999545e+02 1.368400000000000091e+03 2.600000000000000000e+01
8.762000000000000455e+02 1.369200000000000045e+03 2.600000000000000000e+01
8.767999999999999545e+02 1.369799999999999955e+03 2.600000000000000000e+01
8.772000000000000455e+02 1.370599999999999909e+03 2.600000000000000000e+01
8.777999999999999545e+02 1.371400000000000091e+03 2.600000000000000000e+01
8.782000000000000455e+02 1.372200000000000045e+03 2.600000000000000000e+01
8.787999999999999545e+02 1.372799999999999955e+03 2.600000000000000000e+01
8.792000000000000455e+02 1.373599999999999909e+03 2.600000000000000000e+01
8.796000000000000227e+02 1.374400000000000091e+03 2.600000000000000000e+01
8.800000000000000000e+02 1.375000000000000000e+03 2.600000000000000000e+01
8.803999999999999773e+02 1.375599999999999909e+03 2.600000000000000000e+01
8.805000000000000000e+02 1.376000000000000000e+03 2.600000000000000000e+01
