4.243999999999999773e+02 1.001399999999999977e+03 2.400000000000000000e+01
4.250000000000000000e+02 1.001000000000000000e+03 2.400000000000000000e+01
4.256000000000000227e+02 1.000600000000000023e+03 2.400000000000000000e+01
4.263999999999999773e+02 1.000399999999999977e+03 2.400000000000000000e+01
4.270000000000000000e+02 1.000000000000000000e+03 2.400000000000000000e+01
4.276000000000000227e+02 9.996000000000000227e+02 2.400000000000000000e+01
4.283999999999999773e+02 9.993999999999999773e+02 2.400000000000000000e+01
4.290000000000000000e+02 9.990000000000000000e+02 2.400000000000000000e+01
4.296000000000000227e+02 9.986000000000000227e+02 2.400000000000000000e+01
4.301999999999999886e+02 9.983999999999999773e+02 2.400000000000000000e+01
4.306000000000000227e+02 9.980000000000000000e+02 2.300000000000000000e+01
4.308000000000000114e+02 9.973999999999999773e+02 2.300000000000000000e+01
4.311999999999999886e+02 9.970000000000000000e+02 2.300000000000000000e+01
4.313999999999999773e+02 9.963999999999999773e+02 2.300000000000000000e+01
4.318000000000000114e+02 9.956000000000000227e+02 2.300000000000000000e+01
4.323999999999999773e+02 9.950000000000000000e+02 2.300000000000000000e+01
4.330000000000000000e+02 9.943999999999999773e+02 2.300000000000000000e+01
4.336000000000000227e+02 9.937999999999999545e+02 2.300000000000000000e+01
4.341999999999999886e+02 9.933999999999999773e+02 2.300000000000000000e+01
4.348000000000000114e+02 9.932000000000000455e+02 2.200000000000000000e+01
4.351999999999999886e+02 9.932000000000000455e+02 2.200000000000000000e+01
4.358000000000000114e+02 9.933999999999999773e+02 2.200000000000000000e+01
4.361999999999999886e+02 9.937999999999999545e+02 2.100000000000000000e+01
4.368000000000000114e+02 9.942000000000000455e+02 2.100000000000000000e+01
4.371999999999999886e+02 9.947999999999999545e+02 2.100000000000000000e+01
4.378000000000000114e+02 9.952000000000000455e+02 2.100000000000000000e+01
4.383999999999999773e+02 9.956000000000000227e+02 2.100000000000000000e+01
4.391999999999999886e+02 9.957999999999999545e+02 2.100000000000000000e+01
4.400000000000000000e+02 9.960000000000000000e+02 2.100000000000000000e+01
4.410000000000000000e+02 9.960000000000000000e+02 2.100000000000000000e+01
4.418000000000000114e+02 9.957999999999999545e+02 2.100000000000000000e+01
4.426000000000000227e+02 9.956000000000000227e+02 2.100000000000000000e+01
4.431999999999999886e+02 9.952000000000000455e+02 2.100000000000000000e+01
4.438000000000000114e+02 9.947999999999999545e+02 2.100000000000000000e+01
4.441999999999999886e+02 9.942000000000000455e+02 2.100000000000000000e+01
4.448000000000000114e+02 9.937999999999999545e+02 2.100000000000000000e+01
4.451999999999999886e+02 9.932000000000000455e+02 2.100000000000000000e+01
4.458000000000000114e+02 9.927999999999999545e+02 2.100000000000000000e+01
4.461999999999999886e+02 9.922000000000000455e+02 2.100000000000000000e+01
4.468000000000000114e+02 9.917999999999999545e+02 2.000000000000000000e+01
4.473999999999999773e+02 9.913999999999999773e+02 2.000000000000000000e+01
4.480000000000000000e+02 9.910000000000000000e+02 2.000000000000000000e+01
4.486000000000000227e+02 9.906000000000000227e+02 2.000000000000000000e+01
4.493999999999999773e+02 9.903999999999999773e+02 2.000000000000000000e+01
4.501999999999999886e+02 9.900000000000000000e+02 2.000000000000000000e+01
4.510000000000000000e+02 9.896000000000000227e+02 2.000000000000000000e+01
4.520000000000000000e+02 9.892000000000000455e+02 2.000000000000000000e+01
4.530000000000000000e+02 9.887999999999999545e+02 2.000000000000000000e+01
4.540000000000000000e+02 9.882000000000000455e+02 2.000000000000000000e+01
4.550000000000000000e+02 9.877999999999999545e+02 2.000000000000000000e+01
4.560000000000000000e+02 9.872000000000000455e+02 2.000000000000000000e+01
4.570000000000000000e+02 9.867999999999999545e+02 2.000000000000000000e+01
4.580000000000000000e+02 9.862000000000000455e+02 2.000000000000000000e+01
4.591999999999999886e+02 9.856000000000000227e+02 2.000000000000000000e+01
4.600000000000000000e+02 9.852000000000000455e+02 2.000000000000000000e+01
4.605000000000000000e+02 9.850000000000000000e+02 2.000000000000000000e+01
