5.172000000000000455e+02 1.593200000000000045e+03 2.800000000000000000e+01
5.173999999999999773e+02 1.592400000000000091e+03 2.800000000000000000e+01
5.176000000000000227e+02 1.591599999999999909e+03 2.800000000000000000e+01
5.180000000000000000e+02 1.591000000000000000e+03 2.800000000000000000e+01
5.183999999999999773e+02 1.590400000000000091e+03 2.800000000000000000e+01
5.186000000000000227e+02 1.589599999999999909e+03 2.800000000000000000e+01
5.190000000000000000e+02 1.589000000000000000e+03 2.800000000000000000e+01
5.196000000000000227e+02 1.588400000000000091e+03 2.800000000000000000e+01
5.202000000000000455e+02 1.587799999999999955e+03 2.800000000000000000e+01
5.207999999999999545e+02 1.587200000000000045e+03 2.800000000000000000e+01
5.216000000000000227e+02 1.586799999999999955e+03 2.800000000000000000e+01
5.222000000000000455e+02 1.586400000000000091e+03 2.800000000000000000e+01
5.225000000000000000e+02 1.586250000000000000e+03 2.900000000000000000e+01
