4.160000000000000000e+02 5.440000000000000000e+02 6.000000000000000000e+00
4.160000000000000000e+02 5.450000000000000000e+02 6.000000000000000000e+00
4.160000000000000000e+02 5.460000000000000000e+02 6.000000000000000000e+00
4.160000000000000000e+02 5.470000000000000000e+02 6.000000000000000000e+00
4.160000000000000000e+02 5.480000000000000000e+02 6.000000000000000000e+00
4.160000000000000000e+02 5.490000000000000000e+02 6.000000000000000000e+00
4.160000000000000000e+02 5.500000000000000000e+02 6.000000000000000000e+00
4.160000000000000000e+02 5.510000000000000000e+02 7.000000000000000000e+00
4.160000000000000000e+02 5.520000000000000000e+02 7.000000000000000000e+00
4.160000000000000000e+02 5.530000000000000000e+02 7.000000000000000000e+00
4.160000000000000000e+02 5.540000000000000000e+02 7.000000000000000000e+00
4.160000000000000000e+02 5.550000000000000000e+02 7.000000000000000000e+00
4.160000000000000000e+02 5.560000000000000000e+02 7.000000000000000000e+00
4.160000000000000000e+02 5.567999999999999545e+02 7.000000000000000000e+00
4.160000000000000000e+02 5.576000000000000227e+02 8.000000000000000000e+00
4.160000000000000000e+02 5.583999999999999773e+02 8.000000000000000000e+00
4.160000000000000000e+02 5.592000000000000455e+02 8.000000000000000000e+00
4.158000000000000114e+02 5.597999999999999545e+02 8.000000000000000000e+00
4.156000000000000227e+02 5.606000000000000227e+02 8.000000000000000000e+00
4.153999999999999773e+02 5.613999999999999773e+02 8.000000000000000000e+00
4.151999999999999886e+02 5.622000000000000455e+02 8.000000000000000000e+00
4.150000000000000000e+02 5.630000000000000000e+02 8.000000000000000000e+00
4.150000000000000000e+02 5.637999999999999545e+02 8.000000000000000000e+00
4.148000000000000114e+02 5.646000000000000227e+02 9.000000000000000000e+00
4.146000000000000227e+02 5.653999999999999773e+02 9.000000000000000000e+00
4.143999999999999773e+02 5.662000000000000455e+02 9.000000000000000000e+00
4.140000000000000000e+02 5.667999999999999545e+02 9.000000000000000000e+00
4.136000000000000227e+02 5.676000000000000227e+02 9.000000000000000000e+00
4.133999999999999773e+02 5.683999999999999773e+02 9.000000000000000000e+00
4.131999999999999886e+02 5.692000000000000455e+02 9.000000000000000000e+00
4.128000000000000114e+02 5.697999999999999545e+02 9.000000000000000000e+00
4.126000000000000227e+02 5.706000000000000227e+02 9.000000000000000000e+00
4.123999999999999773e+02 5.713999999999999773e+02 9.000000000000000000e+00
4.120000000000000000e+02 5.722000000000000455e+02 9.000000000000000000e+00
4.117500000000000000e+02 5.725000000000000000e+02 9.000000000000000000e+00
