2.758000000000000114e+02 1.241400000000000091e+03 3.600000000000000000e+01
2.763999999999999773e+02 1.240799999999999955e+03 3.600000000000000000e+01
2.770000000000000000e+02 1.240200000000000045e+03 3.600000000000000000e+01
2.776000000000000227e+02 1.239799999999999955e+03 3.600000000000000000e+01
2.781999999999999886e+02 1.239400000000000091e+03 3.600000000000000000e+01
2.786000000000000227e+02 1.239000000000000000e+03 3.500000000000000000e+01
2.790000000000000000e+02 1.238599999999999909e+03 3.500000000000000000e+01
2.796000000000000227e+02 1.238400000000000091e+03 3.500000000000000000e+01
2.801999999999999886e+02 1.238200000000000045e+03 3.500000000000000000e+01
2.808000000000000114e+02 1.237799999999999955e+03 3.500000000000000000e+01
2.816000000000000227e+02 1.237599999999999909e+03 3.500000000000000000e+01
2.823999999999999773e+02 1.237400000000000091e+03 3.500000000000000000e+01
2.831999999999999886e+02 1.237200000000000045e+03 3.500000000000000000e+01
2.838000000000000114e+02 1.237000000000000000e+03 3.500000000000000000e+01
2.846000000000000227e+02 1.237000000000000000e+03 3.400000000000000000e+01
2.853999999999999773e+02 1.236799999999999955e+03 3.400000000000000000e+01
2.861999999999999886e+02 1.236599999999999909e+03 3.400000000000000000e+01
2.870000000000000000e+02 1.236400000000000091e+03 3.400000000000000000e+01
2.880000000000000000e+02 1.236200000000000045e+03 3.400000000000000000e+01
2.890000000000000000e+02 1.236000000000000000e+03 3.400000000000000000e+01
2.895000000000000000e+02 1.236000000000000000e+03 3.400000000000000000e+01
