5.783999999999999773e+02 1.244000000000000000e+03 2.800000000000000000e+01
5.777999999999999545e+02 1.243799999999999955e+03 2.800000000000000000e+01
5.772000000000000455e+02 1.243599999999999909e+03 2.800000000000000000e+01
5.766000000000000227e+02 1.243400000000000091e+03 2.800000000000000000e+01
5.757999999999999545e+02 1.243200000000000045e+03 2.800000000000000000e+01
5.750000000000000000e+02 1.243000000000000000e+03 2.800000000000000000e+01
5.740000000000000000e+02 1.243000000000000000e+03 2.700000000000000000e+01
5.730000000000000000e+02 1.243200000000000045e+03 2.700000000000000000e+01
5.720000000000000000e+02 1.243400000000000091e+03 2.700000000000000000e+01
5.710000000000000000e+02 1.243599999999999909e+03 2.700000000000000000e+01
5.702000000000000455e+02 1.244000000000000000e+03 2.700000000000000000e+01
5.693999999999999773e+02 1.244400000000000091e+03 2.700000000000000000e+01
5.687999999999999545e+02 1.244799999999999955e+03 2.700000000000000000e+01
5.682000000000000455e+02 1.245200000000000045e+03 2.700000000000000000e+01
5.677999999999999545e+02 1.245799999999999955e+03 2.700000000000000000e+01
5.672000000000000455e+02 1.246200000000000045e+03 2.700000000000000000e+01
5.667999999999999545e+02 1.246799999999999955e+03 2.700000000000000000e+01
5.663999999999999773e+02 1.247400000000000091e+03 2.700000000000000000e+01
5.662000000000000455e+02 1.248200000000000045e+03 2.700000000000000000e+01
5.660000000000000000e+02 1.249000000000000000e+03 2.700000000000000000e+01
5.660000000000000000e+02 1.250000000000000000e+03 2.700000000000000000e+01
5.660000000000000000e+02 1.251000000000000000e+03 2.700000000000000000e+01
5.660000000000000000e+02 1.252000000000000000e+03 2.700000000000000000e+01
5.660000000000000000e+02 1.253000000000000000e+03 2.700000000000000000e+01
5.660000000000000000e+02 1.254000000000000000e+03 2.700000000000000000e+01
5.660000000000000000e+02 1.255000000000000000e+03 2.700000000000000000e+01
5.662000000000000455e+02 1.256000000000000000e+03 2.700000000000000000e+01
5.663999999999999773e+02 1.257000000000000000e+03 2.700000000000000000e+01
5.666000000000000227e+02 1.258000000000000000e+03 2.700000000000000000e+01
5.667999999999999545e+02 1.259000000000000000e+03 2.700000000000000000e+01
5.672000000000000455e+02 1.260000000000000000e+03 2.700000000000000000e+01
5.673999999999999773e+02 1.261000000000000000e+03 2.700000000000000000e+01
5.676000000000000227e+02 1.262000000000000000e+03 2.700000000000000000e+01
5.680000000000000000e+02 1.263000000000000000e+03 2.700000000000000000e+01
5.683999999999999773e+02 1.264000000000000000e+03 2.700000000000000000e+01
5.686000000000000227e+02 1.264799999999999955e+03 2.800000000000000000e+01
5.686000000000000227e+02 1.265599999999999909e+03 2.700000000000000000e+01
5.683999999999999773e+02 1.266400000000000091e+03 2.800000000000000000e+01
5.680000000000000000e+02 1.267200000000000045e+03 2.800000000000000000e+01
5.673999999999999773e+02 1.267799999999999955e+03 2.800000000000000000e+01
5.667999999999999545e+02 1.268599999999999909e+03 2.800000000000000000e+01
5.662000000000000455e+02 1.269200000000000045e+03 2.900000000000000000e+01
5.657999999999999545e+02 1.269799999999999955e+03 2.900000000000000000e+01
5.652000000000000455e+02 1.270200000000000045e+03 2.900000000000000000e+01
5.647999999999999545e+02 1.270799999999999955e+03 2.900000000000000000e+01
5.642000000000000455e+02 1.271200000000000045e+03 2.900000000000000000e+01
5.637999999999999545e+02 1.271799999999999955e+03 2.900000000000000000e+01
5.632000000000000455e+02 1.272400000000000091e+03 2.900000000000000000e+01
5.627999999999999545e+02 1.273200000000000045e+03 2.900000000000000000e+01
5.622000000000000455e+02 1.273799999999999955e+03 2.900000000000000000e+01
5.617999999999999545e+02 1.274599999999999909e+03 2.900000000000000000e+01
5.612000000000000455e+02 1.275400000000000091e+03 2.900000000000000000e+01
5.607999999999999545e+02 1.276200000000000045e+03 2.900000000000000000e+01
5.602000000000000455e+02 1.277000000000000000e+03 2.900000000000000000e+01
5.597999999999999545e+02 1.278000000000000000e+03 2.900000000000000000e+01
5.593999999999999773e+02 1.279000000000000000e+03 2.900000000000000000e+01
5.590000000000000000e+02 1.279799999999999955e+03 3.000000000000000000e+01
5.583999999999999773e+02 1.280400000000000091e+03 2.900000000000000000e+01
5.580000000000000000e+02 1.281000000000000000e+03 2.900000000000000000e+01
5.573999999999999773e+02 1.281400000000000091e+03 2.900000000000000000e+01
5.567999999999999545e+02 1.281799999999999955e+03 2.900000000000000000e+01
5.562000000000000455e+02 1.282200000000000045e+03 2.900000000000000000e+01
5.557999999999999545e+02 1.282799999999999955e+03 2.900000000000000000e+01
5.552000000000000455e+02 1.283200000000000045e+03 2.900000000000000000e+01
5.547999999999999545e+02 1.283799999999999955e+03 2.900000000000000000e+01
5.543999999999999773e+02 1.284200000000000045e+03 2.900000000000000000e+01
5.540000000000000000e+02 1.284599999999999909e+03 2.800000000000000000e+01
5.536000000000000227e+02 1.285000000000000000e+03 2.800000000000000000e+01
5.533999999999999773e+02 1.285599999999999909e+03 2.800000000000000000e+01
5.530000000000000000e+02 1.286000000000000000e+03 2.800000000000000000e+01
5.526000000000000227e+02 1.286599999999999909e+03 2.800000000000000000e+01
5.523999999999999773e+02 1.287400000000000091e+03 2.800000000000000000e+01
5.520000000000000000e+02 1.288000000000000000e+03 2.700000000000000000e+01
5.513999999999999773e+02 1.288400000000000091e+03 2.700000000000000000e+01
5.512000000000000455e+02 1.288799999999999955e+03 2.600000000000000000e+01
5.510000000000000000e+02 1.289000000000000000e+03 2.600000000000000000e+01
