7.910000000000000000e+02 0.000000000000000000e+00 2.000000000000000000e+01
7.920000000000000000e+02 0.000000000000000000e+00 2.000000000000000000e+01
7.930000000000000000e+02 0.000000000000000000e+00 2.000000000000000000e+01
7.940000000000000000e+02 0.000000000000000000e+00 2.000000000000000000e+01
7.950000000000000000e+02 0.000000000000000000e+00 2.000000000000000000e+01
7.960000000000000000e+02 0.000000000000000000e+00 2.000000000000000000e+01
7.970000000000000000e+02 0.000000000000000000e+00 2.000000000000000000e+01
7.980000000000000000e+02 0.000000000000000000e+00 2.000000000000000000e+01
7.990000000000000000e+02 0.000000000000000000e+00 2.000000000000000000e+01
7.997999999999999545e+02 2.000000000000000111e-01 2.000000000000000000e+01
8.006000000000000227e+02 4.000000000000000222e-01 2.000000000000000000e+01
8.013999999999999773e+02 5.999999999999999778e-01 2.000000000000000000e+01
8.022000000000000455e+02 8.000000000000000444e-01 2.000000000000000000e+01
8.030000000000000000e+02 1.199999999999999956e+00 2.000000000000000000e+01
8.040000000000000000e+02 1.399999999999999911e+00 2.000000000000000000e+01
8.050000000000000000e+02 1.800000000000000044e+00 2.000000000000000000e+01
8.060000000000000000e+02 2.200000000000000178e+00 2.000000000000000000e+01
8.067999999999999545e+02 2.799999999999999822e+00 2.000000000000000000e+01
8.076000000000000227e+02 3.200000000000000178e+00 2.000000000000000000e+01
8.082000000000000455e+02 3.799999999999999822e+00 2.000000000000000000e+01
8.087999999999999545e+02 4.200000000000000178e+00 2.000000000000000000e+01
8.092000000000000455e+02 4.799999999999999822e+00 2.000000000000000000e+01
8.097999999999999545e+02 5.200000000000000178e+00 2.000000000000000000e+01
8.102000000000000455e+02 5.799999999999999822e+00 2.000000000000000000e+01
8.106000000000000227e+02 6.400000000000000355e+00 2.000000000000000000e+01
8.110000000000000000e+02 7.000000000000000000e+00 2.000000000000000000e+01
8.113999999999999773e+02 7.599999999999999645e+00 2.000000000000000000e+01
8.116000000000000227e+02 8.400000000000000355e+00 2.000000000000000000e+01
8.120000000000000000e+02 9.199999999999999289e+00 2.000000000000000000e+01
8.123999999999999773e+02 1.000000000000000000e+01 2.000000000000000000e+01
8.126000000000000227e+02 1.100000000000000000e+01 2.000000000000000000e+01
8.127999999999999545e+02 1.200000000000000000e+01 2.000000000000000000e+01
8.130000000000000000e+02 1.300000000000000000e+01 2.000000000000000000e+01
8.130000000000000000e+02 1.400000000000000000e+01 2.000000000000000000e+01
8.130000000000000000e+02 1.500000000000000000e+01 2.000000000000000000e+01
8.130000000000000000e+02 1.600000000000000000e+01 2.000000000000000000e+01
8.130000000000000000e+02 1.700000000000000000e+01 2.000000000000000000e+01
8.130000000000000000e+02 1.800000000000000000e+01 2.000000000000000000e+01
8.127999999999999545e+02 1.880000000000000071e+01 2.000000000000000000e+01
8.126000000000000227e+02 1.960000000000000142e+01 2.000000000000000000e+01
8.123999999999999773e+02 2.039999999999999858e+01 2.000000000000000000e+01
8.122000000000000455e+02 2.119999999999999929e+01 2.000000000000000000e+01
8.117999999999999545e+02 2.180000000000000071e+01 2.000000000000000000e+01
8.116000000000000227e+02 2.260000000000000142e+01 1.900000000000000000e+01
8.113999999999999773e+02 2.339999999999999858e+01 1.900000000000000000e+01
8.110000000000000000e+02 2.419999999999999929e+01 1.900000000000000000e+01
8.106000000000000227e+02 2.500000000000000000e+01 1.900000000000000000e+01
8.105000000000000000e+02 2.550000000000000000e+01 1.900000000000000000e+01
