3.030000000000000000e+02 7.160000000000000000e+02 2.500000000000000000e+01
3.040000000000000000e+02 7.160000000000000000e+02 2.500000000000000000e+01
3.050000000000000000e+02 7.160000000000000000e+02 2.500000000000000000e+01
3.060000000000000000e+02 7.160000000000000000e+02 2.500000000000000000e+01
3.068000000000000114e+02 7.162000000000000455e+02 2.500000000000000000e+01
3.076000000000000227e+02 7.163999999999999773e+02 2.500000000000000000e+01
3.083999999999999773e+02 7.166000000000000227e+02 2.500000000000000000e+01
3.091999999999999886e+02 7.167999999999999545e+02 2.500000000000000000e+01
3.100000000000000000e+02 7.170000000000000000e+02 2.500000000000000000e+01
3.110000000000000000e+02 7.170000000000000000e+02 2.500000000000000000e+01
3.118000000000000114e+02 7.167999999999999545e+02 2.500000000000000000e+01
3.126000000000000227e+02 7.166000000000000227e+02 2.500000000000000000e+01
3.133999999999999773e+02 7.163999999999999773e+02 2.500000000000000000e+01
3.141999999999999886e+02 7.162000000000000455e+02 2.500000000000000000e+01
3.148000000000000114e+02 7.157999999999999545e+02 2.500000000000000000e+01
3.156000000000000227e+02 7.156000000000000227e+02 2.500000000000000000e+01
3.163999999999999773e+02 7.152000000000000455e+02 2.500000000000000000e+01
3.171999999999999886e+02 7.147999999999999545e+02 2.500000000000000000e+01
3.178000000000000114e+02 7.142000000000000455e+02 2.500000000000000000e+01
3.186000000000000227e+02 7.137999999999999545e+02 2.500000000000000000e+01
3.191999999999999886e+02 7.132000000000000455e+02 2.500000000000000000e+01
3.198000000000000114e+02 7.127999999999999545e+02 2.500000000000000000e+01
3.203999999999999773e+02 7.123999999999999773e+02 2.500000000000000000e+01
3.210000000000000000e+02 7.120000000000000000e+02 2.500000000000000000e+01
3.216000000000000227e+02 7.116000000000000227e+02 2.500000000000000000e+01
3.223999999999999773e+02 7.112000000000000455e+02 2.500000000000000000e+01
3.231999999999999886e+02 7.107999999999999545e+02 2.500000000000000000e+01
3.240000000000000000e+02 7.102000000000000455e+02 2.500000000000000000e+01
3.250000000000000000e+02 7.097999999999999545e+02 2.500000000000000000e+01
3.260000000000000000e+02 7.093999999999999773e+02 2.500000000000000000e+01
3.270000000000000000e+02 7.092000000000000455e+02 2.500000000000000000e+01
3.280000000000000000e+02 7.090000000000000000e+02 2.500000000000000000e+01
3.290000000000000000e+02 7.090000000000000000e+02 2.500000000000000000e+01
3.300000000000000000e+02 7.090000000000000000e+02 2.500000000000000000e+01
3.310000000000000000e+02 7.090000000000000000e+02 2.500000000000000000e+01
3.320000000000000000e+02 7.090000000000000000e+02 2.500000000000000000e+01
3.330000000000000000e+02 7.090000000000000000e+02 2.500000000000000000e+01
3.340000000000000000e+02 7.090000000000000000e+02 2.500000000000000000e+01
3.350000000000000000e+02 7.090000000000000000e+02 2.500000000000000000e+01
3.360000000000000000e+02 7.090000000000000000e+02 2.500000000000000000e+01
3.370000000000000000e+02 7.090000000000000000e+02 2.500000000000000000e+01
3.380000000000000000e+02 7.090000000000000000e+02 2.500000000000000000e+01
3.390000000000000000e+02 7.090000000000000000e+02 2.500000000000000000e+01
3.400000000000000000e+02 7.090000000000000000e+02 2.500000000000000000e+01
3.410000000000000000e+02 7.090000000000000000e+02 2.500000000000000000e+01
3.420000000000000000e+02 7.090000000000000000e+02 2.500000000000000000e+01
3.428000000000000114e+02 7.087999999999999545e+02 2.500000000000000000e+01
3.436000000000000227e+02 7.086000000000000227e+02 2.500000000000000000e+01
3.443999999999999773e+02 7.082000000000000455e+02 2.500000000000000000e+01
3.451999999999999886e+02 7.077999999999999545e+02 2.500000000000000000e+01
3.460000000000000000e+02 7.073999999999999773e+02 2.500000000000000000e+01
3.468000000000000114e+02 7.070000000000000000e+02 2.500000000000000000e+01
3.476000000000000227e+02 7.066000000000000227e+02 2.500000000000000000e+01
3.483999999999999773e+02 7.063999999999999773e+02 2.500000000000000000e+01
3.491999999999999886e+02 7.062000000000000455e+02 2.500000000000000000e+01
3.500000000000000000e+02 7.060000000000000000e+02 2.500000000000000000e+01
3.510000000000000000e+02 7.060000000000000000e+02 2.500000000000000000e+01
3.520000000000000000e+02 7.060000000000000000e+02 2.400000000000000000e+01
3.528000000000000114e+02 7.062000000000000455e+02 2.400000000000000000e+01
3.536000000000000227e+02 7.063999999999999773e+02 2.400000000000000000e+01
3.543999999999999773e+02 7.066000000000000227e+02 2.400000000000000000e+01
3.550000000000000000e+02 7.070000000000000000e+02 2.400000000000000000e+01
3.556000000000000227e+02 7.073999999999999773e+02 2.400000000000000000e+01
3.563999999999999773e+02 7.076000000000000227e+02 2.400000000000000000e+01
3.570000000000000000e+02 7.080000000000000000e+02 2.400000000000000000e+01
3.576000000000000227e+02 7.083999999999999773e+02 2.300000000000000000e+01
3.583999999999999773e+02 7.086000000000000227e+02 2.300000000000000000e+01
3.590000000000000000e+02 7.090000000000000000e+02 2.300000000000000000e+01
3.596000000000000227e+02 7.093999999999999773e+02 2.300000000000000000e+01
3.603999999999999773e+02 7.097999999999999545e+02 2.300000000000000000e+01
3.607500000000000000e+02 7.100000000000000000e+02 2.300000000000000000e+01
