4.030000000000000000e+02 1.425000000000000000e+03 2.800000000000000000e+01
4.033999999999999773e+02 1.425599999999999909e+03 2.800000000000000000e+01
4.036000000000000227e+02 1.426400000000000091e+03 2.800000000000000000e+01
4.040000000000000000e+02 1.427000000000000000e+03 2.800000000000000000e+01
4.043999999999999773e+02 1.427599999999999909e+03 2.800000000000000000e+01
4.048000000000000114e+02 1.428200000000000045e+03 2.800000000000000000e+01
4.051999999999999886e+02 1.428799999999999955e+03 2.800000000000000000e+01
4.058000000000000114e+02 1.429400000000000091e+03 2.800000000000000000e+01
4.063999999999999773e+02 1.430200000000000045e+03 2.800000000000000000e+01
4.071999999999999886e+02 1.431000000000000000e+03 2.800000000000000000e+01
4.080000000000000000e+02 1.432000000000000000e+03 2.800000000000000000e+01
4.090000000000000000e+02 1.433000000000000000e+03 2.800000000000000000e+01
4.100000000000000000e+02 1.434000000000000000e+03 2.800000000000000000e+01
4.110000000000000000e+02 1.434799999999999955e+03 2.800000000000000000e+01
4.118000000000000114e+02 1.435599999999999909e+03 2.800000000000000000e+01
4.126000000000000227e+02 1.436200000000000045e+03 2.800000000000000000e+01
4.131999999999999886e+02 1.436799999999999955e+03 2.800000000000000000e+01
4.138000000000000114e+02 1.437200000000000045e+03 2.800000000000000000e+01
4.141999999999999886e+02 1.437799999999999955e+03 2.800000000000000000e+01
4.148000000000000114e+02 1.438200000000000045e+03 2.800000000000000000e+01
4.151999999999999886e+02 1.438799999999999955e+03 2.800000000000000000e+01
4.158000000000000114e+02 1.439200000000000045e+03 2.800000000000000000e+01
4.163999999999999773e+02 1.439799999999999955e+03 2.800000000000000000e+01
4.171999999999999886e+02 1.440200000000000045e+03 2.800000000000000000e+01
4.178000000000000114e+02 1.440799999999999955e+03 2.800000000000000000e+01
4.186000000000000227e+02 1.441200000000000045e+03 2.800000000000000000e+01
4.191999999999999886e+02 1.441799999999999955e+03 2.800000000000000000e+01
4.198000000000000114e+02 1.442200000000000045e+03 2.800000000000000000e+01
4.201999999999999886e+02 1.442799999999999955e+03 2.800000000000000000e+01
4.208000000000000114e+02 1.443200000000000045e+03 2.800000000000000000e+01
4.213999999999999773e+02 1.443799999999999955e+03 2.800000000000000000e+01
4.220000000000000000e+02 1.444200000000000045e+03 2.800000000000000000e+01
4.226000000000000227e+02 1.444799999999999955e+03 2.900000000000000000e+01
4.233999999999999773e+02 1.445200000000000045e+03 2.900000000000000000e+01
4.241999999999999886e+02 1.445799999999999955e+03 2.900000000000000000e+01
4.250000000000000000e+02 1.446200000000000045e+03 2.900000000000000000e+01
4.260000000000000000e+02 1.446799999999999955e+03 2.900000000000000000e+01
4.270000000000000000e+02 1.447200000000000045e+03 2.900000000000000000e+01
4.278000000000000114e+02 1.447799999999999955e+03 2.900000000000000000e+01
4.286000000000000227e+02 1.448200000000000045e+03 2.900000000000000000e+01
4.293999999999999773e+02 1.448599999999999909e+03 2.900000000000000000e+01
4.300000000000000000e+02 1.449000000000000000e+03 2.900000000000000000e+01
4.306000000000000227e+02 1.449400000000000091e+03 2.900000000000000000e+01
4.311999999999999886e+02 1.449799999999999955e+03 2.900000000000000000e+01
4.318000000000000114e+02 1.450200000000000045e+03 2.900000000000000000e+01
4.323999999999999773e+02 1.450599999999999909e+03 2.900000000000000000e+01
4.330000000000000000e+02 1.451000000000000000e+03 2.900000000000000000e+01
4.336000000000000227e+02 1.451400000000000091e+03 2.900000000000000000e+01
4.343999999999999773e+02 1.451599999999999909e+03 2.900000000000000000e+01
4.350000000000000000e+02 1.452000000000000000e+03 2.900000000000000000e+01
4.356000000000000227e+02 1.452400000000000091e+03 2.900000000000000000e+01
4.361999999999999886e+02 1.452799999999999955e+03 2.900000000000000000e+01
4.368000000000000114e+02 1.453200000000000045e+03 2.900000000000000000e+01
4.373999999999999773e+02 1.453799999999999955e+03 2.900000000000000000e+01
4.381999999999999886e+02 1.454200000000000045e+03 2.900000000000000000e+01
4.388000000000000114e+02 1.454799999999999955e+03 2.900000000000000000e+01
4.396000000000000227e+02 1.455200000000000045e+03 2.900000000000000000e+01
4.401999999999999886e+02 1.455799999999999955e+03 2.900000000000000000e+01
4.408000000000000114e+02 1.456200000000000045e+03 2.900000000000000000e+01
4.413999999999999773e+02 1.456799999999999955e+03 2.900000000000000000e+01
4.421999999999999886e+02 1.457400000000000091e+03 2.900000000000000000e+01
4.430000000000000000e+02 1.458000000000000000e+03 2.900000000000000000e+01
4.438000000000000114e+02 1.458599999999999909e+03 2.900000000000000000e+01
4.446000000000000227e+02 1.459200000000000045e+03 2.900000000000000000e+01
4.451999999999999886e+02 1.459799999999999955e+03 2.900000000000000000e+01
4.458000000000000114e+02 1.460200000000000045e+03 2.900000000000000000e+01
4.461999999999999886e+02 1.460799999999999955e+03 2.900000000000000000e+01
4.468000000000000114e+02 1.461200000000000045e+03 2.900000000000000000e+01
4.471999999999999886e+02 1.461799999999999955e+03 2.900000000000000000e+01
4.475000000000000000e+02 1.462000000000000000e+03 2.900000000000000000e+01
