4.440000000000000000e+02 1.593799999999999955e+03 3.500000000000000000e+01
4.446000000000000227e+02 1.593599999999999909e+03 3.500000000000000000e+01
4.453999999999999773e+02 1.593400000000000091e+03 3.500000000000000000e+01
4.461999999999999886e+02 1.593200000000000045e+03 3.500000000000000000e+01
4.470000000000000000e+02 1.593000000000000000e+03 3.500000000000000000e+01
4.478000000000000114e+02 1.593200000000000045e+03 3.500000000000000000e+01
4.486000000000000227e+02 1.593400000000000091e+03 3.500000000000000000e+01
4.493999999999999773e+02 1.593599999999999909e+03 3.500000000000000000e+01
4.501999999999999886e+02 1.593799999999999955e+03 3.500000000000000000e+01
4.510000000000000000e+02 1.594200000000000045e+03 3.500000000000000000e+01
4.520000000000000000e+02 1.594400000000000091e+03 3.500000000000000000e+01
4.530000000000000000e+02 1.594599999999999909e+03 3.500000000000000000e+01
4.540000000000000000e+02 1.594799999999999955e+03 3.500000000000000000e+01
4.550000000000000000e+02 1.595000000000000000e+03 3.500000000000000000e+01
4.558000000000000114e+02 1.594799999999999955e+03 3.500000000000000000e+01
4.566000000000000227e+02 1.594599999999999909e+03 3.500000000000000000e+01
4.573999999999999773e+02 1.594400000000000091e+03 3.500000000000000000e+01
4.581999999999999886e+02 1.594000000000000000e+03 3.500000000000000000e+01
4.590000000000000000e+02 1.593599999999999909e+03 3.500000000000000000e+01
4.600000000000000000e+02 1.593400000000000091e+03 3.500000000000000000e+01
4.610000000000000000e+02 1.593200000000000045e+03 3.500000000000000000e+01
4.620000000000000000e+02 1.593000000000000000e+03 3.500000000000000000e+01
4.628000000000000114e+02 1.592799999999999955e+03 3.500000000000000000e+01
4.636000000000000227e+02 1.592599999999999909e+03 3.500000000000000000e+01
4.643999999999999773e+02 1.592400000000000091e+03 3.500000000000000000e+01
4.651999999999999886e+02 1.592200000000000045e+03 3.500000000000000000e+01
4.660000000000000000e+02 1.592000000000000000e+03 3.500000000000000000e+01
4.670000000000000000e+02 1.592000000000000000e+03 3.500000000000000000e+01
4.680000000000000000e+02 1.592000000000000000e+03 3.500000000000000000e+01
4.690000000000000000e+02 1.592000000000000000e+03 3.500000000000000000e+01
4.700000000000000000e+02 1.592000000000000000e+03 3.500000000000000000e+01
4.710000000000000000e+02 1.591799999999999955e+03 3.500000000000000000e+01
4.720000000000000000e+02 1.591599999999999909e+03 3.500000000000000000e+01
4.730000000000000000e+02 1.591400000000000091e+03 3.500000000000000000e+01
4.738000000000000114e+02 1.591000000000000000e+03 3.500000000000000000e+01
4.746000000000000227e+02 1.590599999999999909e+03 3.500000000000000000e+01
4.753999999999999773e+02 1.590400000000000091e+03 3.500000000000000000e+01
4.760000000000000000e+02 1.590000000000000000e+03 3.500000000000000000e+01
4.766000000000000227e+02 1.589599999999999909e+03 3.500000000000000000e+01
4.771999999999999886e+02 1.589200000000000045e+03 3.500000000000000000e+01
4.778000000000000114e+02 1.588799999999999955e+03 3.500000000000000000e+01
4.783999999999999773e+02 1.588200000000000045e+03 3.500000000000000000e+01
4.791999999999999886e+02 1.587799999999999955e+03 3.500000000000000000e+01
4.800000000000000000e+02 1.587400000000000091e+03 3.500000000000000000e+01
4.808000000000000114e+02 1.587400000000000091e+03 3.500000000000000000e+01
4.816000000000000227e+02 1.587400000000000091e+03 3.500000000000000000e+01
4.821999999999999886e+02 1.587799999999999955e+03 3.500000000000000000e+01
4.828000000000000114e+02 1.588200000000000045e+03 3.500000000000000000e+01
4.833999999999999773e+02 1.588599999999999909e+03 3.500000000000000000e+01
4.840000000000000000e+02 1.589000000000000000e+03 3.500000000000000000e+01
4.846000000000000227e+02 1.589400000000000091e+03 3.500000000000000000e+01
4.853999999999999773e+02 1.589599999999999909e+03 3.500000000000000000e+01
4.860000000000000000e+02 1.590000000000000000e+03 3.500000000000000000e+01
4.866000000000000227e+02 1.590400000000000091e+03 3.500000000000000000e+01
4.873999999999999773e+02 1.590599999999999909e+03 3.500000000000000000e+01
4.881999999999999886e+02 1.590799999999999955e+03 3.500000000000000000e+01
4.890000000000000000e+02 1.591000000000000000e+03 3.500000000000000000e+01
4.900000000000000000e+02 1.591000000000000000e+03 3.500000000000000000e+01
4.910000000000000000e+02 1.591000000000000000e+03 3.500000000000000000e+01
4.920000000000000000e+02 1.591000000000000000e+03 3.500000000000000000e+01
4.930000000000000000e+02 1.591000000000000000e+03 3.500000000000000000e+01
4.940000000000000000e+02 1.590799999999999955e+03 3.500000000000000000e+01
4.950000000000000000e+02 1.590599999999999909e+03 3.500000000000000000e+01
4.958000000000000114e+02 1.590200000000000045e+03 3.500000000000000000e+01
4.966000000000000227e+02 1.589799999999999955e+03 3.500000000000000000e+01
4.973999999999999773e+02 1.589400000000000091e+03 3.600000000000000000e+01
4.980000000000000000e+02 1.589000000000000000e+03 3.600000000000000000e+01
4.986000000000000227e+02 1.588599999999999909e+03 3.600000000000000000e+01
4.993999999999999773e+02 1.588200000000000045e+03 3.600000000000000000e+01
5.001999999999999886e+02 1.587599999999999909e+03 3.600000000000000000e+01
5.010000000000000000e+02 1.586799999999999955e+03 3.600000000000000000e+01
5.020000000000000000e+02 1.586000000000000000e+03 3.600000000000000000e+01
5.028000000000000114e+02 1.585000000000000000e+03 3.600000000000000000e+01
5.036000000000000227e+02 1.584200000000000045e+03 3.600000000000000000e+01
5.041999999999999886e+02 1.583400000000000091e+03 3.600000000000000000e+01
5.048000000000000114e+02 1.582799999999999955e+03 3.600000000000000000e+01
5.051999999999999886e+02 1.582200000000000045e+03 3.600000000000000000e+01
5.058000000000000114e+02 1.581599999999999909e+03 3.600000000000000000e+01
5.061999999999999886e+02 1.580799999999999955e+03 3.600000000000000000e+01
5.068000000000000114e+02 1.580200000000000045e+03 3.600000000000000000e+01
5.071999999999999886e+02 1.579400000000000091e+03 3.600000000000000000e+01
5.076000000000000227e+02 1.578599999999999909e+03 3.600000000000000000e+01
5.080000000000000000e+02 1.578000000000000000e+03 3.600000000000000000e+01
5.082500000000000000e+02 1.577750000000000000e+03 3.600000000000000000e+01
