6.033999999999999773e+02 3.323999999999999773e+02 6.000000000000000000e+00
6.036000000000000227e+02 3.330000000000000000e+02 7.000000000000000000e+00
6.037999999999999545e+02 3.336000000000000227e+02 7.000000000000000000e+00
6.042000000000000455e+02 3.340000000000000000e+02 7.000000000000000000e+00
6.043999999999999773e+02 3.346000000000000227e+02 7.000000000000000000e+00
6.047999999999999545e+02 3.353999999999999773e+02 8.000000000000000000e+00
6.052000000000000455e+02 3.361999999999999886e+02 8.000000000000000000e+00
6.057999999999999545e+02 3.370000000000000000e+02 9.000000000000000000e+00
6.062000000000000455e+02 3.380000000000000000e+02 9.000000000000000000e+00
6.066000000000000227e+02 3.388000000000000114e+02 9.000000000000000000e+00
6.070000000000000000e+02 3.393999999999999773e+02 1.000000000000000000e+01
6.073999999999999773e+02 3.400000000000000000e+02 1.000000000000000000e+01
6.076000000000000227e+02 3.406000000000000227e+02 1.000000000000000000e+01
6.080000000000000000e+02 3.410000000000000000e+02 1.000000000000000000e+01
6.083999999999999773e+02 3.416000000000000227e+02 1.000000000000000000e+01
6.086000000000000227e+02 3.423999999999999773e+02 1.000000000000000000e+01
6.087999999999999545e+02 3.430000000000000000e+02 1.000000000000000000e+01
6.092000000000000455e+02 3.436000000000000227e+02 1.100000000000000000e+01
6.093999999999999773e+02 3.443999999999999773e+02 1.100000000000000000e+01
6.096000000000000227e+02 3.451999999999999886e+02 1.100000000000000000e+01
6.100000000000000000e+02 3.458000000000000114e+02 1.100000000000000000e+01
6.103999999999999773e+02 3.466000000000000227e+02 1.100000000000000000e+01
6.106000000000000227e+02 3.473999999999999773e+02 1.100000000000000000e+01
6.107500000000000000e+02 3.477500000000000000e+02 1.100000000000000000e+01
