7.810000000000000000e+02 7.516000000000000227e+02 1.800000000000000000e+01
7.816000000000000227e+02 7.513999999999999773e+02 1.800000000000000000e+01
7.822000000000000455e+02 7.512000000000000455e+02 1.800000000000000000e+01
7.830000000000000000e+02 7.510000000000000000e+02 1.800000000000000000e+01
7.837999999999999545e+02 7.507999999999999545e+02 1.800000000000000000e+01
7.846000000000000227e+02 7.506000000000000227e+02 1.800000000000000000e+01
7.852000000000000455e+02 7.502000000000000455e+02 1.800000000000000000e+01
7.857999999999999545e+02 7.497999999999999545e+02 1.800000000000000000e+01
7.862000000000000455e+02 7.492000000000000455e+02 1.900000000000000000e+01
7.867999999999999545e+02 7.487999999999999545e+02 1.900000000000000000e+01
7.872000000000000455e+02 7.482000000000000455e+02 1.900000000000000000e+01
7.877999999999999545e+02 7.477999999999999545e+02 1.900000000000000000e+01
7.882000000000000455e+02 7.472000000000000455e+02 1.800000000000000000e+01
7.886000000000000227e+02 7.466000000000000227e+02 1.800000000000000000e+01
7.890000000000000000e+02 7.457999999999999545e+02 1.800000000000000000e+01
7.893999999999999773e+02 7.450000000000000000e+02 1.800000000000000000e+01
7.896000000000000227e+02 7.440000000000000000e+02 1.800000000000000000e+01
7.900000000000000000e+02 7.432000000000000455e+02 1.800000000000000000e+01
7.903999999999999773e+02 7.423999999999999773e+02 1.800000000000000000e+01
7.907999999999999545e+02 7.416000000000000227e+02 1.800000000000000000e+01
7.913999999999999773e+02 7.410000000000000000e+02 1.800000000000000000e+01
7.920000000000000000e+02 7.403999999999999773e+02 1.800000000000000000e+01
7.926000000000000227e+02 7.397999999999999545e+02 1.800000000000000000e+01
7.933999999999999773e+02 7.393999999999999773e+02 1.800000000000000000e+01
7.942000000000000455e+02 7.392000000000000455e+02 1.800000000000000000e+01
7.947999999999999545e+02 7.387999999999999545e+02 1.800000000000000000e+01
7.956000000000000227e+02 7.386000000000000227e+02 1.800000000000000000e+01
7.963999999999999773e+02 7.383999999999999773e+02 1.800000000000000000e+01
7.970000000000000000e+02 7.383999999999999773e+02 1.800000000000000000e+01
7.976000000000000227e+02 7.383999999999999773e+02 1.800000000000000000e+01
7.983999999999999773e+02 7.386000000000000227e+02 1.800000000000000000e+01
7.990000000000000000e+02 7.387999999999999545e+02 1.800000000000000000e+01
7.996000000000000227e+02 7.390000000000000000e+02 1.700000000000000000e+01
8.003999999999999773e+02 7.390000000000000000e+02 1.700000000000000000e+01
8.012000000000000455e+02 7.390000000000000000e+02 1.700000000000000000e+01
8.020000000000000000e+02 7.390000000000000000e+02 1.700000000000000000e+01
8.030000000000000000e+02 7.392000000000000455e+02 1.700000000000000000e+01
8.040000000000000000e+02 7.393999999999999773e+02 1.700000000000000000e+01
8.050000000000000000e+02 7.396000000000000227e+02 1.700000000000000000e+01
8.060000000000000000e+02 7.397999999999999545e+02 1.700000000000000000e+01
8.070000000000000000e+02 7.400000000000000000e+02 1.700000000000000000e+01
8.077999999999999545e+02 7.397999999999999545e+02 1.700000000000000000e+01
8.086000000000000227e+02 7.396000000000000227e+02 1.700000000000000000e+01
8.093999999999999773e+02 7.393999999999999773e+02 1.700000000000000000e+01
8.102000000000000455e+02 7.392000000000000455e+02 1.700000000000000000e+01
8.110000000000000000e+02 7.390000000000000000e+02 1.700000000000000000e+01
8.117999999999999545e+02 7.387999999999999545e+02 1.700000000000000000e+01
8.126000000000000227e+02 7.386000000000000227e+02 1.700000000000000000e+01
8.133999999999999773e+02 7.383999999999999773e+02 1.700000000000000000e+01
8.137500000000000000e+02 7.382500000000000000e+02 1.700000000000000000e+01
