3.481999999999999886e+02 9.750000000000000000e+02 2.600000000000000000e+01
3.483999999999999773e+02 9.740000000000000000e+02 2.600000000000000000e+01
3.488000000000000114e+02 9.732000000000000455e+02 2.600000000000000000e+01
3.493999999999999773e+02 9.726000000000000227e+02 2.600000000000000000e+01
3.501999999999999886e+02 9.722000000000000455e+02 2.600000000000000000e+01
3.510000000000000000e+02 9.720000000000000000e+02 2.600000000000000000e+01
3.520000000000000000e+02 9.720000000000000000e+02 2.600000000000000000e+01
3.530000000000000000e+02 9.720000000000000000e+02 2.600000000000000000e+01
3.538000000000000114e+02 9.722000000000000455e+02 2.600000000000000000e+01
3.546000000000000227e+02 9.723999999999999773e+02 2.600000000000000000e+01
3.551999999999999886e+02 9.726000000000000227e+02 2.600000000000000000e+01
3.558000000000000114e+02 9.727999999999999545e+02 2.500000000000000000e+01
3.563999999999999773e+02 9.730000000000000000e+02 2.500000000000000000e+01
3.571999999999999886e+02 9.732000000000000455e+02 2.500000000000000000e+01
3.580000000000000000e+02 9.733999999999999773e+02 2.500000000000000000e+01
3.590000000000000000e+02 9.736000000000000227e+02 2.500000000000000000e+01
3.600000000000000000e+02 9.737999999999999545e+02 2.500000000000000000e+01
3.610000000000000000e+02 9.740000000000000000e+02 2.500000000000000000e+01
3.618000000000000114e+02 9.737999999999999545e+02 2.500000000000000000e+01
3.626000000000000227e+02 9.736000000000000227e+02 2.500000000000000000e+01
3.633999999999999773e+02 9.733999999999999773e+02 2.500000000000000000e+01
3.640000000000000000e+02 9.730000000000000000e+02 2.500000000000000000e+01
3.646000000000000227e+02 9.726000000000000227e+02 2.500000000000000000e+01
3.653999999999999773e+02 9.723999999999999773e+02 2.500000000000000000e+01
3.660000000000000000e+02 9.722000000000000455e+02 2.500000000000000000e+01
3.662500000000000000e+02 9.720000000000000000e+02 2.600000000000000000e+01
