1.041200000000000045e+03 1.637599999999999909e+03 2.200000000000000000e+01
1.040400000000000091e+03 1.638200000000000045e+03 2.200000000000000000e+01
1.039799999999999955e+03 1.638799999999999955e+03 2.200000000000000000e+01
1.039200000000000045e+03 1.639200000000000045e+03 2.200000000000000000e+01
1.038799999999999955e+03 1.639799999999999955e+03 2.200000000000000000e+01
1.038200000000000045e+03 1.640200000000000045e+03 2.200000000000000000e+01
1.037799999999999955e+03 1.640799999999999955e+03 2.200000000000000000e+01
1.037200000000000045e+03 1.641200000000000045e+03 2.200000000000000000e+01
1.036799999999999955e+03 1.641799999999999955e+03 2.200000000000000000e+01
1.036200000000000045e+03 1.642200000000000045e+03 2.200000000000000000e+01
1.035799999999999955e+03 1.642799999999999955e+03 2.200000000000000000e+01
1.035200000000000045e+03 1.643200000000000045e+03 2.200000000000000000e+01
1.034799999999999955e+03 1.643799999999999955e+03 2.200000000000000000e+01
1.034500000000000000e+03 1.644000000000000000e+03 2.200000000000000000e+01
