4.328000000000000114e+02 1.295200000000000045e+03 2.600000000000000000e+01
4.331999999999999886e+02 1.295799999999999955e+03 2.600000000000000000e+01
4.338000000000000114e+02 1.296200000000000045e+03 2.600000000000000000e+01
4.341999999999999886e+02 1.296799999999999955e+03 2.600000000000000000e+01
4.348000000000000114e+02 1.297200000000000045e+03 2.700000000000000000e+01
4.351999999999999886e+02 1.297799999999999955e+03 2.700000000000000000e+01
4.358000000000000114e+02 1.298200000000000045e+03 2.700000000000000000e+01
4.363999999999999773e+02 1.298799999999999955e+03 2.700000000000000000e+01
4.371999999999999886e+02 1.299400000000000091e+03 2.700000000000000000e+01
4.380000000000000000e+02 1.300200000000000045e+03 2.700000000000000000e+01
4.385000000000000000e+02 1.300500000000000000e+03 2.800000000000000000e+01
