7.537999999999999545e+02 6.957999999999999545e+02 1.900000000000000000e+01
7.546000000000000227e+02 6.962000000000000455e+02 1.900000000000000000e+01
7.552000000000000455e+02 6.967999999999999545e+02 1.900000000000000000e+01
7.557999999999999545e+02 6.972000000000000455e+02 1.900000000000000000e+01
7.563999999999999773e+02 6.976000000000000227e+02 1.900000000000000000e+01
7.570000000000000000e+02 6.980000000000000000e+02 1.900000000000000000e+01
7.576000000000000227e+02 6.983999999999999773e+02 1.900000000000000000e+01
7.583999999999999773e+02 6.987999999999999545e+02 1.900000000000000000e+01
7.592000000000000455e+02 6.992000000000000455e+02 1.900000000000000000e+01
7.597999999999999545e+02 6.997999999999999545e+02 1.900000000000000000e+01
7.606000000000000227e+02 7.002000000000000455e+02 1.900000000000000000e+01
7.613999999999999773e+02 7.006000000000000227e+02 1.900000000000000000e+01
7.622000000000000455e+02 7.010000000000000000e+02 1.900000000000000000e+01
7.630000000000000000e+02 7.013999999999999773e+02 1.900000000000000000e+01
7.637999999999999545e+02 7.016000000000000227e+02 1.900000000000000000e+01
7.646000000000000227e+02 7.017999999999999545e+02 1.800000000000000000e+01
7.652000000000000455e+02 7.022000000000000455e+02 1.800000000000000000e+01
7.657999999999999545e+02 7.023999999999999773e+02 1.800000000000000000e+01
7.663999999999999773e+02 7.026000000000000227e+02 1.800000000000000000e+01
7.672000000000000455e+02 7.027999999999999545e+02 1.800000000000000000e+01
7.680000000000000000e+02 7.030000000000000000e+02 1.800000000000000000e+01
7.687999999999999545e+02 7.032000000000000455e+02 1.800000000000000000e+01
7.696000000000000227e+02 7.033999999999999773e+02 1.800000000000000000e+01
7.703999999999999773e+02 7.036000000000000227e+02 1.800000000000000000e+01
7.712000000000000455e+02 7.037999999999999545e+02 1.800000000000000000e+01
7.720000000000000000e+02 7.040000000000000000e+02 1.700000000000000000e+01
7.730000000000000000e+02 7.040000000000000000e+02 1.700000000000000000e+01
7.740000000000000000e+02 7.040000000000000000e+02 1.700000000000000000e+01
7.750000000000000000e+02 7.040000000000000000e+02 1.700000000000000000e+01
7.757999999999999545e+02 7.040000000000000000e+02 1.700000000000000000e+01
7.766000000000000227e+02 7.040000000000000000e+02 1.600000000000000000e+01
7.773999999999999773e+02 7.042000000000000455e+02 1.600000000000000000e+01
7.782000000000000455e+02 7.043999999999999773e+02 1.600000000000000000e+01
7.787999999999999545e+02 7.046000000000000227e+02 1.600000000000000000e+01
7.796000000000000227e+02 7.047999999999999545e+02 1.500000000000000000e+01
7.803999999999999773e+02 7.050000000000000000e+02 1.500000000000000000e+01
7.812000000000000455e+02 7.050000000000000000e+02 1.500000000000000000e+01
7.820000000000000000e+02 7.050000000000000000e+02 1.500000000000000000e+01
7.830000000000000000e+02 7.050000000000000000e+02 1.500000000000000000e+01
7.840000000000000000e+02 7.052000000000000455e+02 1.500000000000000000e+01
7.850000000000000000e+02 7.053999999999999773e+02 1.500000000000000000e+01
7.860000000000000000e+02 7.056000000000000227e+02 1.500000000000000000e+01
7.870000000000000000e+02 7.057999999999999545e+02 1.500000000000000000e+01
7.880000000000000000e+02 7.060000000000000000e+02 1.500000000000000000e+01
7.890000000000000000e+02 7.060000000000000000e+02 1.500000000000000000e+01
7.900000000000000000e+02 7.060000000000000000e+02 1.500000000000000000e+01
7.910000000000000000e+02 7.060000000000000000e+02 1.500000000000000000e+01
7.920000000000000000e+02 7.060000000000000000e+02 1.500000000000000000e+01
7.930000000000000000e+02 7.060000000000000000e+02 1.500000000000000000e+01
7.937999999999999545e+02 7.057999999999999545e+02 1.500000000000000000e+01
7.946000000000000227e+02 7.056000000000000227e+02 1.500000000000000000e+01
7.953999999999999773e+02 7.053999999999999773e+02 1.500000000000000000e+01
7.960000000000000000e+02 7.050000000000000000e+02 1.500000000000000000e+01
7.966000000000000227e+02 7.046000000000000227e+02 1.500000000000000000e+01
7.972000000000000455e+02 7.042000000000000455e+02 1.500000000000000000e+01
7.977999999999999545e+02 7.037999999999999545e+02 1.500000000000000000e+01
7.980000000000000000e+02 7.035000000000000000e+02 1.500000000000000000e+01
