9.956000000000000227e+02 5.950000000000000000e+02 1.400000000000000000e+01
9.953999999999999773e+02 5.960000000000000000e+02 1.400000000000000000e+01
9.950000000000000000e+02 5.970000000000000000e+02 1.400000000000000000e+01
9.946000000000000227e+02 5.980000000000000000e+02 1.400000000000000000e+01
9.943999999999999773e+02 5.990000000000000000e+02 1.400000000000000000e+01
9.940000000000000000e+02 5.997999999999999545e+02 1.400000000000000000e+01
9.936000000000000227e+02 6.006000000000000227e+02 1.400000000000000000e+01
9.933999999999999773e+02 6.013999999999999773e+02 1.400000000000000000e+01
9.932000000000000455e+02 6.022000000000000455e+02 1.400000000000000000e+01
9.927999999999999545e+02 6.027999999999999545e+02 1.400000000000000000e+01
9.926000000000000227e+02 6.036000000000000227e+02 1.400000000000000000e+01
9.923999999999999773e+02 6.043999999999999773e+02 1.400000000000000000e+01
9.920000000000000000e+02 6.050000000000000000e+02 1.400000000000000000e+01
9.916000000000000227e+02 6.056000000000000227e+02 1.400000000000000000e+01
9.913999999999999773e+02 6.063999999999999773e+02 1.400000000000000000e+01
9.910000000000000000e+02 6.072000000000000455e+02 1.400000000000000000e+01
9.906000000000000227e+02 6.080000000000000000e+02 1.400000000000000000e+01
9.903999999999999773e+02 6.090000000000000000e+02 1.400000000000000000e+01
9.900000000000000000e+02 6.100000000000000000e+02 1.400000000000000000e+01
9.896000000000000227e+02 6.110000000000000000e+02 1.400000000000000000e+01
9.893999999999999773e+02 6.117999999999999545e+02 1.400000000000000000e+01
9.892000000000000455e+02 6.126000000000000227e+02 1.500000000000000000e+01
9.890000000000000000e+02 6.133999999999999773e+02 1.500000000000000000e+01
9.887999999999999545e+02 6.140000000000000000e+02 1.500000000000000000e+01
9.886000000000000227e+02 6.146000000000000227e+02 1.500000000000000000e+01
9.883999999999999773e+02 6.153999999999999773e+02 1.500000000000000000e+01
9.882000000000000455e+02 6.162000000000000455e+02 1.500000000000000000e+01
9.880000000000000000e+02 6.170000000000000000e+02 1.500000000000000000e+01
9.877999999999999545e+02 6.177999999999999545e+02 1.500000000000000000e+01
9.876000000000000227e+02 6.186000000000000227e+02 1.500000000000000000e+01
9.873999999999999773e+02 6.193999999999999773e+02 1.500000000000000000e+01
9.872000000000000455e+02 6.202000000000000455e+02 1.500000000000000000e+01
9.870000000000000000e+02 6.210000000000000000e+02 1.600000000000000000e+01
9.870000000000000000e+02 6.220000000000000000e+02 1.600000000000000000e+01
9.870000000000000000e+02 6.230000000000000000e+02 1.600000000000000000e+01
9.870000000000000000e+02 6.240000000000000000e+02 1.600000000000000000e+01
9.870000000000000000e+02 6.250000000000000000e+02 1.600000000000000000e+01
9.870000000000000000e+02 6.260000000000000000e+02 1.600000000000000000e+01
9.870000000000000000e+02 6.270000000000000000e+02 1.600000000000000000e+01
9.870000000000000000e+02 6.280000000000000000e+02 1.600000000000000000e+01
9.870000000000000000e+02 6.290000000000000000e+02 1.600000000000000000e+01
9.870000000000000000e+02 6.300000000000000000e+02 1.600000000000000000e+01
9.870000000000000000e+02 6.310000000000000000e+02 1.600000000000000000e+01
9.870000000000000000e+02 6.320000000000000000e+02 1.600000000000000000e+01
9.870000000000000000e+02 6.330000000000000000e+02 1.600000000000000000e+01
9.872000000000000455e+02 6.337999999999999545e+02 1.600000000000000000e+01
9.873999999999999773e+02 6.346000000000000227e+02 1.600000000000000000e+01
9.876000000000000227e+02 6.353999999999999773e+02 1.600000000000000000e+01
9.877999999999999545e+02 6.362000000000000455e+02 1.600000000000000000e+01
9.880000000000000000e+02 6.367999999999999545e+02 1.600000000000000000e+01
9.882000000000000455e+02 6.376000000000000227e+02 1.700000000000000000e+01
9.883999999999999773e+02 6.383999999999999773e+02 1.700000000000000000e+01
9.886000000000000227e+02 6.392000000000000455e+02 1.700000000000000000e+01
9.890000000000000000e+02 6.400000000000000000e+02 1.700000000000000000e+01
9.893999999999999773e+02 6.410000000000000000e+02 1.700000000000000000e+01
9.896000000000000227e+02 6.420000000000000000e+02 1.700000000000000000e+01
9.900000000000000000e+02 6.427999999999999545e+02 1.700000000000000000e+01
9.903999999999999773e+02 6.436000000000000227e+02 1.700000000000000000e+01
9.906000000000000227e+02 6.443999999999999773e+02 1.700000000000000000e+01
9.910000000000000000e+02 6.450000000000000000e+02 1.700000000000000000e+01
9.913999999999999773e+02 6.456000000000000227e+02 1.700000000000000000e+01
9.916000000000000227e+02 6.463999999999999773e+02 1.700000000000000000e+01
9.920000000000000000e+02 6.470000000000000000e+02 1.700000000000000000e+01
9.923999999999999773e+02 6.476000000000000227e+02 1.700000000000000000e+01
9.926000000000000227e+02 6.483999999999999773e+02 1.700000000000000000e+01
9.930000000000000000e+02 6.490000000000000000e+02 1.700000000000000000e+01
9.933999999999999773e+02 6.496000000000000227e+02 1.700000000000000000e+01
9.936000000000000227e+02 6.503999999999999773e+02 1.700000000000000000e+01
9.940000000000000000e+02 6.510000000000000000e+02 1.700000000000000000e+01
9.943999999999999773e+02 6.516000000000000227e+02 1.700000000000000000e+01
9.946000000000000227e+02 6.523999999999999773e+02 1.700000000000000000e+01
9.950000000000000000e+02 6.532000000000000455e+02 1.700000000000000000e+01
9.953999999999999773e+02 6.540000000000000000e+02 1.700000000000000000e+01
9.956000000000000227e+02 6.550000000000000000e+02 1.700000000000000000e+01
9.960000000000000000e+02 6.560000000000000000e+02 1.700000000000000000e+01
9.963999999999999773e+02 6.570000000000000000e+02 1.700000000000000000e+01
9.966000000000000227e+02 6.580000000000000000e+02 1.600000000000000000e+01
9.970000000000000000e+02 6.587999999999999545e+02 1.600000000000000000e+01
9.973999999999999773e+02 6.596000000000000227e+02 1.600000000000000000e+01
9.976000000000000227e+02 6.603999999999999773e+02 1.600000000000000000e+01
9.977999999999999545e+02 6.612000000000000455e+02 1.600000000000000000e+01
9.982000000000000455e+02 6.617999999999999545e+02 1.600000000000000000e+01
9.983999999999999773e+02 6.626000000000000227e+02 1.600000000000000000e+01
9.987999999999999545e+02 6.632000000000000455e+02 1.600000000000000000e+01
9.992000000000000455e+02 6.637999999999999545e+02 1.600000000000000000e+01
9.997999999999999545e+02 6.642000000000000455e+02 1.600000000000000000e+01
1.000200000000000045e+03 6.647999999999999545e+02 1.600000000000000000e+01
1.000799999999999955e+03 6.652000000000000455e+02 1.600000000000000000e+01
1.001399999999999977e+03 6.656000000000000227e+02 1.600000000000000000e+01
1.002000000000000000e+03 6.660000000000000000e+02 1.600000000000000000e+01
1.002600000000000023e+03 6.663999999999999773e+02 1.600000000000000000e+01
1.003399999999999977e+03 6.666000000000000227e+02 1.600000000000000000e+01
1.004200000000000045e+03 6.667999999999999545e+02 1.600000000000000000e+01
1.005000000000000000e+03 6.670000000000000000e+02 1.600000000000000000e+01
1.006000000000000000e+03 6.670000000000000000e+02 1.600000000000000000e+01
1.006799999999999955e+03 6.672000000000000455e+02 1.600000000000000000e+01
1.007600000000000023e+03 6.673999999999999773e+02 1.600000000000000000e+01
1.008399999999999977e+03 6.676000000000000227e+02 1.600000000000000000e+01
1.009200000000000045e+03 6.677999999999999545e+02 1.600000000000000000e+01
1.010000000000000000e+03 6.680000000000000000e+02 1.600000000000000000e+01
1.011000000000000000e+03 6.680000000000000000e+02 1.600000000000000000e+01
1.012000000000000000e+03 6.680000000000000000e+02 1.600000000000000000e+01
1.012799999999999955e+03 6.680000000000000000e+02 1.500000000000000000e+01
1.013600000000000023e+03 6.682000000000000455e+02 1.600000000000000000e+01
1.014200000000000045e+03 6.686000000000000227e+02 1.500000000000000000e+01
1.014799999999999955e+03 6.690000000000000000e+02 1.500000000000000000e+01
1.015200000000000045e+03 6.696000000000000227e+02 1.500000000000000000e+01
1.015600000000000023e+03 6.703999999999999773e+02 1.500000000000000000e+01
1.016000000000000000e+03 6.710000000000000000e+02 1.500000000000000000e+01
1.016399999999999977e+03 6.716000000000000227e+02 1.500000000000000000e+01
1.016600000000000023e+03 6.723999999999999773e+02 1.500000000000000000e+01
1.017000000000000000e+03 6.732000000000000455e+02 1.500000000000000000e+01
1.017399999999999977e+03 6.740000000000000000e+02 1.500000000000000000e+01
1.017799999999999955e+03 6.750000000000000000e+02 1.500000000000000000e+01
1.018200000000000045e+03 6.760000000000000000e+02 1.500000000000000000e+01
1.018600000000000023e+03 6.770000000000000000e+02 1.500000000000000000e+01
1.018799999999999955e+03 6.780000000000000000e+02 1.500000000000000000e+01
1.019200000000000045e+03 6.790000000000000000e+02 1.500000000000000000e+01
1.019399999999999977e+03 6.800000000000000000e+02 1.500000000000000000e+01
1.019600000000000023e+03 6.810000000000000000e+02 1.500000000000000000e+01
1.019799999999999955e+03 6.820000000000000000e+02 1.500000000000000000e+01
1.020000000000000000e+03 6.830000000000000000e+02 1.500000000000000000e+01
1.020000000000000000e+03 6.840000000000000000e+02 1.500000000000000000e+01
1.020000000000000000e+03 6.850000000000000000e+02 1.500000000000000000e+01
1.020000000000000000e+03 6.860000000000000000e+02 1.500000000000000000e+01
1.020000000000000000e+03 6.870000000000000000e+02 1.500000000000000000e+01
1.020000000000000000e+03 6.880000000000000000e+02 1.500000000000000000e+01
1.019799999999999955e+03 6.887999999999999545e+02 1.500000000000000000e+01
1.019600000000000023e+03 6.896000000000000227e+02 1.500000000000000000e+01
1.019399999999999977e+03 6.903999999999999773e+02 1.500000000000000000e+01
1.019200000000000045e+03 6.912000000000000455e+02 1.500000000000000000e+01
1.019000000000000000e+03 6.920000000000000000e+02 1.500000000000000000e+01
1.018799999999999955e+03 6.930000000000000000e+02 1.500000000000000000e+01
1.018600000000000023e+03 6.940000000000000000e+02 1.500000000000000000e+01
1.018399999999999977e+03 6.950000000000000000e+02 1.500000000000000000e+01
1.018200000000000045e+03 6.960000000000000000e+02 1.500000000000000000e+01
1.017799999999999955e+03 6.967999999999999545e+02 1.500000000000000000e+01
1.017600000000000023e+03 6.976000000000000227e+02 1.500000000000000000e+01
1.017399999999999977e+03 6.983999999999999773e+02 1.500000000000000000e+01
1.017200000000000045e+03 6.992000000000000455e+02 1.500000000000000000e+01
1.016799999999999955e+03 7.000000000000000000e+02 1.500000000000000000e+01
1.016600000000000023e+03 7.010000000000000000e+02 1.500000000000000000e+01
1.016399999999999977e+03 7.020000000000000000e+02 1.500000000000000000e+01
1.016000000000000000e+03 7.030000000000000000e+02 1.500000000000000000e+01
1.015600000000000023e+03 7.040000000000000000e+02 1.500000000000000000e+01
1.015399999999999977e+03 7.050000000000000000e+02 1.500000000000000000e+01
1.015200000000000045e+03 7.060000000000000000e+02 1.500000000000000000e+01
1.014799999999999955e+03 7.067999999999999545e+02 1.500000000000000000e+01
1.014600000000000023e+03 7.076000000000000227e+02 1.500000000000000000e+01
1.014399999999999977e+03 7.083999999999999773e+02 1.500000000000000000e+01
1.014200000000000045e+03 7.092000000000000455e+02 1.500000000000000000e+01
1.014000000000000000e+03 7.100000000000000000e+02 1.500000000000000000e+01
1.014000000000000000e+03 7.110000000000000000e+02 1.500000000000000000e+01
1.013799999999999955e+03 7.117999999999999545e+02 1.500000000000000000e+01
1.013600000000000023e+03 7.126000000000000227e+02 1.500000000000000000e+01
1.013399999999999977e+03 7.133999999999999773e+02 1.500000000000000000e+01
1.013200000000000045e+03 7.142000000000000455e+02 1.500000000000000000e+01
1.013000000000000000e+03 7.150000000000000000e+02 1.500000000000000000e+01
1.013000000000000000e+03 7.160000000000000000e+02 1.500000000000000000e+01
1.013000000000000000e+03 7.170000000000000000e+02 1.500000000000000000e+01
1.013000000000000000e+03 7.180000000000000000e+02 1.500000000000000000e+01
1.013000000000000000e+03 7.190000000000000000e+02 1.500000000000000000e+01
1.013000000000000000e+03 7.200000000000000000e+02 1.500000000000000000e+01
1.013200000000000045e+03 7.207999999999999545e+02 1.500000000000000000e+01
1.013399999999999977e+03 7.216000000000000227e+02 1.500000000000000000e+01
1.013600000000000023e+03 7.223999999999999773e+02 1.500000000000000000e+01
1.013799999999999955e+03 7.232000000000000455e+02 1.500000000000000000e+01
1.014000000000000000e+03 7.240000000000000000e+02 1.500000000000000000e+01
1.014000000000000000e+03 7.250000000000000000e+02 1.500000000000000000e+01
1.014000000000000000e+03 7.260000000000000000e+02 1.500000000000000000e+01
1.014200000000000045e+03 7.267999999999999545e+02 1.500000000000000000e+01
1.014399999999999977e+03 7.276000000000000227e+02 1.500000000000000000e+01
1.014600000000000023e+03 7.283999999999999773e+02 1.500000000000000000e+01
1.014799999999999955e+03 7.292000000000000455e+02 1.500000000000000000e+01
1.015000000000000000e+03 7.300000000000000000e+02 1.500000000000000000e+01
1.015000000000000000e+03 7.310000000000000000e+02 1.500000000000000000e+01
1.015200000000000045e+03 7.317999999999999545e+02 1.500000000000000000e+01
1.015399999999999977e+03 7.326000000000000227e+02 1.500000000000000000e+01
1.015600000000000023e+03 7.333999999999999773e+02 1.500000000000000000e+01
1.015799999999999955e+03 7.342000000000000455e+02 1.500000000000000000e+01
1.016000000000000000e+03 7.350000000000000000e+02 1.500000000000000000e+01
1.016000000000000000e+03 7.360000000000000000e+02 1.500000000000000000e+01
1.016000000000000000e+03 7.365000000000000000e+02 1.500000000000000000e+01
