2.121999999999999886e+02 8.607999999999999545e+02 2.100000000000000000e+01
2.120000000000000000e+02 8.600000000000000000e+02 2.100000000000000000e+01
2.120000000000000000e+02 8.590000000000000000e+02 2.100000000000000000e+01
2.120000000000000000e+02 8.580000000000000000e+02 2.100000000000000000e+01
2.120000000000000000e+02 8.570000000000000000e+02 2.100000000000000000e+01
2.120000000000000000e+02 8.560000000000000000e+02 2.100000000000000000e+01
2.120000000000000000e+02 8.550000000000000000e+02 2.100000000000000000e+01
2.121999999999999886e+02 8.542000000000000455e+02 2.100000000000000000e+01
2.124000000000000057e+02 8.533999999999999773e+02 2.000000000000000000e+01
2.125999999999999943e+02 8.526000000000000227e+02 2.000000000000000000e+01
2.128000000000000114e+02 8.517999999999999545e+02 2.000000000000000000e+01
2.131999999999999886e+02 8.510000000000000000e+02 2.000000000000000000e+01
2.134000000000000057e+02 8.500000000000000000e+02 2.000000000000000000e+01
2.138000000000000114e+02 8.492000000000000455e+02 1.900000000000000000e+01
2.141999999999999886e+02 8.483999999999999773e+02 1.900000000000000000e+01
2.148000000000000114e+02 8.477999999999999545e+02 1.900000000000000000e+01
2.151999999999999886e+02 8.473999999999999773e+02 1.900000000000000000e+01
2.158000000000000114e+02 8.472000000000000455e+02 1.800000000000000000e+01
2.161999999999999886e+02 8.467999999999999545e+02 1.800000000000000000e+01
2.168000000000000114e+02 8.466000000000000227e+02 1.800000000000000000e+01
2.174000000000000057e+02 8.463999999999999773e+02 1.800000000000000000e+01
2.181999999999999886e+02 8.462000000000000455e+02 1.700000000000000000e+01
2.190000000000000000e+02 8.460000000000000000e+02 1.700000000000000000e+01
2.200000000000000000e+02 8.460000000000000000e+02 1.700000000000000000e+01
2.205000000000000000e+02 8.460000000000000000e+02 1.700000000000000000e+01
