3.650000000000000000e+02 1.245400000000000091e+03 2.700000000000000000e+01
3.660000000000000000e+02 1.245799999999999955e+03 2.700000000000000000e+01
3.670000000000000000e+02 1.246200000000000045e+03 2.700000000000000000e+01
3.680000000000000000e+02 1.246799999999999955e+03 2.700000000000000000e+01
3.690000000000000000e+02 1.247200000000000045e+03 2.700000000000000000e+01
3.698000000000000114e+02 1.247799999999999955e+03 2.700000000000000000e+01
3.706000000000000227e+02 1.248200000000000045e+03 2.700000000000000000e+01
3.713999999999999773e+02 1.248599999999999909e+03 2.700000000000000000e+01
3.720000000000000000e+02 1.249000000000000000e+03 2.700000000000000000e+01
3.726000000000000227e+02 1.249400000000000091e+03 2.700000000000000000e+01
3.733999999999999773e+02 1.249799999999999955e+03 2.700000000000000000e+01
3.741999999999999886e+02 1.250200000000000045e+03 2.700000000000000000e+01
3.748000000000000114e+02 1.250799999999999955e+03 2.700000000000000000e+01
3.756000000000000227e+02 1.251200000000000045e+03 2.700000000000000000e+01
3.763999999999999773e+02 1.251599999999999909e+03 2.700000000000000000e+01
3.770000000000000000e+02 1.252000000000000000e+03 2.700000000000000000e+01
3.776000000000000227e+02 1.252400000000000091e+03 2.700000000000000000e+01
3.783999999999999773e+02 1.252599999999999909e+03 2.700000000000000000e+01
3.790000000000000000e+02 1.253000000000000000e+03 2.700000000000000000e+01
3.796000000000000227e+02 1.253400000000000091e+03 2.700000000000000000e+01
3.803999999999999773e+02 1.253599999999999909e+03 2.700000000000000000e+01
3.811999999999999886e+02 1.254000000000000000e+03 2.700000000000000000e+01
3.820000000000000000e+02 1.254599999999999909e+03 2.800000000000000000e+01
3.830000000000000000e+02 1.255000000000000000e+03 2.800000000000000000e+01
3.838000000000000114e+02 1.255599999999999909e+03 2.800000000000000000e+01
3.846000000000000227e+02 1.256200000000000045e+03 2.800000000000000000e+01
3.853999999999999773e+02 1.256799999999999955e+03 2.800000000000000000e+01
3.861999999999999886e+02 1.257200000000000045e+03 2.800000000000000000e+01
3.868000000000000114e+02 1.257799999999999955e+03 2.800000000000000000e+01
3.876000000000000227e+02 1.258200000000000045e+03 2.800000000000000000e+01
3.883999999999999773e+02 1.258799999999999955e+03 2.800000000000000000e+01
3.891999999999999886e+02 1.259200000000000045e+03 2.800000000000000000e+01
3.898000000000000114e+02 1.259799999999999955e+03 2.800000000000000000e+01
3.906000000000000227e+02 1.260400000000000091e+03 2.800000000000000000e+01
3.913999999999999773e+02 1.261200000000000045e+03 2.900000000000000000e+01
3.920000000000000000e+02 1.262000000000000000e+03 2.900000000000000000e+01
3.923999999999999773e+02 1.263000000000000000e+03 2.900000000000000000e+01
3.926000000000000227e+02 1.263799999999999955e+03 2.800000000000000000e+01
3.923999999999999773e+02 1.264400000000000091e+03 2.800000000000000000e+01
3.920000000000000000e+02 1.265000000000000000e+03 2.800000000000000000e+01
3.913999999999999773e+02 1.265400000000000091e+03 2.800000000000000000e+01
3.906000000000000227e+02 1.265599999999999909e+03 2.800000000000000000e+01
3.900000000000000000e+02 1.266000000000000000e+03 2.800000000000000000e+01
3.896000000000000227e+02 1.266400000000000091e+03 2.800000000000000000e+01
3.890000000000000000e+02 1.266599999999999909e+03 2.700000000000000000e+01
3.886000000000000227e+02 1.267000000000000000e+03 2.700000000000000000e+01
3.881999999999999886e+02 1.267400000000000091e+03 2.700000000000000000e+01
3.876000000000000227e+02 1.267799999999999955e+03 2.700000000000000000e+01
3.870000000000000000e+02 1.268400000000000091e+03 2.700000000000000000e+01
3.863999999999999773e+02 1.269000000000000000e+03 2.700000000000000000e+01
3.858000000000000114e+02 1.269599999999999909e+03 2.700000000000000000e+01
3.853999999999999773e+02 1.270400000000000091e+03 2.700000000000000000e+01
3.851999999999999886e+02 1.271200000000000045e+03 2.700000000000000000e+01
3.850000000000000000e+02 1.272000000000000000e+03 2.700000000000000000e+01
3.850000000000000000e+02 1.273000000000000000e+03 2.700000000000000000e+01
3.850000000000000000e+02 1.274000000000000000e+03 2.700000000000000000e+01
3.850000000000000000e+02 1.275000000000000000e+03 2.700000000000000000e+01
3.850000000000000000e+02 1.276000000000000000e+03 2.600000000000000000e+01
3.851999999999999886e+02 1.276799999999999955e+03 2.600000000000000000e+01
3.853999999999999773e+02 1.277599999999999909e+03 2.600000000000000000e+01
3.856000000000000227e+02 1.278400000000000091e+03 2.600000000000000000e+01
3.860000000000000000e+02 1.279200000000000045e+03 2.600000000000000000e+01
3.863999999999999773e+02 1.280000000000000000e+03 2.600000000000000000e+01
3.868000000000000114e+02 1.280799999999999955e+03 2.600000000000000000e+01
3.871999999999999886e+02 1.281599999999999909e+03 2.600000000000000000e+01
3.878000000000000114e+02 1.282400000000000091e+03 2.600000000000000000e+01
3.881999999999999886e+02 1.283200000000000045e+03 2.600000000000000000e+01
3.888000000000000114e+02 1.283799999999999955e+03 2.600000000000000000e+01
3.891999999999999886e+02 1.284599999999999909e+03 2.600000000000000000e+01
3.898000000000000114e+02 1.285200000000000045e+03 2.600000000000000000e+01
3.901999999999999886e+02 1.285799999999999955e+03 2.600000000000000000e+01
3.906000000000000227e+02 1.286200000000000045e+03 2.600000000000000000e+01
3.910000000000000000e+02 1.286799999999999955e+03 2.700000000000000000e+01
3.913999999999999773e+02 1.287400000000000091e+03 2.700000000000000000e+01
3.918000000000000114e+02 1.288000000000000000e+03 2.700000000000000000e+01
3.921999999999999886e+02 1.288599999999999909e+03 2.700000000000000000e+01
3.928000000000000114e+02 1.289200000000000045e+03 2.700000000000000000e+01
3.931999999999999886e+02 1.289799999999999955e+03 2.700000000000000000e+01
3.936000000000000227e+02 1.290400000000000091e+03 2.700000000000000000e+01
3.940000000000000000e+02 1.291000000000000000e+03 2.700000000000000000e+01
3.943999999999999773e+02 1.291599999999999909e+03 2.700000000000000000e+01
3.948000000000000114e+02 1.292200000000000045e+03 2.700000000000000000e+01
3.951999999999999886e+02 1.292799999999999955e+03 2.700000000000000000e+01
3.956000000000000227e+02 1.293400000000000091e+03 2.700000000000000000e+01
3.960000000000000000e+02 1.294000000000000000e+03 2.700000000000000000e+01
3.963999999999999773e+02 1.294599999999999909e+03 2.700000000000000000e+01
3.968000000000000114e+02 1.295200000000000045e+03 2.700000000000000000e+01
3.971999999999999886e+02 1.295799999999999955e+03 2.700000000000000000e+01
3.976000000000000227e+02 1.296200000000000045e+03 2.700000000000000000e+01
3.980000000000000000e+02 1.296799999999999955e+03 2.800000000000000000e+01
3.983999999999999773e+02 1.297400000000000091e+03 2.800000000000000000e+01
3.988000000000000114e+02 1.298000000000000000e+03 2.800000000000000000e+01
3.991999999999999886e+02 1.298599999999999909e+03 2.800000000000000000e+01
3.998000000000000114e+02 1.299200000000000045e+03 2.800000000000000000e+01
4.001999999999999886e+02 1.299799999999999955e+03 2.800000000000000000e+01
4.008000000000000114e+02 1.300200000000000045e+03 2.800000000000000000e+01
4.011999999999999886e+02 1.300799999999999955e+03 2.800000000000000000e+01
4.018000000000000114e+02 1.301200000000000045e+03 2.800000000000000000e+01
4.021999999999999886e+02 1.301799999999999955e+03 2.800000000000000000e+01
4.028000000000000114e+02 1.302200000000000045e+03 2.800000000000000000e+01
4.031999999999999886e+02 1.302799999999999955e+03 2.800000000000000000e+01
4.038000000000000114e+02 1.303200000000000045e+03 2.800000000000000000e+01
4.040000000000000000e+02 1.303500000000000000e+03 2.800000000000000000e+01
