3.991999999999999886e+02 1.237200000000000045e+03 2.800000000000000000e+01
3.990000000000000000e+02 1.238000000000000000e+03 2.800000000000000000e+01
3.988000000000000114e+02 1.238799999999999955e+03 2.800000000000000000e+01
3.986000000000000227e+02 1.239599999999999909e+03 2.800000000000000000e+01
3.983999999999999773e+02 1.240400000000000091e+03 2.800000000000000000e+01
3.981999999999999886e+02 1.241200000000000045e+03 2.800000000000000000e+01
3.978000000000000114e+02 1.241799999999999955e+03 2.800000000000000000e+01
3.976000000000000227e+02 1.242599999999999909e+03 2.700000000000000000e+01
3.973999999999999773e+02 1.243400000000000091e+03 2.700000000000000000e+01
3.971999999999999886e+02 1.244200000000000045e+03 2.700000000000000000e+01
3.968000000000000114e+02 1.244799999999999955e+03 2.700000000000000000e+01
3.966000000000000227e+02 1.245599999999999909e+03 2.700000000000000000e+01
3.963999999999999773e+02 1.246400000000000091e+03 2.700000000000000000e+01
3.961999999999999886e+02 1.247200000000000045e+03 2.700000000000000000e+01
3.958000000000000114e+02 1.248000000000000000e+03 2.700000000000000000e+01
3.956000000000000227e+02 1.249000000000000000e+03 2.700000000000000000e+01
3.953999999999999773e+02 1.250000000000000000e+03 2.700000000000000000e+01
3.950000000000000000e+02 1.251200000000000045e+03 2.700000000000000000e+01
3.946000000000000227e+02 1.252400000000000091e+03 2.700000000000000000e+01
3.943999999999999773e+02 1.253599999999999909e+03 2.700000000000000000e+01
3.940000000000000000e+02 1.254599999999999909e+03 2.700000000000000000e+01
3.936000000000000227e+02 1.255599999999999909e+03 2.800000000000000000e+01
3.933999999999999773e+02 1.256400000000000091e+03 2.800000000000000000e+01
3.930000000000000000e+02 1.257000000000000000e+03 2.800000000000000000e+01
3.926000000000000227e+02 1.257599999999999909e+03 2.800000000000000000e+01
3.923999999999999773e+02 1.258400000000000091e+03 2.800000000000000000e+01
3.921999999999999886e+02 1.259200000000000045e+03 2.800000000000000000e+01
3.920000000000000000e+02 1.259799999999999955e+03 2.800000000000000000e+01
3.920000000000000000e+02 1.260250000000000000e+03 2.900000000000000000e+01
