8.512000000000000455e+02 6.593999999999999773e+02 1.600000000000000000e+01
8.510000000000000000e+02 6.592000000000000455e+02 1.600000000000000000e+01
8.512000000000000455e+02 6.590000000000000000e+02 1.600000000000000000e+01
8.520000000000000000e+02 6.590000000000000000e+02 1.600000000000000000e+01
8.530000000000000000e+02 6.590000000000000000e+02 1.600000000000000000e+01
8.540000000000000000e+02 6.587999999999999545e+02 1.600000000000000000e+01
8.550000000000000000e+02 6.586000000000000227e+02 1.600000000000000000e+01
8.557999999999999545e+02 6.582000000000000455e+02 1.600000000000000000e+01
8.563999999999999773e+02 6.576000000000000227e+02 1.600000000000000000e+01
8.570000000000000000e+02 6.570000000000000000e+02 1.600000000000000000e+01
8.573999999999999773e+02 6.563999999999999773e+02 1.600000000000000000e+01
8.577999999999999545e+02 6.557999999999999545e+02 1.600000000000000000e+01
8.580000000000000000e+02 6.555000000000000000e+02 1.600000000000000000e+01
