1.043000000000000000e+03 1.178000000000000000e+03 2.600000000000000000e+01
1.043000000000000000e+03 1.178799999999999955e+03 2.600000000000000000e+01
1.043000000000000000e+03 1.179599999999999909e+03 2.700000000000000000e+01
1.042799999999999955e+03 1.180200000000000045e+03 2.700000000000000000e+01
1.042599999999999909e+03 1.180799999999999955e+03 2.700000000000000000e+01
1.042200000000000045e+03 1.181200000000000045e+03 2.700000000000000000e+01
1.041799999999999955e+03 1.181799999999999955e+03 2.700000000000000000e+01
1.041200000000000045e+03 1.182200000000000045e+03 2.700000000000000000e+01
1.040599999999999909e+03 1.182599999999999909e+03 2.700000000000000000e+01
1.039799999999999955e+03 1.183000000000000000e+03 2.700000000000000000e+01
1.039000000000000000e+03 1.183400000000000091e+03 2.700000000000000000e+01
1.038500000000000000e+03 1.183500000000000000e+03 2.700000000000000000e+01
