1.021600000000000023e+03 1.675200000000000045e+03 2.000000000000000000e+01
1.022399999999999977e+03 1.675799999999999955e+03 2.000000000000000000e+01
1.023200000000000045e+03 1.676200000000000045e+03 2.000000000000000000e+01
1.023799999999999955e+03 1.676799999999999955e+03 2.000000000000000000e+01
1.024599999999999909e+03 1.677200000000000045e+03 2.000000000000000000e+01
1.025400000000000091e+03 1.677599999999999909e+03 2.000000000000000000e+01
1.026000000000000000e+03 1.678000000000000000e+03 2.000000000000000000e+01
1.026599999999999909e+03 1.678400000000000091e+03 2.000000000000000000e+01
1.027400000000000091e+03 1.678599999999999909e+03 2.000000000000000000e+01
1.028200000000000045e+03 1.678799999999999955e+03 2.000000000000000000e+01
1.029000000000000000e+03 1.679000000000000000e+03 2.000000000000000000e+01
1.030000000000000000e+03 1.679000000000000000e+03 2.000000000000000000e+01
1.030799999999999955e+03 1.679200000000000045e+03 2.000000000000000000e+01
1.031599999999999909e+03 1.679599999999999909e+03 2.000000000000000000e+01
1.032200000000000045e+03 1.680200000000000045e+03 2.000000000000000000e+01
1.032799999999999955e+03 1.681000000000000000e+03 2.000000000000000000e+01
1.033200000000000045e+03 1.682000000000000000e+03 2.000000000000000000e+01
1.033799999999999955e+03 1.683000000000000000e+03 2.000000000000000000e+01
1.034200000000000045e+03 1.684000000000000000e+03 2.000000000000000000e+01
1.034799999999999955e+03 1.685000000000000000e+03 2.000000000000000000e+01
1.035200000000000045e+03 1.686000000000000000e+03 2.000000000000000000e+01
1.035799999999999955e+03 1.686799999999999955e+03 2.000000000000000000e+01
1.036200000000000045e+03 1.687599999999999909e+03 2.000000000000000000e+01
1.036799999999999955e+03 1.688200000000000045e+03 2.000000000000000000e+01
1.037200000000000045e+03 1.688799999999999955e+03 2.000000000000000000e+01
1.037799999999999955e+03 1.689200000000000045e+03 2.000000000000000000e+01
1.038400000000000091e+03 1.689599999999999909e+03 2.000000000000000000e+01
1.039200000000000045e+03 1.689799999999999955e+03 2.000000000000000000e+01
1.040000000000000000e+03 1.690000000000000000e+03 2.000000000000000000e+01
1.041000000000000000e+03 1.690000000000000000e+03 2.000000000000000000e+01
1.042000000000000000e+03 1.690000000000000000e+03 2.000000000000000000e+01
1.043000000000000000e+03 1.690000000000000000e+03 2.000000000000000000e+01
1.043500000000000000e+03 1.690000000000000000e+03 2.000000000000000000e+01
