7.830000000000000000e+02 7.740000000000000000e+02 1.400000000000000000e+01
7.830000000000000000e+02 7.750000000000000000e+02 1.400000000000000000e+01
7.830000000000000000e+02 7.760000000000000000e+02 1.400000000000000000e+01
7.830000000000000000e+02 7.770000000000000000e+02 1.400000000000000000e+01
7.832000000000000455e+02 7.777999999999999545e+02 1.300000000000000000e+01
7.833999999999999773e+02 7.786000000000000227e+02 1.300000000000000000e+01
7.836000000000000227e+02 7.793999999999999773e+02 1.300000000000000000e+01
7.837999999999999545e+02 7.802000000000000455e+02 1.300000000000000000e+01
7.840000000000000000e+02 7.810000000000000000e+02 1.300000000000000000e+01
7.837999999999999545e+02 7.817999999999999545e+02 1.300000000000000000e+01
7.836000000000000227e+02 7.826000000000000227e+02 1.300000000000000000e+01
7.833999999999999773e+02 7.833999999999999773e+02 1.300000000000000000e+01
7.830000000000000000e+02 7.840000000000000000e+02 1.300000000000000000e+01
7.823999999999999773e+02 7.846000000000000227e+02 1.300000000000000000e+01
7.817999999999999545e+02 7.852000000000000455e+02 1.300000000000000000e+01
7.810000000000000000e+02 7.856000000000000227e+02 1.300000000000000000e+01
7.800000000000000000e+02 7.857999999999999545e+02 1.300000000000000000e+01
7.792000000000000455e+02 7.862000000000000455e+02 1.300000000000000000e+01
7.783999999999999773e+02 7.863999999999999773e+02 1.300000000000000000e+01
7.776000000000000227e+02 7.866000000000000227e+02 1.300000000000000000e+01
7.767999999999999545e+02 7.867999999999999545e+02 1.300000000000000000e+01
7.760000000000000000e+02 7.870000000000000000e+02 1.300000000000000000e+01
7.750000000000000000e+02 7.870000000000000000e+02 1.300000000000000000e+01
7.740000000000000000e+02 7.870000000000000000e+02 1.300000000000000000e+01
7.730000000000000000e+02 7.870000000000000000e+02 1.300000000000000000e+01
7.720000000000000000e+02 7.870000000000000000e+02 1.300000000000000000e+01
7.712000000000000455e+02 7.870000000000000000e+02 1.300000000000000000e+01
7.703999999999999773e+02 7.870000000000000000e+02 1.400000000000000000e+01
7.696000000000000227e+02 7.870000000000000000e+02 1.400000000000000000e+01
7.687999999999999545e+02 7.870000000000000000e+02 1.400000000000000000e+01
7.680000000000000000e+02 7.870000000000000000e+02 1.400000000000000000e+01
7.670000000000000000e+02 7.870000000000000000e+02 1.400000000000000000e+01
7.660000000000000000e+02 7.872000000000000455e+02 1.400000000000000000e+01
7.650000000000000000e+02 7.873999999999999773e+02 1.400000000000000000e+01
7.640000000000000000e+02 7.876000000000000227e+02 1.400000000000000000e+01
7.632000000000000455e+02 7.880000000000000000e+02 1.400000000000000000e+01
7.623999999999999773e+02 7.883999999999999773e+02 1.400000000000000000e+01
7.616000000000000227e+02 7.886000000000000227e+02 1.400000000000000000e+01
7.610000000000000000e+02 7.890000000000000000e+02 1.400000000000000000e+01
7.603999999999999773e+02 7.893999999999999773e+02 1.400000000000000000e+01
7.596000000000000227e+02 7.896000000000000227e+02 1.400000000000000000e+01
7.590000000000000000e+02 7.900000000000000000e+02 1.400000000000000000e+01
7.583999999999999773e+02 7.903999999999999773e+02 1.400000000000000000e+01
7.576000000000000227e+02 7.907999999999999545e+02 1.400000000000000000e+01
7.567999999999999545e+02 7.912000000000000455e+02 1.400000000000000000e+01
7.562000000000000455e+02 7.917999999999999545e+02 1.400000000000000000e+01
7.553999999999999773e+02 7.922000000000000455e+02 1.400000000000000000e+01
7.546000000000000227e+02 7.926000000000000227e+02 1.400000000000000000e+01
7.537999999999999545e+02 7.927999999999999545e+02 1.400000000000000000e+01
7.532000000000000455e+02 7.932000000000000455e+02 1.400000000000000000e+01
7.523999999999999773e+02 7.933999999999999773e+02 1.400000000000000000e+01
7.516000000000000227e+02 7.936000000000000227e+02 1.400000000000000000e+01
7.507999999999999545e+02 7.937999999999999545e+02 1.400000000000000000e+01
7.500000000000000000e+02 7.940000000000000000e+02 1.400000000000000000e+01
7.490000000000000000e+02 7.942000000000000455e+02 1.400000000000000000e+01
7.480000000000000000e+02 7.943999999999999773e+02 1.400000000000000000e+01
7.470000000000000000e+02 7.946000000000000227e+02 1.400000000000000000e+01
7.460000000000000000e+02 7.947999999999999545e+02 1.400000000000000000e+01
7.452000000000000455e+02 7.947999999999999545e+02 1.400000000000000000e+01
7.443999999999999773e+02 7.946000000000000227e+02 1.400000000000000000e+01
7.436000000000000227e+02 7.943999999999999773e+02 1.400000000000000000e+01
7.427999999999999545e+02 7.942000000000000455e+02 1.400000000000000000e+01
7.422000000000000455e+02 7.937999999999999545e+02 1.400000000000000000e+01
7.413999999999999773e+02 7.936000000000000227e+02 1.400000000000000000e+01
7.406000000000000227e+02 7.933999999999999773e+02 1.400000000000000000e+01
7.400000000000000000e+02 7.930000000000000000e+02 1.400000000000000000e+01
7.393999999999999773e+02 7.926000000000000227e+02 1.400000000000000000e+01
7.387999999999999545e+02 7.922000000000000455e+02 1.400000000000000000e+01
7.383999999999999773e+02 7.916000000000000227e+02 1.400000000000000000e+01
7.380000000000000000e+02 7.910000000000000000e+02 1.400000000000000000e+01
7.376000000000000227e+02 7.903999999999999773e+02 1.400000000000000000e+01
7.372000000000000455e+02 7.896000000000000227e+02 1.400000000000000000e+01
7.367999999999999545e+02 7.887999999999999545e+02 1.400000000000000000e+01
7.363999999999999773e+02 7.880000000000000000e+02 1.400000000000000000e+01
7.362000000000000455e+02 7.870000000000000000e+02 1.400000000000000000e+01
7.360000000000000000e+02 7.860000000000000000e+02 1.400000000000000000e+01
7.360000000000000000e+02 7.850000000000000000e+02 1.400000000000000000e+01
7.360000000000000000e+02 7.840000000000000000e+02 1.400000000000000000e+01
7.360000000000000000e+02 7.830000000000000000e+02 1.400000000000000000e+01
7.360000000000000000e+02 7.820000000000000000e+02 1.400000000000000000e+01
7.362000000000000455e+02 7.812000000000000455e+02 1.400000000000000000e+01
7.363999999999999773e+02 7.803999999999999773e+02 1.400000000000000000e+01
7.367999999999999545e+02 7.796000000000000227e+02 1.400000000000000000e+01
7.372000000000000455e+02 7.787999999999999545e+02 1.400000000000000000e+01
7.377999999999999545e+02 7.782000000000000455e+02 1.400000000000000000e+01
7.382000000000000455e+02 7.773999999999999773e+02 1.400000000000000000e+01
7.387999999999999545e+02 7.767999999999999545e+02 1.400000000000000000e+01
7.392000000000000455e+02 7.762000000000000455e+02 1.400000000000000000e+01
7.397999999999999545e+02 7.756000000000000227e+02 1.400000000000000000e+01
7.403999999999999773e+02 7.747999999999999545e+02 1.400000000000000000e+01
7.412000000000000455e+02 7.740000000000000000e+02 1.400000000000000000e+01
7.420000000000000000e+02 7.732000000000000455e+02 1.400000000000000000e+01
7.425000000000000000e+02 7.727500000000000000e+02 1.500000000000000000e+01
