8.473999999999999773e+02 1.524400000000000091e+03 2.100000000000000000e+01
8.476000000000000227e+02 1.523599999999999909e+03 2.100000000000000000e+01
8.480000000000000000e+02 1.523000000000000000e+03 2.100000000000000000e+01
8.483999999999999773e+02 1.522400000000000091e+03 2.100000000000000000e+01
8.486000000000000227e+02 1.521599999999999909e+03 2.100000000000000000e+01
8.490000000000000000e+02 1.520799999999999955e+03 2.100000000000000000e+01
8.493999999999999773e+02 1.520000000000000000e+03 2.100000000000000000e+01
8.496000000000000227e+02 1.519200000000000045e+03 2.100000000000000000e+01
8.497999999999999545e+02 1.518400000000000091e+03 2.000000000000000000e+01
8.502000000000000455e+02 1.517799999999999955e+03 2.000000000000000000e+01
8.503999999999999773e+02 1.517200000000000045e+03 2.000000000000000000e+01
8.506000000000000227e+02 1.516599999999999909e+03 2.000000000000000000e+01
8.510000000000000000e+02 1.516000000000000000e+03 2.000000000000000000e+01
8.513999999999999773e+02 1.515400000000000091e+03 1.900000000000000000e+01
8.516000000000000227e+02 1.514599999999999909e+03 1.900000000000000000e+01
8.520000000000000000e+02 1.514000000000000000e+03 1.900000000000000000e+01
8.523999999999999773e+02 1.513400000000000091e+03 1.900000000000000000e+01
8.527999999999999545e+02 1.512799999999999955e+03 1.800000000000000000e+01
8.530000000000000000e+02 1.512500000000000000e+03 1.800000000000000000e+01
