1.046400000000000091e+03 5.367999999999999545e+02 1.500000000000000000e+01
1.047200000000000045e+03 5.372000000000000455e+02 1.500000000000000000e+01
1.048000000000000000e+03 5.376000000000000227e+02 1.500000000000000000e+01
1.048799999999999955e+03 5.380000000000000000e+02 1.500000000000000000e+01
1.049599999999999909e+03 5.383999999999999773e+02 1.500000000000000000e+01
1.050400000000000091e+03 5.386000000000000227e+02 1.500000000000000000e+01
1.051200000000000045e+03 5.387999999999999545e+02 1.500000000000000000e+01
1.052000000000000000e+03 5.390000000000000000e+02 1.500000000000000000e+01
1.053000000000000000e+03 5.390000000000000000e+02 1.500000000000000000e+01
1.054000000000000000e+03 5.390000000000000000e+02 1.500000000000000000e+01
1.055000000000000000e+03 5.390000000000000000e+02 1.500000000000000000e+01
1.056000000000000000e+03 5.390000000000000000e+02 1.500000000000000000e+01
1.057000000000000000e+03 5.390000000000000000e+02 1.500000000000000000e+01
1.058000000000000000e+03 5.390000000000000000e+02 1.500000000000000000e+01
1.058799999999999955e+03 5.387999999999999545e+02 1.500000000000000000e+01
1.059599999999999909e+03 5.386000000000000227e+02 1.500000000000000000e+01
1.060400000000000091e+03 5.383999999999999773e+02 1.500000000000000000e+01
1.061200000000000045e+03 5.382000000000000455e+02 1.500000000000000000e+01
1.061799999999999955e+03 5.380000000000000000e+02 1.500000000000000000e+01
1.062250000000000000e+03 5.380000000000000000e+02 1.600000000000000000e+01
