6.890000000000000000e+02 6.010000000000000000e+02 1.400000000000000000e+01
6.897999999999999545e+02 6.012000000000000455e+02 1.400000000000000000e+01
6.906000000000000227e+02 6.013999999999999773e+02 1.400000000000000000e+01
6.913999999999999773e+02 6.016000000000000227e+02 1.400000000000000000e+01
6.922000000000000455e+02 6.017999999999999545e+02 1.400000000000000000e+01
6.927999999999999545e+02 6.017999999999999545e+02 1.400000000000000000e+01
6.936000000000000227e+02 6.016000000000000227e+02 1.400000000000000000e+01
6.943999999999999773e+02 6.013999999999999773e+02 1.400000000000000000e+01
6.952000000000000455e+02 6.012000000000000455e+02 1.400000000000000000e+01
6.960000000000000000e+02 6.010000000000000000e+02 1.400000000000000000e+01
6.967999999999999545e+02 6.007999999999999545e+02 1.400000000000000000e+01
6.976000000000000227e+02 6.006000000000000227e+02 1.400000000000000000e+01
6.983999999999999773e+02 6.003999999999999773e+02 1.400000000000000000e+01
6.987500000000000000e+02 6.002500000000000000e+02 1.400000000000000000e+01
