5.963999999999999773e+02 1.317599999999999909e+03 2.600000000000000000e+01
5.972000000000000455e+02 1.317799999999999955e+03 2.500000000000000000e+01
5.980000000000000000e+02 1.318200000000000045e+03 2.500000000000000000e+01
5.990000000000000000e+02 1.318400000000000091e+03 2.500000000000000000e+01
6.000000000000000000e+02 1.318599999999999909e+03 2.500000000000000000e+01
6.010000000000000000e+02 1.318799999999999955e+03 2.500000000000000000e+01
6.020000000000000000e+02 1.319200000000000045e+03 2.500000000000000000e+01
6.030000000000000000e+02 1.319400000000000091e+03 2.500000000000000000e+01
6.040000000000000000e+02 1.319599999999999909e+03 2.500000000000000000e+01
6.050000000000000000e+02 1.319799999999999955e+03 2.500000000000000000e+01
6.060000000000000000e+02 1.320000000000000000e+03 2.500000000000000000e+01
6.070000000000000000e+02 1.320000000000000000e+03 2.500000000000000000e+01
6.080000000000000000e+02 1.320000000000000000e+03 2.500000000000000000e+01
6.090000000000000000e+02 1.320000000000000000e+03 2.500000000000000000e+01
6.100000000000000000e+02 1.320000000000000000e+03 2.500000000000000000e+01
6.110000000000000000e+02 1.320000000000000000e+03 2.500000000000000000e+01
6.120000000000000000e+02 1.320000000000000000e+03 2.500000000000000000e+01
6.130000000000000000e+02 1.320000000000000000e+03 2.500000000000000000e+01
6.140000000000000000e+02 1.320000000000000000e+03 2.500000000000000000e+01
6.150000000000000000e+02 1.320200000000000045e+03 2.500000000000000000e+01
6.155000000000000000e+02 1.320250000000000000e+03 2.500000000000000000e+01
