8.240000000000000000e+02 1.633799999999999955e+03 2.400000000000000000e+01
8.232000000000000455e+02 1.634200000000000045e+03 2.400000000000000000e+01
8.220000000000000000e+02 1.634599999999999909e+03 2.400000000000000000e+01
8.212000000000000455e+02 1.635000000000000000e+03 2.400000000000000000e+01
8.206000000000000227e+02 1.635400000000000091e+03 2.400000000000000000e+01
8.200000000000000000e+02 1.635599999999999909e+03 2.500000000000000000e+01
8.193999999999999773e+02 1.635799999999999955e+03 2.500000000000000000e+01
8.187999999999999545e+02 1.636000000000000000e+03 2.500000000000000000e+01
8.182000000000000455e+02 1.636200000000000045e+03 2.500000000000000000e+01
8.173999999999999773e+02 1.636400000000000091e+03 2.500000000000000000e+01
8.166000000000000227e+02 1.636599999999999909e+03 2.500000000000000000e+01
8.162500000000000000e+02 1.636750000000000000e+03 2.500000000000000000e+01
