2.638000000000000114e+02 1.445200000000000045e+03 3.000000000000000000e+01
2.641999999999999886e+02 1.445799999999999955e+03 3.000000000000000000e+01
2.648000000000000114e+02 1.446200000000000045e+03 3.000000000000000000e+01
2.651999999999999886e+02 1.446799999999999955e+03 3.000000000000000000e+01
2.658000000000000114e+02 1.447200000000000045e+03 3.000000000000000000e+01
2.663999999999999773e+02 1.447799999999999955e+03 3.000000000000000000e+01
2.671999999999999886e+02 1.448200000000000045e+03 3.000000000000000000e+01
2.680000000000000000e+02 1.448799999999999955e+03 3.000000000000000000e+01
2.690000000000000000e+02 1.449200000000000045e+03 3.000000000000000000e+01
2.700000000000000000e+02 1.449599999999999909e+03 3.000000000000000000e+01
2.710000000000000000e+02 1.450000000000000000e+03 3.000000000000000000e+01
2.720000000000000000e+02 1.450400000000000091e+03 3.000000000000000000e+01
2.730000000000000000e+02 1.450599999999999909e+03 3.000000000000000000e+01
2.740000000000000000e+02 1.451000000000000000e+03 3.000000000000000000e+01
2.750000000000000000e+02 1.451400000000000091e+03 3.000000000000000000e+01
2.760000000000000000e+02 1.451599999999999909e+03 3.000000000000000000e+01
2.770000000000000000e+02 1.452000000000000000e+03 3.000000000000000000e+01
2.780000000000000000e+02 1.452400000000000091e+03 3.000000000000000000e+01
2.790000000000000000e+02 1.452599999999999909e+03 3.000000000000000000e+01
2.798000000000000114e+02 1.453000000000000000e+03 3.000000000000000000e+01
2.806000000000000227e+02 1.453400000000000091e+03 3.000000000000000000e+01
2.813999999999999773e+02 1.453599999999999909e+03 3.000000000000000000e+01
2.821999999999999886e+02 1.454000000000000000e+03 3.000000000000000000e+01
2.830000000000000000e+02 1.454400000000000091e+03 3.000000000000000000e+01
2.840000000000000000e+02 1.454599999999999909e+03 3.000000000000000000e+01
2.848000000000000114e+02 1.455000000000000000e+03 3.000000000000000000e+01
2.856000000000000227e+02 1.455400000000000091e+03 3.000000000000000000e+01
2.863999999999999773e+02 1.455599999999999909e+03 3.000000000000000000e+01
2.870000000000000000e+02 1.456000000000000000e+03 3.000000000000000000e+01
2.876000000000000227e+02 1.456400000000000091e+03 3.000000000000000000e+01
2.883999999999999773e+02 1.456599999999999909e+03 3.000000000000000000e+01
2.891999999999999886e+02 1.456799999999999955e+03 3.000000000000000000e+01
2.900000000000000000e+02 1.457000000000000000e+03 3.000000000000000000e+01
2.910000000000000000e+02 1.457000000000000000e+03 3.000000000000000000e+01
2.920000000000000000e+02 1.457000000000000000e+03 3.000000000000000000e+01
2.930000000000000000e+02 1.457000000000000000e+03 3.000000000000000000e+01
2.940000000000000000e+02 1.457000000000000000e+03 3.000000000000000000e+01
2.950000000000000000e+02 1.457000000000000000e+03 3.000000000000000000e+01
2.960000000000000000e+02 1.457000000000000000e+03 3.000000000000000000e+01
2.970000000000000000e+02 1.457000000000000000e+03 3.000000000000000000e+01
2.980000000000000000e+02 1.457000000000000000e+03 3.000000000000000000e+01
2.990000000000000000e+02 1.457000000000000000e+03 3.000000000000000000e+01
3.000000000000000000e+02 1.457000000000000000e+03 3.000000000000000000e+01
3.010000000000000000e+02 1.457000000000000000e+03 3.000000000000000000e+01
3.020000000000000000e+02 1.457200000000000045e+03 3.000000000000000000e+01
3.025000000000000000e+02 1.457250000000000000e+03 3.000000000000000000e+01
