4.771999999999999886e+02 9.302000000000000455e+02 1.900000000000000000e+01
4.778000000000000114e+02 9.297999999999999545e+02 1.900000000000000000e+01
4.781999999999999886e+02 9.292000000000000455e+02 1.900000000000000000e+01
4.788000000000000114e+02 9.287999999999999545e+02 1.900000000000000000e+01
4.793999999999999773e+02 9.282000000000000455e+02 1.900000000000000000e+01
4.801999999999999886e+02 9.277999999999999545e+02 1.900000000000000000e+01
4.808000000000000114e+02 9.273999999999999773e+02 2.000000000000000000e+01
4.813999999999999773e+02 9.270000000000000000e+02 1.900000000000000000e+01
4.818000000000000114e+02 9.263999999999999773e+02 1.900000000000000000e+01
4.821999999999999886e+02 9.260000000000000000e+02 1.900000000000000000e+01
4.823999999999999773e+02 9.253999999999999773e+02 1.900000000000000000e+01
4.826000000000000227e+02 9.246000000000000227e+02 1.900000000000000000e+01
4.828000000000000114e+02 9.237999999999999545e+02 1.900000000000000000e+01
4.831999999999999886e+02 9.232000000000000455e+02 1.900000000000000000e+01
4.833999999999999773e+02 9.223999999999999773e+02 1.900000000000000000e+01
4.838000000000000114e+02 9.216000000000000227e+02 1.900000000000000000e+01
4.843999999999999773e+02 9.210000000000000000e+02 1.900000000000000000e+01
4.850000000000000000e+02 9.203999999999999773e+02 1.900000000000000000e+01
4.856000000000000227e+02 9.197999999999999545e+02 1.900000000000000000e+01
4.863999999999999773e+02 9.193999999999999773e+02 1.900000000000000000e+01
4.871999999999999886e+02 9.192000000000000455e+02 1.900000000000000000e+01
4.880000000000000000e+02 9.192000000000000455e+02 1.900000000000000000e+01
4.885000000000000000e+02 9.192500000000000000e+02 1.900000000000000000e+01
