5.930000000000000000e+02 1.420000000000000000e+02 1.300000000000000000e+01
5.940000000000000000e+02 1.420000000000000000e+02 1.300000000000000000e+01
5.947999999999999545e+02 1.421999999999999886e+02 1.300000000000000000e+01
5.956000000000000227e+02 1.424000000000000057e+02 1.300000000000000000e+01
5.963999999999999773e+02 1.425999999999999943e+02 1.300000000000000000e+01
5.972000000000000455e+02 1.430000000000000000e+02 1.300000000000000000e+01
5.980000000000000000e+02 1.434000000000000057e+02 1.300000000000000000e+01
5.987999999999999545e+02 1.438000000000000114e+02 1.300000000000000000e+01
5.996000000000000227e+02 1.441999999999999886e+02 1.300000000000000000e+01
6.003999999999999773e+02 1.448000000000000114e+02 1.300000000000000000e+01
6.012000000000000455e+02 1.454000000000000057e+02 1.300000000000000000e+01
6.020000000000000000e+02 1.460000000000000000e+02 1.300000000000000000e+01
6.027999999999999545e+02 1.465999999999999943e+02 1.300000000000000000e+01
6.036000000000000227e+02 1.474000000000000057e+02 1.300000000000000000e+01
6.042000000000000455e+02 1.481999999999999886e+02 1.300000000000000000e+01
6.047999999999999545e+02 1.488000000000000114e+02 1.300000000000000000e+01
6.052000000000000455e+02 1.495999999999999943e+02 1.300000000000000000e+01
6.057999999999999545e+02 1.501999999999999886e+02 1.300000000000000000e+01
6.062000000000000455e+02 1.508000000000000114e+02 1.300000000000000000e+01
6.067999999999999545e+02 1.511999999999999886e+02 1.300000000000000000e+01
6.072000000000000455e+02 1.518000000000000114e+02 1.300000000000000000e+01
6.077999999999999545e+02 1.521999999999999886e+02 1.300000000000000000e+01
6.082000000000000455e+02 1.528000000000000114e+02 1.300000000000000000e+01
6.087999999999999545e+02 1.531999999999999886e+02 1.300000000000000000e+01
6.092000000000000455e+02 1.538000000000000114e+02 1.300000000000000000e+01
6.097999999999999545e+02 1.541999999999999886e+02 1.400000000000000000e+01
6.102000000000000455e+02 1.548000000000000114e+02 1.400000000000000000e+01
6.107999999999999545e+02 1.551999999999999886e+02 1.400000000000000000e+01
6.112000000000000455e+02 1.558000000000000114e+02 1.400000000000000000e+01
6.117999999999999545e+02 1.561999999999999886e+02 1.400000000000000000e+01
6.122000000000000455e+02 1.568000000000000114e+02 1.400000000000000000e+01
6.127999999999999545e+02 1.571999999999999886e+02 1.400000000000000000e+01
6.132000000000000455e+02 1.578000000000000114e+02 1.400000000000000000e+01
6.135000000000000000e+02 1.580000000000000000e+02 1.500000000000000000e+01
