5.021999999999999886e+02 1.613000000000000000e+03 2.800000000000000000e+01
5.018000000000000114e+02 1.612000000000000000e+03 2.800000000000000000e+01
5.016000000000000227e+02 1.611000000000000000e+03 2.800000000000000000e+01
5.013999999999999773e+02 1.610000000000000000e+03 2.800000000000000000e+01
5.011999999999999886e+02 1.609000000000000000e+03 2.800000000000000000e+01
5.010000000000000000e+02 1.608000000000000000e+03 2.800000000000000000e+01
5.010000000000000000e+02 1.607000000000000000e+03 2.800000000000000000e+01
5.010000000000000000e+02 1.606000000000000000e+03 2.800000000000000000e+01
5.010000000000000000e+02 1.605000000000000000e+03 2.800000000000000000e+01
5.010000000000000000e+02 1.604000000000000000e+03 2.800000000000000000e+01
5.010000000000000000e+02 1.603000000000000000e+03 2.800000000000000000e+01
5.010000000000000000e+02 1.602000000000000000e+03 2.800000000000000000e+01
5.010000000000000000e+02 1.601000000000000000e+03 2.800000000000000000e+01
5.011999999999999886e+02 1.600000000000000000e+03 2.800000000000000000e+01
5.013999999999999773e+02 1.599400000000000091e+03 2.800000000000000000e+01
5.015000000000000000e+02 1.599000000000000000e+03 2.800000000000000000e+01
