3.266000000000000227e+02 1.484599999999999909e+03 3.300000000000000000e+01
3.268000000000000114e+02 1.483799999999999955e+03 3.300000000000000000e+01
3.270000000000000000e+02 1.483000000000000000e+03 3.300000000000000000e+01
3.271999999999999886e+02 1.482200000000000045e+03 3.300000000000000000e+01
3.273999999999999773e+02 1.481400000000000091e+03 3.300000000000000000e+01
3.276000000000000227e+02 1.480599999999999909e+03 3.300000000000000000e+01
3.278000000000000114e+02 1.479799999999999955e+03 3.300000000000000000e+01
3.281999999999999886e+02 1.479200000000000045e+03 3.300000000000000000e+01
3.283999999999999773e+02 1.478400000000000091e+03 3.300000000000000000e+01
3.286000000000000227e+02 1.477599999999999909e+03 3.300000000000000000e+01
3.290000000000000000e+02 1.477000000000000000e+03 3.300000000000000000e+01
3.293999999999999773e+02 1.476400000000000091e+03 3.300000000000000000e+01
3.296000000000000227e+02 1.475599999999999909e+03 3.300000000000000000e+01
3.300000000000000000e+02 1.475000000000000000e+03 3.300000000000000000e+01
3.303999999999999773e+02 1.474400000000000091e+03 3.300000000000000000e+01
3.306000000000000227e+02 1.473599999999999909e+03 3.300000000000000000e+01
3.310000000000000000e+02 1.473000000000000000e+03 3.300000000000000000e+01
3.313999999999999773e+02 1.472200000000000045e+03 3.300000000000000000e+01
3.316000000000000227e+02 1.471599999999999909e+03 3.300000000000000000e+01
3.317500000000000000e+02 1.471250000000000000e+03 3.300000000000000000e+01
