5.260000000000000000e+02 1.000000000000000000e+03 2.200000000000000000e+01
5.262000000000000455e+02 1.000799999999999955e+03 2.200000000000000000e+01
5.263999999999999773e+02 1.001600000000000023e+03 2.200000000000000000e+01
5.266000000000000227e+02 1.002399999999999977e+03 2.200000000000000000e+01
5.267999999999999545e+02 1.003200000000000045e+03 2.200000000000000000e+01
5.270000000000000000e+02 1.004000000000000000e+03 2.200000000000000000e+01
5.270000000000000000e+02 1.005000000000000000e+03 2.200000000000000000e+01
5.272000000000000455e+02 1.006000000000000000e+03 2.200000000000000000e+01
5.273999999999999773e+02 1.007000000000000000e+03 2.200000000000000000e+01
5.276000000000000227e+02 1.008000000000000000e+03 2.200000000000000000e+01
5.277999999999999545e+02 1.009000000000000000e+03 2.200000000000000000e+01
5.280000000000000000e+02 1.010000000000000000e+03 2.200000000000000000e+01
5.280000000000000000e+02 1.011000000000000000e+03 2.200000000000000000e+01
5.280000000000000000e+02 1.012000000000000000e+03 2.200000000000000000e+01
5.280000000000000000e+02 1.013000000000000000e+03 2.200000000000000000e+01
5.280000000000000000e+02 1.014000000000000000e+03 2.200000000000000000e+01
5.282000000000000455e+02 1.014799999999999955e+03 2.200000000000000000e+01
5.283999999999999773e+02 1.015600000000000023e+03 2.200000000000000000e+01
5.286000000000000227e+02 1.016399999999999977e+03 2.200000000000000000e+01
5.290000000000000000e+02 1.017000000000000000e+03 2.200000000000000000e+01
5.293999999999999773e+02 1.017600000000000023e+03 2.200000000000000000e+01
5.296000000000000227e+02 1.018399999999999977e+03 2.200000000000000000e+01
5.300000000000000000e+02 1.019000000000000000e+03 2.200000000000000000e+01
5.303999999999999773e+02 1.019600000000000023e+03 2.200000000000000000e+01
5.306000000000000227e+02 1.020399999999999977e+03 2.200000000000000000e+01
5.310000000000000000e+02 1.021000000000000000e+03 2.200000000000000000e+01
5.313999999999999773e+02 1.021600000000000023e+03 2.200000000000000000e+01
5.316000000000000227e+02 1.022399999999999977e+03 2.200000000000000000e+01
5.320000000000000000e+02 1.023000000000000000e+03 2.200000000000000000e+01
5.323999999999999773e+02 1.023600000000000023e+03 2.200000000000000000e+01
5.326000000000000227e+02 1.024400000000000091e+03 2.200000000000000000e+01
5.330000000000000000e+02 1.025000000000000000e+03 2.200000000000000000e+01
5.333999999999999773e+02 1.025599999999999909e+03 2.200000000000000000e+01
5.336000000000000227e+02 1.026400000000000091e+03 2.200000000000000000e+01
5.340000000000000000e+02 1.027000000000000000e+03 2.200000000000000000e+01
5.343999999999999773e+02 1.027599999999999909e+03 2.200000000000000000e+01
5.346000000000000227e+02 1.028400000000000091e+03 2.200000000000000000e+01
5.350000000000000000e+02 1.029200000000000045e+03 2.200000000000000000e+01
5.353999999999999773e+02 1.030000000000000000e+03 2.200000000000000000e+01
5.357999999999999545e+02 1.031000000000000000e+03 2.200000000000000000e+01
5.362000000000000455e+02 1.032000000000000000e+03 2.200000000000000000e+01
5.367999999999999545e+02 1.033200000000000045e+03 2.200000000000000000e+01
5.372000000000000455e+02 1.034400000000000091e+03 2.200000000000000000e+01
5.377999999999999545e+02 1.035400000000000091e+03 2.200000000000000000e+01
5.382000000000000455e+02 1.036400000000000091e+03 2.200000000000000000e+01
5.386000000000000227e+02 1.037400000000000091e+03 2.200000000000000000e+01
5.390000000000000000e+02 1.038000000000000000e+03 2.200000000000000000e+01
5.393999999999999773e+02 1.038599999999999909e+03 2.200000000000000000e+01
5.396000000000000227e+02 1.039400000000000091e+03 2.200000000000000000e+01
5.400000000000000000e+02 1.040000000000000000e+03 2.200000000000000000e+01
5.403999999999999773e+02 1.040599999999999909e+03 2.200000000000000000e+01
5.406000000000000227e+02 1.041400000000000091e+03 2.200000000000000000e+01
5.410000000000000000e+02 1.042200000000000045e+03 2.200000000000000000e+01
5.413999999999999773e+02 1.043000000000000000e+03 2.300000000000000000e+01
5.417999999999999545e+02 1.044000000000000000e+03 2.300000000000000000e+01
5.422000000000000455e+02 1.045000000000000000e+03 2.300000000000000000e+01
5.427999999999999545e+02 1.046000000000000000e+03 2.300000000000000000e+01
5.432000000000000455e+02 1.047000000000000000e+03 2.300000000000000000e+01
5.436000000000000227e+02 1.048000000000000000e+03 2.300000000000000000e+01
5.440000000000000000e+02 1.048799999999999955e+03 2.400000000000000000e+01
5.443999999999999773e+02 1.049599999999999909e+03 2.400000000000000000e+01
5.446000000000000227e+02 1.050400000000000091e+03 2.400000000000000000e+01
5.450000000000000000e+02 1.051200000000000045e+03 2.400000000000000000e+01
5.453999999999999773e+02 1.052000000000000000e+03 2.400000000000000000e+01
5.456000000000000227e+02 1.053000000000000000e+03 2.400000000000000000e+01
5.460000000000000000e+02 1.054000000000000000e+03 2.400000000000000000e+01
5.463999999999999773e+02 1.054799999999999955e+03 2.400000000000000000e+01
5.466000000000000227e+02 1.055599999999999909e+03 2.500000000000000000e+01
5.467999999999999545e+02 1.056400000000000091e+03 2.500000000000000000e+01
5.472000000000000455e+02 1.057000000000000000e+03 2.500000000000000000e+01
5.473999999999999773e+02 1.057599999999999909e+03 2.500000000000000000e+01
5.476000000000000227e+02 1.058400000000000091e+03 2.500000000000000000e+01
5.477999999999999545e+02 1.059200000000000045e+03 2.500000000000000000e+01
5.482000000000000455e+02 1.059799999999999955e+03 2.500000000000000000e+01
5.483999999999999773e+02 1.060599999999999909e+03 2.500000000000000000e+01
5.486000000000000227e+02 1.061400000000000091e+03 2.500000000000000000e+01
5.490000000000000000e+02 1.062000000000000000e+03 2.500000000000000000e+01
5.493999999999999773e+02 1.062599999999999909e+03 2.500000000000000000e+01
5.496000000000000227e+02 1.063400000000000091e+03 2.600000000000000000e+01
5.500000000000000000e+02 1.064000000000000000e+03 2.600000000000000000e+01
5.503999999999999773e+02 1.064599999999999909e+03 2.600000000000000000e+01
5.507999999999999545e+02 1.065400000000000091e+03 2.600000000000000000e+01
5.512000000000000455e+02 1.066200000000000045e+03 2.600000000000000000e+01
5.517999999999999545e+02 1.066799999999999955e+03 2.600000000000000000e+01
5.522000000000000455e+02 1.067599999999999909e+03 2.600000000000000000e+01
5.527999999999999545e+02 1.068200000000000045e+03 2.600000000000000000e+01
5.532000000000000455e+02 1.068799999999999955e+03 2.600000000000000000e+01
5.537999999999999545e+02 1.069200000000000045e+03 2.600000000000000000e+01
5.542000000000000455e+02 1.069799999999999955e+03 2.600000000000000000e+01
5.547999999999999545e+02 1.070200000000000045e+03 2.600000000000000000e+01
5.552000000000000455e+02 1.070799999999999955e+03 2.600000000000000000e+01
5.557999999999999545e+02 1.071200000000000045e+03 2.600000000000000000e+01
5.562000000000000455e+02 1.071799999999999955e+03 2.600000000000000000e+01
5.567999999999999545e+02 1.072200000000000045e+03 2.600000000000000000e+01
5.572000000000000455e+02 1.072799999999999955e+03 2.600000000000000000e+01
5.577999999999999545e+02 1.073200000000000045e+03 2.600000000000000000e+01
5.583999999999999773e+02 1.073799999999999955e+03 2.600000000000000000e+01
5.590000000000000000e+02 1.074200000000000045e+03 2.600000000000000000e+01
5.596000000000000227e+02 1.074799999999999955e+03 2.700000000000000000e+01
5.603999999999999773e+02 1.075400000000000091e+03 2.700000000000000000e+01
5.612000000000000455e+02 1.076200000000000045e+03 2.700000000000000000e+01
5.620000000000000000e+02 1.077000000000000000e+03 2.700000000000000000e+01
5.630000000000000000e+02 1.078000000000000000e+03 2.700000000000000000e+01
5.640000000000000000e+02 1.079000000000000000e+03 2.700000000000000000e+01
5.650000000000000000e+02 1.080000000000000000e+03 2.700000000000000000e+01
5.660000000000000000e+02 1.081000000000000000e+03 2.700000000000000000e+01
5.670000000000000000e+02 1.082000000000000000e+03 2.700000000000000000e+01
5.675000000000000000e+02 1.082500000000000000e+03 2.700000000000000000e+01
