5.956000000000000227e+02 1.615400000000000091e+03 2.800000000000000000e+01
5.960000000000000000e+02 1.616200000000000045e+03 2.800000000000000000e+01
5.963999999999999773e+02 1.617000000000000000e+03 2.800000000000000000e+01
5.967999999999999545e+02 1.618000000000000000e+03 2.800000000000000000e+01
5.972000000000000455e+02 1.619000000000000000e+03 2.800000000000000000e+01
5.977999999999999545e+02 1.620000000000000000e+03 2.800000000000000000e+01
5.982000000000000455e+02 1.621000000000000000e+03 2.800000000000000000e+01
5.986000000000000227e+02 1.622000000000000000e+03 2.800000000000000000e+01
5.990000000000000000e+02 1.622799999999999955e+03 2.800000000000000000e+01
5.993999999999999773e+02 1.623599999999999909e+03 2.800000000000000000e+01
5.996000000000000227e+02 1.624400000000000091e+03 2.800000000000000000e+01
6.000000000000000000e+02 1.625000000000000000e+03 2.800000000000000000e+01
6.003999999999999773e+02 1.625599999999999909e+03 2.800000000000000000e+01
6.006000000000000227e+02 1.626400000000000091e+03 2.800000000000000000e+01
6.010000000000000000e+02 1.627200000000000045e+03 2.800000000000000000e+01
6.013999999999999773e+02 1.628000000000000000e+03 2.800000000000000000e+01
6.017999999999999545e+02 1.629000000000000000e+03 2.800000000000000000e+01
6.022000000000000455e+02 1.630000000000000000e+03 2.800000000000000000e+01
6.027999999999999545e+02 1.630799999999999955e+03 2.800000000000000000e+01
6.032000000000000455e+02 1.631599999999999909e+03 2.800000000000000000e+01
6.037999999999999545e+02 1.632200000000000045e+03 2.700000000000000000e+01
6.042000000000000455e+02 1.632799999999999955e+03 2.700000000000000000e+01
6.047999999999999545e+02 1.633400000000000091e+03 2.700000000000000000e+01
6.053999999999999773e+02 1.634200000000000045e+03 2.700000000000000000e+01
6.062000000000000455e+02 1.634799999999999955e+03 2.700000000000000000e+01
6.067999999999999545e+02 1.635599999999999909e+03 2.700000000000000000e+01
6.076000000000000227e+02 1.636200000000000045e+03 2.700000000000000000e+01
6.083999999999999773e+02 1.636799999999999955e+03 2.700000000000000000e+01
6.092000000000000455e+02 1.637200000000000045e+03 2.700000000000000000e+01
6.097999999999999545e+02 1.637799999999999955e+03 2.700000000000000000e+01
6.106000000000000227e+02 1.638200000000000045e+03 2.700000000000000000e+01
6.113999999999999773e+02 1.638599999999999909e+03 2.700000000000000000e+01
6.122000000000000455e+02 1.638799999999999955e+03 2.700000000000000000e+01
6.127999999999999545e+02 1.639200000000000045e+03 2.700000000000000000e+01
6.136000000000000227e+02 1.639400000000000091e+03 2.700000000000000000e+01
6.143999999999999773e+02 1.639599999999999909e+03 2.700000000000000000e+01
6.150000000000000000e+02 1.640000000000000000e+03 2.700000000000000000e+01
6.156000000000000227e+02 1.640400000000000091e+03 2.700000000000000000e+01
6.163999999999999773e+02 1.640599999999999909e+03 2.700000000000000000e+01
6.170000000000000000e+02 1.641000000000000000e+03 2.700000000000000000e+01
6.176000000000000227e+02 1.641400000000000091e+03 2.700000000000000000e+01
6.183999999999999773e+02 1.641599999999999909e+03 2.700000000000000000e+01
6.190000000000000000e+02 1.642000000000000000e+03 2.700000000000000000e+01
6.196000000000000227e+02 1.642400000000000091e+03 2.700000000000000000e+01
6.202000000000000455e+02 1.642799999999999955e+03 2.700000000000000000e+01
6.207999999999999545e+02 1.643200000000000045e+03 2.700000000000000000e+01
6.212000000000000455e+02 1.643799999999999955e+03 2.700000000000000000e+01
6.217999999999999545e+02 1.644400000000000091e+03 2.700000000000000000e+01
6.222000000000000455e+02 1.645200000000000045e+03 2.700000000000000000e+01
6.227999999999999545e+02 1.645799999999999955e+03 2.700000000000000000e+01
6.232000000000000455e+02 1.646599999999999909e+03 2.700000000000000000e+01
6.236000000000000227e+02 1.647400000000000091e+03 2.700000000000000000e+01
6.240000000000000000e+02 1.648000000000000000e+03 2.700000000000000000e+01
6.243999999999999773e+02 1.648599999999999909e+03 2.700000000000000000e+01
6.246000000000000227e+02 1.649400000000000091e+03 2.700000000000000000e+01
6.250000000000000000e+02 1.650000000000000000e+03 2.700000000000000000e+01
6.253999999999999773e+02 1.650599999999999909e+03 2.700000000000000000e+01
6.257999999999999545e+02 1.651400000000000091e+03 2.700000000000000000e+01
6.262000000000000455e+02 1.652200000000000045e+03 2.700000000000000000e+01
6.267999999999999545e+02 1.652799999999999955e+03 2.700000000000000000e+01
6.273999999999999773e+02 1.653400000000000091e+03 2.700000000000000000e+01
6.282000000000000455e+02 1.653799999999999955e+03 2.700000000000000000e+01
6.287999999999999545e+02 1.653799999999999955e+03 2.700000000000000000e+01
6.296000000000000227e+02 1.653400000000000091e+03 2.700000000000000000e+01
6.302000000000000455e+02 1.652799999999999955e+03 2.700000000000000000e+01
6.306000000000000227e+02 1.652000000000000000e+03 2.700000000000000000e+01
6.310000000000000000e+02 1.651200000000000045e+03 2.700000000000000000e+01
6.313999999999999773e+02 1.650400000000000091e+03 2.700000000000000000e+01
6.316000000000000227e+02 1.649599999999999909e+03 2.700000000000000000e+01
6.320000000000000000e+02 1.649000000000000000e+03 2.700000000000000000e+01
6.323999999999999773e+02 1.648400000000000091e+03 2.700000000000000000e+01
6.326000000000000227e+02 1.647599999999999909e+03 2.700000000000000000e+01
6.330000000000000000e+02 1.647000000000000000e+03 2.700000000000000000e+01
6.333999999999999773e+02 1.646400000000000091e+03 2.700000000000000000e+01
6.337999999999999545e+02 1.645599999999999909e+03 2.700000000000000000e+01
6.342000000000000455e+02 1.644799999999999955e+03 2.700000000000000000e+01
6.347999999999999545e+02 1.644200000000000045e+03 2.700000000000000000e+01
6.353999999999999773e+02 1.643400000000000091e+03 2.700000000000000000e+01
6.362000000000000455e+02 1.642599999999999909e+03 2.700000000000000000e+01
6.370000000000000000e+02 1.642000000000000000e+03 2.700000000000000000e+01
6.377999999999999545e+02 1.641400000000000091e+03 2.700000000000000000e+01
6.386000000000000227e+02 1.640799999999999955e+03 2.700000000000000000e+01
6.393999999999999773e+02 1.640200000000000045e+03 2.700000000000000000e+01
6.402000000000000455e+02 1.639799999999999955e+03 2.700000000000000000e+01
6.407999999999999545e+02 1.639200000000000045e+03 2.700000000000000000e+01
6.416000000000000227e+02 1.638799999999999955e+03 2.700000000000000000e+01
6.423999999999999773e+02 1.638400000000000091e+03 2.700000000000000000e+01
6.430000000000000000e+02 1.638000000000000000e+03 2.700000000000000000e+01
6.436000000000000227e+02 1.637599999999999909e+03 2.700000000000000000e+01
6.443999999999999773e+02 1.637400000000000091e+03 2.700000000000000000e+01
6.452000000000000455e+02 1.637200000000000045e+03 2.700000000000000000e+01
6.457999999999999545e+02 1.636799999999999955e+03 2.700000000000000000e+01
6.466000000000000227e+02 1.636599999999999909e+03 2.700000000000000000e+01
6.473999999999999773e+02 1.636400000000000091e+03 2.700000000000000000e+01
6.482000000000000455e+02 1.636200000000000045e+03 2.700000000000000000e+01
6.487999999999999545e+02 1.635799999999999955e+03 2.800000000000000000e+01
6.496000000000000227e+02 1.635599999999999909e+03 2.800000000000000000e+01
6.503999999999999773e+02 1.635400000000000091e+03 2.800000000000000000e+01
6.512000000000000455e+02 1.635200000000000045e+03 2.800000000000000000e+01
6.520000000000000000e+02 1.635000000000000000e+03 2.800000000000000000e+01
6.530000000000000000e+02 1.634799999999999955e+03 2.800000000000000000e+01
6.540000000000000000e+02 1.634599999999999909e+03 2.800000000000000000e+01
6.550000000000000000e+02 1.634400000000000091e+03 2.800000000000000000e+01
6.560000000000000000e+02 1.634200000000000045e+03 2.800000000000000000e+01
6.567999999999999545e+02 1.633799999999999955e+03 2.800000000000000000e+01
6.576000000000000227e+02 1.633599999999999909e+03 2.800000000000000000e+01
6.583999999999999773e+02 1.633400000000000091e+03 2.800000000000000000e+01
6.590000000000000000e+02 1.633000000000000000e+03 2.800000000000000000e+01
6.596000000000000227e+02 1.632599999999999909e+03 2.800000000000000000e+01
6.603999999999999773e+02 1.632200000000000045e+03 2.800000000000000000e+01
6.612000000000000455e+02 1.631799999999999955e+03 2.800000000000000000e+01
6.620000000000000000e+02 1.631400000000000091e+03 2.800000000000000000e+01
6.630000000000000000e+02 1.631200000000000045e+03 2.800000000000000000e+01
6.640000000000000000e+02 1.631200000000000045e+03 2.800000000000000000e+01
6.650000000000000000e+02 1.631400000000000091e+03 2.800000000000000000e+01
6.657999999999999545e+02 1.631799999999999955e+03 2.800000000000000000e+01
6.666000000000000227e+02 1.632200000000000045e+03 2.800000000000000000e+01
6.673999999999999773e+02 1.632799999999999955e+03 2.800000000000000000e+01
6.682000000000000455e+02 1.633200000000000045e+03 2.800000000000000000e+01
6.687999999999999545e+02 1.633799999999999955e+03 2.800000000000000000e+01
6.696000000000000227e+02 1.634400000000000091e+03 2.800000000000000000e+01
6.703999999999999773e+02 1.635200000000000045e+03 2.800000000000000000e+01
6.712000000000000455e+02 1.635799999999999955e+03 2.800000000000000000e+01
6.717999999999999545e+02 1.636599999999999909e+03 2.800000000000000000e+01
6.726000000000000227e+02 1.637200000000000045e+03 2.800000000000000000e+01
6.732000000000000455e+02 1.637799999999999955e+03 2.800000000000000000e+01
6.737999999999999545e+02 1.638200000000000045e+03 2.800000000000000000e+01
6.743999999999999773e+02 1.638599999999999909e+03 2.800000000000000000e+01
6.750000000000000000e+02 1.639000000000000000e+03 2.800000000000000000e+01
6.756000000000000227e+02 1.639400000000000091e+03 2.800000000000000000e+01
6.763999999999999773e+02 1.639599999999999909e+03 2.800000000000000000e+01
6.770000000000000000e+02 1.640000000000000000e+03 2.800000000000000000e+01
6.776000000000000227e+02 1.640400000000000091e+03 2.800000000000000000e+01
6.783999999999999773e+02 1.640599999999999909e+03 2.800000000000000000e+01
6.792000000000000455e+02 1.640799999999999955e+03 2.800000000000000000e+01
6.800000000000000000e+02 1.641000000000000000e+03 2.800000000000000000e+01
6.810000000000000000e+02 1.641000000000000000e+03 2.800000000000000000e+01
6.820000000000000000e+02 1.641000000000000000e+03 2.800000000000000000e+01
6.830000000000000000e+02 1.641000000000000000e+03 2.800000000000000000e+01
6.840000000000000000e+02 1.641000000000000000e+03 2.800000000000000000e+01
6.850000000000000000e+02 1.641000000000000000e+03 2.800000000000000000e+01
6.860000000000000000e+02 1.641000000000000000e+03 2.800000000000000000e+01
6.870000000000000000e+02 1.641000000000000000e+03 2.800000000000000000e+01
6.880000000000000000e+02 1.641000000000000000e+03 2.800000000000000000e+01
6.890000000000000000e+02 1.641000000000000000e+03 2.800000000000000000e+01
6.900000000000000000e+02 1.640799999999999955e+03 2.800000000000000000e+01
6.910000000000000000e+02 1.640599999999999909e+03 2.800000000000000000e+01
6.920000000000000000e+02 1.640400000000000091e+03 2.800000000000000000e+01
6.930000000000000000e+02 1.640200000000000045e+03 2.800000000000000000e+01
6.940000000000000000e+02 1.640000000000000000e+03 2.800000000000000000e+01
6.950000000000000000e+02 1.640000000000000000e+03 2.800000000000000000e+01
6.960000000000000000e+02 1.640000000000000000e+03 2.800000000000000000e+01
6.970000000000000000e+02 1.640000000000000000e+03 2.800000000000000000e+01
6.977999999999999545e+02 1.640200000000000045e+03 2.800000000000000000e+01
6.986000000000000227e+02 1.640400000000000091e+03 2.800000000000000000e+01
6.993999999999999773e+02 1.640599999999999909e+03 2.800000000000000000e+01
7.000000000000000000e+02 1.641000000000000000e+03 2.800000000000000000e+01
7.006000000000000227e+02 1.641400000000000091e+03 2.800000000000000000e+01
7.013999999999999773e+02 1.641599999999999909e+03 2.800000000000000000e+01
7.020000000000000000e+02 1.642000000000000000e+03 2.800000000000000000e+01
7.026000000000000227e+02 1.642599999999999909e+03 2.800000000000000000e+01
7.032000000000000455e+02 1.643000000000000000e+03 2.800000000000000000e+01
7.037999999999999545e+02 1.643599999999999909e+03 2.900000000000000000e+01
7.043999999999999773e+02 1.644400000000000091e+03 2.900000000000000000e+01
7.050000000000000000e+02 1.645200000000000045e+03 2.900000000000000000e+01
7.056000000000000227e+02 1.645799999999999955e+03 2.900000000000000000e+01
7.062000000000000455e+02 1.646599999999999909e+03 2.900000000000000000e+01
7.067999999999999545e+02 1.647200000000000045e+03 2.900000000000000000e+01
7.072000000000000455e+02 1.647799999999999955e+03 2.900000000000000000e+01
7.077999999999999545e+02 1.648200000000000045e+03 2.900000000000000000e+01
7.082000000000000455e+02 1.648799999999999955e+03 2.900000000000000000e+01
7.087999999999999545e+02 1.649200000000000045e+03 2.900000000000000000e+01
7.092000000000000455e+02 1.649799999999999955e+03 2.900000000000000000e+01
7.097999999999999545e+02 1.650200000000000045e+03 2.900000000000000000e+01
7.102000000000000455e+02 1.650799999999999955e+03 2.900000000000000000e+01
7.107999999999999545e+02 1.651200000000000045e+03 2.900000000000000000e+01
7.113999999999999773e+02 1.651599999999999909e+03 2.900000000000000000e+01
7.120000000000000000e+02 1.652000000000000000e+03 2.900000000000000000e+01
7.126000000000000227e+02 1.652400000000000091e+03 2.900000000000000000e+01
7.133999999999999773e+02 1.652599999999999909e+03 2.900000000000000000e+01
7.142000000000000455e+02 1.652799999999999955e+03 2.900000000000000000e+01
7.150000000000000000e+02 1.653000000000000000e+03 2.900000000000000000e+01
7.160000000000000000e+02 1.653000000000000000e+03 2.900000000000000000e+01
7.167999999999999545e+02 1.652799999999999955e+03 2.900000000000000000e+01
7.176000000000000227e+02 1.652599999999999909e+03 2.900000000000000000e+01
7.183999999999999773e+02 1.652400000000000091e+03 2.900000000000000000e+01
7.190000000000000000e+02 1.652000000000000000e+03 2.900000000000000000e+01
7.196000000000000227e+02 1.651599999999999909e+03 2.900000000000000000e+01
7.202000000000000455e+02 1.651200000000000045e+03 2.900000000000000000e+01
7.207999999999999545e+02 1.650799999999999955e+03 2.900000000000000000e+01
7.213999999999999773e+02 1.650200000000000045e+03 2.900000000000000000e+01
7.223999999999999773e+02 1.649799999999999955e+03 2.900000000000000000e+01
7.232000000000000455e+02 1.649599999999999909e+03 2.900000000000000000e+01
7.242000000000000455e+02 1.649799999999999955e+03 2.900000000000000000e+01
7.250000000000000000e+02 1.650200000000000045e+03 2.900000000000000000e+01
7.257999999999999545e+02 1.650799999999999955e+03 2.900000000000000000e+01
7.262000000000000455e+02 1.651599999999999909e+03 2.900000000000000000e+01
7.267999999999999545e+02 1.652400000000000091e+03 2.900000000000000000e+01
7.273999999999999773e+02 1.653200000000000045e+03 2.900000000000000000e+01
7.282000000000000455e+02 1.654000000000000000e+03 2.900000000000000000e+01
7.287999999999999545e+02 1.655000000000000000e+03 2.900000000000000000e+01
7.296000000000000227e+02 1.655799999999999955e+03 2.900000000000000000e+01
7.302000000000000455e+02 1.656599999999999909e+03 2.900000000000000000e+01
7.307999999999999545e+02 1.657200000000000045e+03 2.900000000000000000e+01
7.312000000000000455e+02 1.657799999999999955e+03 2.900000000000000000e+01
7.317999999999999545e+02 1.658200000000000045e+03 2.900000000000000000e+01
7.322000000000000455e+02 1.658799999999999955e+03 2.900000000000000000e+01
7.327999999999999545e+02 1.659200000000000045e+03 2.900000000000000000e+01
7.332000000000000455e+02 1.659799999999999955e+03 2.900000000000000000e+01
7.337999999999999545e+02 1.660200000000000045e+03 2.900000000000000000e+01
7.343999999999999773e+02 1.660799999999999955e+03 2.900000000000000000e+01
7.352000000000000455e+02 1.661400000000000091e+03 2.900000000000000000e+01
7.360000000000000000e+02 1.662000000000000000e+03 2.900000000000000000e+01
7.367999999999999545e+02 1.662599999999999909e+03 2.900000000000000000e+01
7.376000000000000227e+02 1.663200000000000045e+03 2.900000000000000000e+01
7.383999999999999773e+02 1.663799999999999955e+03 2.900000000000000000e+01
7.392000000000000455e+02 1.664200000000000045e+03 2.900000000000000000e+01
7.397999999999999545e+02 1.664799999999999955e+03 2.900000000000000000e+01
7.406000000000000227e+02 1.665200000000000045e+03 2.900000000000000000e+01
7.413999999999999773e+02 1.665599999999999909e+03 2.900000000000000000e+01
7.420000000000000000e+02 1.666000000000000000e+03 2.900000000000000000e+01
7.422500000000000000e+02 1.666250000000000000e+03 2.900000000000000000e+01
