3.680000000000000000e+02 9.226000000000000227e+02 1.900000000000000000e+01
3.690000000000000000e+02 9.223999999999999773e+02 1.900000000000000000e+01
3.700000000000000000e+02 9.222000000000000455e+02 1.900000000000000000e+01
3.710000000000000000e+02 9.220000000000000000e+02 1.900000000000000000e+01
3.720000000000000000e+02 9.220000000000000000e+02 1.900000000000000000e+01
3.730000000000000000e+02 9.220000000000000000e+02 1.900000000000000000e+01
3.740000000000000000e+02 9.220000000000000000e+02 1.900000000000000000e+01
3.748000000000000114e+02 9.217999999999999545e+02 1.900000000000000000e+01
3.756000000000000227e+02 9.216000000000000227e+02 1.900000000000000000e+01
3.763999999999999773e+02 9.213999999999999773e+02 1.900000000000000000e+01
3.771999999999999886e+02 9.212000000000000455e+02 1.900000000000000000e+01
3.778000000000000114e+02 9.207999999999999545e+02 1.900000000000000000e+01
3.786000000000000227e+02 9.206000000000000227e+02 1.900000000000000000e+01
3.793999999999999773e+02 9.203999999999999773e+02 1.900000000000000000e+01
3.797500000000000000e+02 9.202500000000000000e+02 1.900000000000000000e+01
