2.839999999999999858e+01 8.120000000000000000e+02 2.400000000000000000e+01
2.860000000000000142e+01 8.130000000000000000e+02 2.400000000000000000e+01
2.880000000000000071e+01 8.140000000000000000e+02 2.400000000000000000e+01
2.919999999999999929e+01 8.147999999999999545e+02 2.400000000000000000e+01
2.939999999999999858e+01 8.156000000000000227e+02 2.400000000000000000e+01
2.960000000000000142e+01 8.163999999999999773e+02 2.400000000000000000e+01
2.980000000000000071e+01 8.172000000000000455e+02 2.400000000000000000e+01
3.000000000000000000e+01 8.180000000000000000e+02 2.400000000000000000e+01
3.019999999999999929e+01 8.190000000000000000e+02 2.400000000000000000e+01
3.039999999999999858e+01 8.197999999999999545e+02 2.500000000000000000e+01
3.060000000000000142e+01 8.206000000000000227e+02 2.400000000000000000e+01
3.100000000000000000e+01 8.212000000000000455e+02 2.400000000000000000e+01
3.139999999999999858e+01 8.217999999999999545e+02 2.400000000000000000e+01
3.160000000000000142e+01 8.223999999999999773e+02 2.400000000000000000e+01
3.200000000000000000e+01 8.230000000000000000e+02 2.400000000000000000e+01
3.239999999999999858e+01 8.236000000000000227e+02 2.400000000000000000e+01
3.260000000000000142e+01 8.243999999999999773e+02 2.400000000000000000e+01
3.279999999999999716e+01 8.252000000000000455e+02 2.400000000000000000e+01
3.320000000000000284e+01 8.260000000000000000e+02 2.400000000000000000e+01
3.339999999999999858e+01 8.270000000000000000e+02 2.400000000000000000e+01
3.360000000000000142e+01 8.280000000000000000e+02 2.300000000000000000e+01
3.379999999999999716e+01 8.290000000000000000e+02 2.300000000000000000e+01
3.400000000000000000e+01 8.300000000000000000e+02 2.300000000000000000e+01
3.400000000000000000e+01 8.310000000000000000e+02 2.300000000000000000e+01
3.400000000000000000e+01 8.320000000000000000e+02 2.300000000000000000e+01
3.379999999999999716e+01 8.327999999999999545e+02 2.300000000000000000e+01
3.360000000000000142e+01 8.336000000000000227e+02 2.300000000000000000e+01
3.339999999999999858e+01 8.343999999999999773e+02 2.300000000000000000e+01
3.320000000000000284e+01 8.352000000000000455e+02 2.300000000000000000e+01
3.300000000000000000e+01 8.360000000000000000e+02 2.300000000000000000e+01
3.300000000000000000e+01 8.370000000000000000e+02 2.300000000000000000e+01
3.300000000000000000e+01 8.380000000000000000e+02 2.300000000000000000e+01
3.300000000000000000e+01 8.385000000000000000e+02 2.300000000000000000e+01
