4.093999999999999773e+02 5.362000000000000455e+02 3.000000000000000000e+00
4.100000000000000000e+02 5.366000000000000227e+02 4.000000000000000000e+00
4.103999999999999773e+02 5.370000000000000000e+02 4.000000000000000000e+00
4.108000000000000114e+02 5.373999999999999773e+02 4.000000000000000000e+00
4.113999999999999773e+02 5.377999999999999545e+02 4.000000000000000000e+00
4.120000000000000000e+02 5.382000000000000455e+02 4.000000000000000000e+00
4.126000000000000227e+02 5.387999999999999545e+02 5.000000000000000000e+00
4.133999999999999773e+02 5.392000000000000455e+02 5.000000000000000000e+00
4.140000000000000000e+02 5.397999999999999545e+02 5.000000000000000000e+00
4.146000000000000227e+02 5.402000000000000455e+02 5.000000000000000000e+00
4.150000000000000000e+02 5.405000000000000000e+02 6.000000000000000000e+00
