5.900000000000000000e+02 1.199999999999999956e+00 1.800000000000000000e+01
5.902000000000000455e+02 1.800000000000000044e+00 1.800000000000000000e+01
5.903999999999999773e+02 2.600000000000000089e+00 1.800000000000000000e+01
5.906000000000000227e+02 3.399999999999999911e+00 1.800000000000000000e+01
5.907999999999999545e+02 4.200000000000000178e+00 1.800000000000000000e+01
5.910000000000000000e+02 5.000000000000000000e+00 1.800000000000000000e+01
5.910000000000000000e+02 6.000000000000000000e+00 1.700000000000000000e+01
5.907999999999999545e+02 7.000000000000000000e+00 1.700000000000000000e+01
5.906000000000000227e+02 8.000000000000000000e+00 1.700000000000000000e+01
5.902000000000000455e+02 8.800000000000000711e+00 1.700000000000000000e+01
5.897999999999999545e+02 9.599999999999999645e+00 1.700000000000000000e+01
5.893999999999999773e+02 1.040000000000000036e+01 1.700000000000000000e+01
5.890000000000000000e+02 1.119999999999999929e+01 1.700000000000000000e+01
5.886000000000000227e+02 1.200000000000000000e+01 1.700000000000000000e+01
5.883999999999999773e+02 1.300000000000000000e+01 1.700000000000000000e+01
5.882000000000000455e+02 1.400000000000000000e+01 1.700000000000000000e+01
5.877999999999999545e+02 1.480000000000000071e+01 1.700000000000000000e+01
5.876000000000000227e+02 1.559999999999999964e+01 1.700000000000000000e+01
5.873999999999999773e+02 1.639999999999999858e+01 1.700000000000000000e+01
5.872000000000000455e+02 1.719999999999999929e+01 1.700000000000000000e+01
5.870000000000000000e+02 1.800000000000000000e+01 1.700000000000000000e+01
5.872000000000000455e+02 1.900000000000000000e+01 1.700000000000000000e+01
5.873999999999999773e+02 2.000000000000000000e+01 1.700000000000000000e+01
5.876000000000000227e+02 2.100000000000000000e+01 1.700000000000000000e+01
5.877999999999999545e+02 2.200000000000000000e+01 1.700000000000000000e+01
5.880000000000000000e+02 2.300000000000000000e+01 1.700000000000000000e+01
5.880000000000000000e+02 2.400000000000000000e+01 1.700000000000000000e+01
5.882000000000000455e+02 2.480000000000000071e+01 1.700000000000000000e+01
5.883999999999999773e+02 2.560000000000000142e+01 1.700000000000000000e+01
5.886000000000000227e+02 2.639999999999999858e+01 1.700000000000000000e+01
5.887999999999999545e+02 2.719999999999999929e+01 1.700000000000000000e+01
5.892000000000000455e+02 2.780000000000000071e+01 1.700000000000000000e+01
5.893999999999999773e+02 2.860000000000000142e+01 1.700000000000000000e+01
5.896000000000000227e+02 2.939999999999999858e+01 1.700000000000000000e+01
5.897999999999999545e+02 3.019999999999999929e+01 1.700000000000000000e+01
5.902000000000000455e+02 3.080000000000000071e+01 1.700000000000000000e+01
5.903999999999999773e+02 3.160000000000000142e+01 1.700000000000000000e+01
5.906000000000000227e+02 3.239999999999999858e+01 1.700000000000000000e+01
5.907999999999999545e+02 3.320000000000000284e+01 1.700000000000000000e+01
5.912000000000000455e+02 3.379999999999999716e+01 1.700000000000000000e+01
5.912500000000000000e+02 3.425000000000000000e+01 1.700000000000000000e+01
