3.270000000000000000e+02 1.438000000000000000e+03 2.900000000000000000e+01
3.270000000000000000e+02 1.439000000000000000e+03 2.900000000000000000e+01
3.270000000000000000e+02 1.440000000000000000e+03 2.900000000000000000e+01
3.270000000000000000e+02 1.441000000000000000e+03 2.900000000000000000e+01
3.268000000000000114e+02 1.441799999999999955e+03 2.900000000000000000e+01
3.266000000000000227e+02 1.442599999999999909e+03 2.900000000000000000e+01
3.263999999999999773e+02 1.443400000000000091e+03 3.000000000000000000e+01
3.261999999999999886e+02 1.444200000000000045e+03 3.000000000000000000e+01
3.260000000000000000e+02 1.445000000000000000e+03 3.000000000000000000e+01
3.258000000000000114e+02 1.445799999999999955e+03 3.000000000000000000e+01
3.256000000000000227e+02 1.446599999999999909e+03 3.000000000000000000e+01
3.253999999999999773e+02 1.447400000000000091e+03 3.000000000000000000e+01
3.250000000000000000e+02 1.448000000000000000e+03 3.000000000000000000e+01
3.246000000000000227e+02 1.448599999999999909e+03 3.000000000000000000e+01
3.241999999999999886e+02 1.449200000000000045e+03 3.000000000000000000e+01
3.238000000000000114e+02 1.449799999999999955e+03 3.000000000000000000e+01
3.231999999999999886e+02 1.450200000000000045e+03 3.000000000000000000e+01
3.228000000000000114e+02 1.450799999999999955e+03 3.100000000000000000e+01
3.221999999999999886e+02 1.451200000000000045e+03 3.100000000000000000e+01
3.216000000000000227e+02 1.451599999999999909e+03 3.100000000000000000e+01
3.210000000000000000e+02 1.452000000000000000e+03 3.100000000000000000e+01
3.203999999999999773e+02 1.452400000000000091e+03 3.100000000000000000e+01
3.196000000000000227e+02 1.452599999999999909e+03 3.100000000000000000e+01
3.188000000000000114e+02 1.452799999999999955e+03 3.100000000000000000e+01
3.180000000000000000e+02 1.453000000000000000e+03 3.100000000000000000e+01
3.171999999999999886e+02 1.453200000000000045e+03 3.100000000000000000e+01
3.163999999999999773e+02 1.453400000000000091e+03 3.100000000000000000e+01
3.156000000000000227e+02 1.453599999999999909e+03 3.100000000000000000e+01
3.148000000000000114e+02 1.453799999999999955e+03 3.100000000000000000e+01
3.140000000000000000e+02 1.454000000000000000e+03 3.100000000000000000e+01
3.131999999999999886e+02 1.454200000000000045e+03 3.100000000000000000e+01
3.123999999999999773e+02 1.454400000000000091e+03 3.100000000000000000e+01
3.116000000000000227e+02 1.454599999999999909e+03 3.100000000000000000e+01
3.108000000000000114e+02 1.454799999999999955e+03 3.100000000000000000e+01
3.100000000000000000e+02 1.455200000000000045e+03 3.100000000000000000e+01
3.090000000000000000e+02 1.455400000000000091e+03 3.100000000000000000e+01
3.080000000000000000e+02 1.455599999999999909e+03 3.100000000000000000e+01
3.070000000000000000e+02 1.456000000000000000e+03 3.100000000000000000e+01
3.061999999999999886e+02 1.456599999999999909e+03 3.000000000000000000e+01
3.057500000000000000e+02 1.456750000000000000e+03 3.000000000000000000e+01
