2.593999999999999773e+02 1.204599999999999909e+03 2.900000000000000000e+01
2.601999999999999886e+02 1.204799999999999955e+03 2.900000000000000000e+01
2.608000000000000114e+02 1.205200000000000045e+03 2.900000000000000000e+01
2.616000000000000227e+02 1.205400000000000091e+03 2.900000000000000000e+01
2.623999999999999773e+02 1.205599999999999909e+03 2.900000000000000000e+01
2.631999999999999886e+02 1.205799999999999955e+03 2.900000000000000000e+01
2.640000000000000000e+02 1.206000000000000000e+03 2.900000000000000000e+01
2.648000000000000114e+02 1.206200000000000045e+03 2.900000000000000000e+01
2.656000000000000227e+02 1.206400000000000091e+03 2.900000000000000000e+01
2.663999999999999773e+02 1.206599999999999909e+03 2.900000000000000000e+01
2.671999999999999886e+02 1.206799999999999955e+03 2.900000000000000000e+01
2.680000000000000000e+02 1.207000000000000000e+03 2.900000000000000000e+01
2.685000000000000000e+02 1.207000000000000000e+03 2.900000000000000000e+01
