4.508000000000000114e+02 7.272000000000000455e+02 6.000000000000000000e+00
4.511999999999999886e+02 7.277999999999999545e+02 6.000000000000000000e+00
4.518000000000000114e+02 7.283999999999999773e+02 6.000000000000000000e+00
4.523999999999999773e+02 7.292000000000000455e+02 7.000000000000000000e+00
4.531999999999999886e+02 7.300000000000000000e+02 7.000000000000000000e+00
4.540000000000000000e+02 7.310000000000000000e+02 7.000000000000000000e+00
4.548000000000000114e+02 7.320000000000000000e+02 7.000000000000000000e+00
4.556000000000000227e+02 7.327999999999999545e+02 7.000000000000000000e+00
4.561999999999999886e+02 7.336000000000000227e+02 7.000000000000000000e+00
4.568000000000000114e+02 7.343999999999999773e+02 7.000000000000000000e+00
4.573999999999999773e+02 7.352000000000000455e+02 7.000000000000000000e+00
4.580000000000000000e+02 7.360000000000000000e+02 7.000000000000000000e+00
4.583999999999999773e+02 7.367999999999999545e+02 7.000000000000000000e+00
4.590000000000000000e+02 7.373999999999999773e+02 6.000000000000000000e+00
4.593999999999999773e+02 7.380000000000000000e+02 6.000000000000000000e+00
4.598000000000000114e+02 7.386000000000000227e+02 6.000000000000000000e+00
4.601999999999999886e+02 7.392000000000000455e+02 6.000000000000000000e+00
4.608000000000000114e+02 7.397999999999999545e+02 6.000000000000000000e+00
4.611999999999999886e+02 7.406000000000000227e+02 6.000000000000000000e+00
4.618000000000000114e+02 7.412000000000000455e+02 5.000000000000000000e+00
4.621999999999999886e+02 7.417999999999999545e+02 5.000000000000000000e+00
4.628000000000000114e+02 7.422000000000000455e+02 5.000000000000000000e+00
4.631999999999999886e+02 7.427999999999999545e+02 5.000000000000000000e+00
4.638000000000000114e+02 7.432000000000000455e+02 5.000000000000000000e+00
4.641999999999999886e+02 7.437999999999999545e+02 5.000000000000000000e+00
4.648000000000000114e+02 7.442000000000000455e+02 5.000000000000000000e+00
4.651999999999999886e+02 7.447999999999999545e+02 4.000000000000000000e+00
4.658000000000000114e+02 7.452000000000000455e+02 4.000000000000000000e+00
4.661999999999999886e+02 7.457999999999999545e+02 4.000000000000000000e+00
4.668000000000000114e+02 7.462000000000000455e+02 4.000000000000000000e+00
4.671999999999999886e+02 7.467999999999999545e+02 4.000000000000000000e+00
4.678000000000000114e+02 7.472000000000000455e+02 4.000000000000000000e+00
4.683999999999999773e+02 7.477999999999999545e+02 4.000000000000000000e+00
4.691999999999999886e+02 7.482000000000000455e+02 4.000000000000000000e+00
4.700000000000000000e+02 7.487999999999999545e+02 4.000000000000000000e+00
4.710000000000000000e+02 7.492000000000000455e+02 4.000000000000000000e+00
4.718000000000000114e+02 7.497999999999999545e+02 4.000000000000000000e+00
4.726000000000000227e+02 7.502000000000000455e+02 4.000000000000000000e+00
4.733999999999999773e+02 7.507999999999999545e+02 4.000000000000000000e+00
4.741999999999999886e+02 7.512000000000000455e+02 4.000000000000000000e+00
4.745000000000000000e+02 7.515000000000000000e+02 4.000000000000000000e+00
