2.876000000000000227e+02 1.206200000000000045e+03 2.900000000000000000e+01
2.883999999999999773e+02 1.206799999999999955e+03 2.900000000000000000e+01
2.891999999999999886e+02 1.207200000000000045e+03 2.900000000000000000e+01
2.898000000000000114e+02 1.207799999999999955e+03 2.900000000000000000e+01
2.906000000000000227e+02 1.208200000000000045e+03 2.900000000000000000e+01
2.913999999999999773e+02 1.208799999999999955e+03 2.900000000000000000e+01
2.920000000000000000e+02 1.209400000000000091e+03 2.900000000000000000e+01
2.926000000000000227e+02 1.210000000000000000e+03 2.900000000000000000e+01
2.931999999999999886e+02 1.210599999999999909e+03 2.900000000000000000e+01
2.938000000000000114e+02 1.211200000000000045e+03 2.900000000000000000e+01
2.941999999999999886e+02 1.211599999999999909e+03 2.900000000000000000e+01
2.946000000000000227e+02 1.212000000000000000e+03 3.000000000000000000e+01
2.950000000000000000e+02 1.212400000000000091e+03 3.000000000000000000e+01
2.953999999999999773e+02 1.212799999999999955e+03 3.000000000000000000e+01
2.958000000000000114e+02 1.213200000000000045e+03 3.000000000000000000e+01
2.961999999999999886e+02 1.213799999999999955e+03 3.000000000000000000e+01
2.966000000000000227e+02 1.214400000000000091e+03 3.000000000000000000e+01
2.970000000000000000e+02 1.215000000000000000e+03 3.000000000000000000e+01
2.973999999999999773e+02 1.215599999999999909e+03 3.000000000000000000e+01
2.976000000000000227e+02 1.216400000000000091e+03 3.000000000000000000e+01
2.980000000000000000e+02 1.217200000000000045e+03 3.100000000000000000e+01
2.983999999999999773e+02 1.218000000000000000e+03 3.100000000000000000e+01
2.986000000000000227e+02 1.219000000000000000e+03 3.100000000000000000e+01
2.988000000000000114e+02 1.220000000000000000e+03 3.100000000000000000e+01
2.991999999999999886e+02 1.220799999999999955e+03 3.100000000000000000e+01
2.992500000000000000e+02 1.221250000000000000e+03 3.200000000000000000e+01
