5.031999999999999886e+02 1.597200000000000045e+03 2.900000000000000000e+01
5.038000000000000114e+02 1.596799999999999955e+03 2.900000000000000000e+01
5.046000000000000227e+02 1.596599999999999909e+03 2.900000000000000000e+01
5.053999999999999773e+02 1.596400000000000091e+03 2.900000000000000000e+01
5.061999999999999886e+02 1.596200000000000045e+03 2.900000000000000000e+01
5.070000000000000000e+02 1.596000000000000000e+03 2.900000000000000000e+01
5.078000000000000114e+02 1.595799999999999955e+03 2.900000000000000000e+01
5.086000000000000227e+02 1.595599999999999909e+03 2.900000000000000000e+01
5.093999999999999773e+02 1.595400000000000091e+03 2.900000000000000000e+01
5.101999999999999886e+02 1.595200000000000045e+03 2.900000000000000000e+01
5.110000000000000000e+02 1.595000000000000000e+03 2.900000000000000000e+01
5.120000000000000000e+02 1.595000000000000000e+03 2.900000000000000000e+01
5.130000000000000000e+02 1.595000000000000000e+03 2.900000000000000000e+01
5.140000000000000000e+02 1.595000000000000000e+03 2.900000000000000000e+01
5.150000000000000000e+02 1.595200000000000045e+03 2.900000000000000000e+01
5.155000000000000000e+02 1.595250000000000000e+03 2.900000000000000000e+01
