7.247999999999999545e+02 1.647799999999999955e+03 2.900000000000000000e+01
7.253999999999999773e+02 1.647400000000000091e+03 2.900000000000000000e+01
7.260000000000000000e+02 1.647000000000000000e+03 2.900000000000000000e+01
7.266000000000000227e+02 1.646599999999999909e+03 2.900000000000000000e+01
7.272000000000000455e+02 1.646200000000000045e+03 2.900000000000000000e+01
7.277999999999999545e+02 1.645799999999999955e+03 2.900000000000000000e+01
7.283999999999999773e+02 1.645400000000000091e+03 2.800000000000000000e+01
7.290000000000000000e+02 1.645000000000000000e+03 2.800000000000000000e+01
7.296000000000000227e+02 1.644599999999999909e+03 2.800000000000000000e+01
7.303999999999999773e+02 1.644400000000000091e+03 2.800000000000000000e+01
7.310000000000000000e+02 1.644000000000000000e+03 2.800000000000000000e+01
7.316000000000000227e+02 1.643599999999999909e+03 2.800000000000000000e+01
7.323999999999999773e+02 1.643400000000000091e+03 2.800000000000000000e+01
7.332000000000000455e+02 1.643200000000000045e+03 2.800000000000000000e+01
7.337999999999999545e+02 1.642799999999999955e+03 2.800000000000000000e+01
7.346000000000000227e+02 1.642599999999999909e+03 2.800000000000000000e+01
7.353999999999999773e+02 1.642400000000000091e+03 2.800000000000000000e+01
7.362000000000000455e+02 1.642200000000000045e+03 2.800000000000000000e+01
7.367999999999999545e+02 1.641799999999999955e+03 2.800000000000000000e+01
7.376000000000000227e+02 1.641599999999999909e+03 2.800000000000000000e+01
7.382000000000000455e+02 1.641400000000000091e+03 2.800000000000000000e+01
7.387999999999999545e+02 1.641200000000000045e+03 2.700000000000000000e+01
7.393999999999999773e+02 1.641000000000000000e+03 2.700000000000000000e+01
7.400000000000000000e+02 1.640799999999999955e+03 2.700000000000000000e+01
7.406000000000000227e+02 1.640599999999999909e+03 2.700000000000000000e+01
7.412000000000000455e+02 1.640200000000000045e+03 2.700000000000000000e+01
7.417999999999999545e+02 1.639799999999999955e+03 2.700000000000000000e+01
7.422000000000000455e+02 1.639200000000000045e+03 2.700000000000000000e+01
7.427999999999999545e+02 1.638799999999999955e+03 2.700000000000000000e+01
7.432000000000000455e+02 1.638200000000000045e+03 2.700000000000000000e+01
7.437999999999999545e+02 1.637599999999999909e+03 2.700000000000000000e+01
7.442000000000000455e+02 1.636799999999999955e+03 2.700000000000000000e+01
7.446000000000000227e+02 1.636000000000000000e+03 2.700000000000000000e+01
7.447999999999999545e+02 1.635000000000000000e+03 2.700000000000000000e+01
7.450000000000000000e+02 1.634200000000000045e+03 2.700000000000000000e+01
7.450000000000000000e+02 1.633400000000000091e+03 2.600000000000000000e+01
7.450000000000000000e+02 1.632599999999999909e+03 2.600000000000000000e+01
7.452000000000000455e+02 1.632000000000000000e+03 2.600000000000000000e+01
7.453999999999999773e+02 1.631400000000000091e+03 2.600000000000000000e+01
7.456000000000000227e+02 1.630599999999999909e+03 2.600000000000000000e+01
7.457999999999999545e+02 1.629799999999999955e+03 2.600000000000000000e+01
7.460000000000000000e+02 1.629000000000000000e+03 2.600000000000000000e+01
7.460000000000000000e+02 1.628000000000000000e+03 2.600000000000000000e+01
7.460000000000000000e+02 1.627000000000000000e+03 2.600000000000000000e+01
7.460000000000000000e+02 1.626000000000000000e+03 2.600000000000000000e+01
7.460000000000000000e+02 1.625000000000000000e+03 2.600000000000000000e+01
7.460000000000000000e+02 1.624000000000000000e+03 2.600000000000000000e+01
7.460000000000000000e+02 1.623000000000000000e+03 2.600000000000000000e+01
7.462000000000000455e+02 1.622200000000000045e+03 2.600000000000000000e+01
7.463999999999999773e+02 1.621400000000000091e+03 2.600000000000000000e+01
7.467999999999999545e+02 1.620799999999999955e+03 2.600000000000000000e+01
7.472000000000000455e+02 1.620200000000000045e+03 2.600000000000000000e+01
7.477999999999999545e+02 1.619799999999999955e+03 2.600000000000000000e+01
7.482000000000000455e+02 1.619200000000000045e+03 2.600000000000000000e+01
7.487999999999999545e+02 1.618799999999999955e+03 2.600000000000000000e+01
7.493999999999999773e+02 1.618400000000000091e+03 2.600000000000000000e+01
7.502000000000000455e+02 1.618200000000000045e+03 2.600000000000000000e+01
7.510000000000000000e+02 1.618000000000000000e+03 2.600000000000000000e+01
7.517999999999999545e+02 1.617799999999999955e+03 2.600000000000000000e+01
7.526000000000000227e+02 1.617599999999999909e+03 2.600000000000000000e+01
7.533999999999999773e+02 1.617400000000000091e+03 2.600000000000000000e+01
7.542000000000000455e+02 1.617200000000000045e+03 2.600000000000000000e+01
7.545000000000000000e+02 1.617000000000000000e+03 2.600000000000000000e+01
