3.863999999999999773e+02 9.193999999999999773e+02 1.800000000000000000e+01
3.870000000000000000e+02 9.190000000000000000e+02 1.800000000000000000e+01
3.876000000000000227e+02 9.186000000000000227e+02 1.800000000000000000e+01
3.881999999999999886e+02 9.182000000000000455e+02 1.800000000000000000e+01
3.888000000000000114e+02 9.177999999999999545e+02 1.800000000000000000e+01
3.893999999999999773e+02 9.172000000000000455e+02 1.800000000000000000e+01
3.901999999999999886e+02 9.167999999999999545e+02 1.800000000000000000e+01
3.908000000000000114e+02 9.162000000000000455e+02 1.800000000000000000e+01
3.913999999999999773e+02 9.156000000000000227e+02 1.900000000000000000e+01
3.920000000000000000e+02 9.150000000000000000e+02 1.900000000000000000e+01
3.923999999999999773e+02 9.143999999999999773e+02 1.900000000000000000e+01
3.926000000000000227e+02 9.136000000000000227e+02 1.900000000000000000e+01
3.930000000000000000e+02 9.130000000000000000e+02 2.000000000000000000e+01
3.933999999999999773e+02 9.123999999999999773e+02 2.000000000000000000e+01
3.936000000000000227e+02 9.116000000000000227e+02 2.000000000000000000e+01
3.938000000000000114e+02 9.107999999999999545e+02 2.000000000000000000e+01
3.941999999999999886e+02 9.102000000000000455e+02 2.000000000000000000e+01
3.943999999999999773e+02 9.093999999999999773e+02 2.000000000000000000e+01
3.946000000000000227e+02 9.087999999999999545e+02 2.000000000000000000e+01
3.948000000000000114e+02 9.082000000000000455e+02 2.100000000000000000e+01
3.951999999999999886e+02 9.076000000000000227e+02 2.100000000000000000e+01
3.953999999999999773e+02 9.067999999999999545e+02 2.100000000000000000e+01
3.958000000000000114e+02 9.060000000000000000e+02 2.100000000000000000e+01
3.961999999999999886e+02 9.050000000000000000e+02 2.100000000000000000e+01
3.968000000000000114e+02 9.042000000000000455e+02 2.100000000000000000e+01
3.971999999999999886e+02 9.033999999999999773e+02 2.000000000000000000e+01
3.976000000000000227e+02 9.026000000000000227e+02 2.000000000000000000e+01
3.980000000000000000e+02 9.020000000000000000e+02 2.000000000000000000e+01
3.983999999999999773e+02 9.013999999999999773e+02 2.000000000000000000e+01
3.988000000000000114e+02 9.006000000000000227e+02 2.000000000000000000e+01
3.990000000000000000e+02 9.002500000000000000e+02 2.000000000000000000e+01
