5.860000000000000000e+02 1.707000000000000000e+03 2.800000000000000000e+01
5.862000000000000455e+02 1.707799999999999955e+03 2.800000000000000000e+01
5.863999999999999773e+02 1.708599999999999909e+03 2.800000000000000000e+01
5.866000000000000227e+02 1.709400000000000091e+03 2.800000000000000000e+01
5.870000000000000000e+02 1.710200000000000045e+03 2.800000000000000000e+01
5.873999999999999773e+02 1.711000000000000000e+03 2.800000000000000000e+01
5.877999999999999545e+02 1.711799999999999955e+03 2.800000000000000000e+01
5.882000000000000455e+02 1.712599999999999909e+03 2.800000000000000000e+01
5.887999999999999545e+02 1.713200000000000045e+03 2.800000000000000000e+01
5.892000000000000455e+02 1.713799999999999955e+03 2.800000000000000000e+01
5.896000000000000227e+02 1.714400000000000091e+03 2.800000000000000000e+01
5.900000000000000000e+02 1.715000000000000000e+03 2.800000000000000000e+01
5.903999999999999773e+02 1.715599999999999909e+03 2.800000000000000000e+01
5.907999999999999545e+02 1.716200000000000045e+03 2.800000000000000000e+01
5.913999999999999773e+02 1.716799999999999955e+03 2.800000000000000000e+01
5.922000000000000455e+02 1.717400000000000091e+03 2.800000000000000000e+01
5.930000000000000000e+02 1.718000000000000000e+03 2.800000000000000000e+01
5.937999999999999545e+02 1.718599999999999909e+03 2.800000000000000000e+01
5.946000000000000227e+02 1.719200000000000045e+03 2.800000000000000000e+01
5.952000000000000455e+02 1.719799999999999955e+03 2.800000000000000000e+01
5.957999999999999545e+02 1.720200000000000045e+03 2.800000000000000000e+01
5.963999999999999773e+02 1.720799999999999955e+03 2.800000000000000000e+01
5.967500000000000000e+02 1.721000000000000000e+03 2.800000000000000000e+01
