4.540000000000000000e+02 1.476799999999999955e+03 2.500000000000000000e+01
4.540000000000000000e+02 1.477400000000000091e+03 2.500000000000000000e+01
4.540000000000000000e+02 1.478000000000000000e+03 2.500000000000000000e+01
4.540000000000000000e+02 1.478599999999999909e+03 2.400000000000000000e+01
4.540000000000000000e+02 1.479200000000000045e+03 2.400000000000000000e+01
4.540000000000000000e+02 1.479799999999999955e+03 2.300000000000000000e+01
4.540000000000000000e+02 1.480200000000000045e+03 2.300000000000000000e+01
4.540000000000000000e+02 1.480799999999999955e+03 2.200000000000000000e+01
4.538000000000000114e+02 1.481200000000000045e+03 2.200000000000000000e+01
4.536000000000000227e+02 1.481799999999999955e+03 2.100000000000000000e+01
4.535000000000000000e+02 1.482000000000000000e+03 2.100000000000000000e+01
