2.680000000000000000e+02 1.093000000000000000e+03 2.400000000000000000e+01
2.686000000000000227e+02 1.093400000000000091e+03 2.400000000000000000e+01
2.693999999999999773e+02 1.093599999999999909e+03 2.400000000000000000e+01
2.701999999999999886e+02 1.094000000000000000e+03 2.400000000000000000e+01
2.710000000000000000e+02 1.094400000000000091e+03 2.400000000000000000e+01
2.720000000000000000e+02 1.094599999999999909e+03 2.400000000000000000e+01
2.730000000000000000e+02 1.094799999999999955e+03 2.400000000000000000e+01
2.738000000000000114e+02 1.095200000000000045e+03 2.400000000000000000e+01
2.746000000000000227e+02 1.095400000000000091e+03 2.400000000000000000e+01
2.753999999999999773e+02 1.095599999999999909e+03 2.400000000000000000e+01
2.761999999999999886e+02 1.095799999999999955e+03 2.400000000000000000e+01
2.770000000000000000e+02 1.096000000000000000e+03 2.400000000000000000e+01
2.780000000000000000e+02 1.096000000000000000e+03 2.400000000000000000e+01
2.790000000000000000e+02 1.096000000000000000e+03 2.400000000000000000e+01
2.798000000000000114e+02 1.096200000000000045e+03 2.400000000000000000e+01
2.806000000000000227e+02 1.096400000000000091e+03 2.400000000000000000e+01
2.813999999999999773e+02 1.096599999999999909e+03 2.400000000000000000e+01
2.820000000000000000e+02 1.097000000000000000e+03 2.400000000000000000e+01
2.826000000000000227e+02 1.097400000000000091e+03 2.400000000000000000e+01
2.833999999999999773e+02 1.097599999999999909e+03 2.400000000000000000e+01
2.840000000000000000e+02 1.098000000000000000e+03 2.400000000000000000e+01
2.846000000000000227e+02 1.098400000000000091e+03 2.400000000000000000e+01
2.851999999999999886e+02 1.098799999999999955e+03 2.400000000000000000e+01
2.858000000000000114e+02 1.099200000000000045e+03 2.400000000000000000e+01
2.861999999999999886e+02 1.099799999999999955e+03 2.400000000000000000e+01
2.868000000000000114e+02 1.100200000000000045e+03 2.400000000000000000e+01
2.873999999999999773e+02 1.100799999999999955e+03 2.400000000000000000e+01
2.880000000000000000e+02 1.101400000000000091e+03 2.400000000000000000e+01
2.886000000000000227e+02 1.102000000000000000e+03 2.400000000000000000e+01
2.891999999999999886e+02 1.102599999999999909e+03 2.400000000000000000e+01
2.898000000000000114e+02 1.103200000000000045e+03 2.400000000000000000e+01
2.901999999999999886e+02 1.103799999999999955e+03 2.400000000000000000e+01
2.908000000000000114e+02 1.104200000000000045e+03 2.400000000000000000e+01
2.911999999999999886e+02 1.104799999999999955e+03 2.400000000000000000e+01
2.918000000000000114e+02 1.105200000000000045e+03 2.400000000000000000e+01
2.921999999999999886e+02 1.105799999999999955e+03 2.400000000000000000e+01
2.928000000000000114e+02 1.106200000000000045e+03 2.500000000000000000e+01
2.931999999999999886e+02 1.106799999999999955e+03 2.500000000000000000e+01
2.938000000000000114e+02 1.107200000000000045e+03 2.500000000000000000e+01
2.941999999999999886e+02 1.107799999999999955e+03 2.500000000000000000e+01
2.948000000000000114e+02 1.108200000000000045e+03 2.500000000000000000e+01
2.953999999999999773e+02 1.108799999999999955e+03 2.500000000000000000e+01
2.961999999999999886e+02 1.109200000000000045e+03 2.500000000000000000e+01
2.968000000000000114e+02 1.109799999999999955e+03 2.500000000000000000e+01
2.976000000000000227e+02 1.110200000000000045e+03 2.500000000000000000e+01
2.983999999999999773e+02 1.110799999999999955e+03 2.500000000000000000e+01
2.991999999999999886e+02 1.111200000000000045e+03 2.600000000000000000e+01
3.000000000000000000e+02 1.111599999999999909e+03 2.600000000000000000e+01
3.010000000000000000e+02 1.111799999999999955e+03 2.600000000000000000e+01
3.020000000000000000e+02 1.112000000000000000e+03 2.600000000000000000e+01
3.028000000000000114e+02 1.112200000000000045e+03 2.600000000000000000e+01
3.036000000000000227e+02 1.112400000000000091e+03 2.600000000000000000e+01
3.043999999999999773e+02 1.112599999999999909e+03 2.600000000000000000e+01
3.051999999999999886e+02 1.112799999999999955e+03 2.600000000000000000e+01
3.060000000000000000e+02 1.113200000000000045e+03 2.600000000000000000e+01
3.070000000000000000e+02 1.113400000000000091e+03 2.600000000000000000e+01
3.080000000000000000e+02 1.113599999999999909e+03 2.600000000000000000e+01
3.090000000000000000e+02 1.114000000000000000e+03 2.600000000000000000e+01
3.100000000000000000e+02 1.114400000000000091e+03 2.600000000000000000e+01
3.108000000000000114e+02 1.114599999999999909e+03 2.600000000000000000e+01
3.116000000000000227e+02 1.114799999999999955e+03 2.700000000000000000e+01
3.121999999999999886e+02 1.115200000000000045e+03 2.700000000000000000e+01
3.128000000000000114e+02 1.115400000000000091e+03 2.700000000000000000e+01
3.133999999999999773e+02 1.115599999999999909e+03 2.700000000000000000e+01
3.140000000000000000e+02 1.116000000000000000e+03 2.700000000000000000e+01
3.146000000000000227e+02 1.116400000000000091e+03 2.700000000000000000e+01
3.153999999999999773e+02 1.116599999999999909e+03 2.700000000000000000e+01
3.160000000000000000e+02 1.117000000000000000e+03 2.700000000000000000e+01
3.166000000000000227e+02 1.117400000000000091e+03 2.700000000000000000e+01
3.173999999999999773e+02 1.117599999999999909e+03 2.700000000000000000e+01
3.180000000000000000e+02 1.118000000000000000e+03 2.700000000000000000e+01
3.186000000000000227e+02 1.118400000000000091e+03 2.700000000000000000e+01
3.193999999999999773e+02 1.118599999999999909e+03 2.700000000000000000e+01
3.200000000000000000e+02 1.119000000000000000e+03 2.700000000000000000e+01
3.206000000000000227e+02 1.119400000000000091e+03 2.700000000000000000e+01
3.213999999999999773e+02 1.119799999999999955e+03 2.700000000000000000e+01
3.221999999999999886e+02 1.120200000000000045e+03 2.700000000000000000e+01
3.228000000000000114e+02 1.120599999999999909e+03 2.700000000000000000e+01
3.236000000000000227e+02 1.121000000000000000e+03 2.800000000000000000e+01
3.243999999999999773e+02 1.121400000000000091e+03 2.800000000000000000e+01
3.251999999999999886e+02 1.121799999999999955e+03 2.800000000000000000e+01
3.260000000000000000e+02 1.122200000000000045e+03 2.800000000000000000e+01
3.268000000000000114e+02 1.122799999999999955e+03 2.800000000000000000e+01
3.276000000000000227e+02 1.123200000000000045e+03 2.800000000000000000e+01
3.283999999999999773e+02 1.123599999999999909e+03 2.800000000000000000e+01
3.290000000000000000e+02 1.124000000000000000e+03 2.800000000000000000e+01
3.296000000000000227e+02 1.124400000000000091e+03 2.800000000000000000e+01
3.303999999999999773e+02 1.124599999999999909e+03 2.800000000000000000e+01
3.310000000000000000e+02 1.125000000000000000e+03 2.800000000000000000e+01
3.316000000000000227e+02 1.125400000000000091e+03 2.800000000000000000e+01
3.323999999999999773e+02 1.125599999999999909e+03 2.800000000000000000e+01
3.331999999999999886e+02 1.125599999999999909e+03 2.800000000000000000e+01
3.338000000000000114e+02 1.125400000000000091e+03 2.800000000000000000e+01
3.343999999999999773e+02 1.124799999999999955e+03 2.800000000000000000e+01
3.350000000000000000e+02 1.124200000000000045e+03 2.800000000000000000e+01
3.353999999999999773e+02 1.123400000000000091e+03 2.800000000000000000e+01
3.356000000000000227e+02 1.122599999999999909e+03 2.800000000000000000e+01
3.358000000000000114e+02 1.122000000000000000e+03 2.700000000000000000e+01
3.360000000000000000e+02 1.121400000000000091e+03 2.800000000000000000e+01
3.361999999999999886e+02 1.120799999999999955e+03 2.700000000000000000e+01
3.363999999999999773e+02 1.120200000000000045e+03 2.700000000000000000e+01
3.366000000000000227e+02 1.119599999999999909e+03 2.700000000000000000e+01
3.368000000000000114e+02 1.118799999999999955e+03 2.700000000000000000e+01
3.371999999999999886e+02 1.118200000000000045e+03 2.700000000000000000e+01
3.373999999999999773e+02 1.117400000000000091e+03 2.700000000000000000e+01
3.376000000000000227e+02 1.116599999999999909e+03 2.700000000000000000e+01
3.378000000000000114e+02 1.115799999999999955e+03 2.700000000000000000e+01
3.380000000000000000e+02 1.115000000000000000e+03 2.700000000000000000e+01
3.381999999999999886e+02 1.114200000000000045e+03 2.700000000000000000e+01
3.383999999999999773e+02 1.113400000000000091e+03 2.700000000000000000e+01
3.386000000000000227e+02 1.112599999999999909e+03 2.700000000000000000e+01
3.388000000000000114e+02 1.111799999999999955e+03 2.700000000000000000e+01
3.391999999999999886e+02 1.111200000000000045e+03 2.700000000000000000e+01
3.393999999999999773e+02 1.110400000000000091e+03 2.700000000000000000e+01
3.398000000000000114e+02 1.109599999999999909e+03 2.700000000000000000e+01
3.403999999999999773e+02 1.109000000000000000e+03 2.700000000000000000e+01
3.410000000000000000e+02 1.108400000000000091e+03 2.700000000000000000e+01
3.416000000000000227e+02 1.107799999999999955e+03 2.700000000000000000e+01
3.423999999999999773e+02 1.107400000000000091e+03 2.700000000000000000e+01
3.431999999999999886e+02 1.107200000000000045e+03 2.700000000000000000e+01
3.440000000000000000e+02 1.107000000000000000e+03 2.700000000000000000e+01
3.450000000000000000e+02 1.107000000000000000e+03 2.700000000000000000e+01
3.460000000000000000e+02 1.107000000000000000e+03 2.700000000000000000e+01
3.468000000000000114e+02 1.107200000000000045e+03 2.700000000000000000e+01
3.476000000000000227e+02 1.107400000000000091e+03 2.700000000000000000e+01
3.483999999999999773e+02 1.107599999999999909e+03 2.700000000000000000e+01
3.490000000000000000e+02 1.108000000000000000e+03 2.700000000000000000e+01
3.496000000000000227e+02 1.108400000000000091e+03 2.700000000000000000e+01
3.501999999999999886e+02 1.108799999999999955e+03 2.700000000000000000e+01
3.508000000000000114e+02 1.109200000000000045e+03 2.700000000000000000e+01
3.511999999999999886e+02 1.109799999999999955e+03 2.700000000000000000e+01
3.518000000000000114e+02 1.110200000000000045e+03 2.700000000000000000e+01
3.521999999999999886e+02 1.110799999999999955e+03 2.700000000000000000e+01
3.528000000000000114e+02 1.111200000000000045e+03 2.700000000000000000e+01
3.531999999999999886e+02 1.111799999999999955e+03 2.700000000000000000e+01
3.538000000000000114e+02 1.112200000000000045e+03 2.700000000000000000e+01
3.541999999999999886e+02 1.112799999999999955e+03 2.700000000000000000e+01
3.546000000000000227e+02 1.113400000000000091e+03 2.700000000000000000e+01
3.550000000000000000e+02 1.114000000000000000e+03 2.700000000000000000e+01
3.553999999999999773e+02 1.114599999999999909e+03 2.700000000000000000e+01
3.558000000000000114e+02 1.115200000000000045e+03 2.700000000000000000e+01
3.561999999999999886e+02 1.115799999999999955e+03 2.700000000000000000e+01
3.568000000000000114e+02 1.116200000000000045e+03 2.700000000000000000e+01
3.571999999999999886e+02 1.116799999999999955e+03 2.700000000000000000e+01
3.578000000000000114e+02 1.117400000000000091e+03 2.700000000000000000e+01
3.583999999999999773e+02 1.118000000000000000e+03 2.700000000000000000e+01
3.590000000000000000e+02 1.118599999999999909e+03 2.700000000000000000e+01
3.596000000000000227e+02 1.119400000000000091e+03 2.700000000000000000e+01
3.603999999999999773e+02 1.120000000000000000e+03 2.700000000000000000e+01
3.610000000000000000e+02 1.120599999999999909e+03 2.700000000000000000e+01
3.616000000000000227e+02 1.121200000000000045e+03 2.700000000000000000e+01
3.623999999999999773e+02 1.121799999999999955e+03 2.700000000000000000e+01
3.631999999999999886e+02 1.122200000000000045e+03 2.700000000000000000e+01
3.638000000000000114e+02 1.122799999999999955e+03 2.700000000000000000e+01
3.646000000000000227e+02 1.123200000000000045e+03 2.700000000000000000e+01
3.653999999999999773e+02 1.123599999999999909e+03 2.700000000000000000e+01
3.660000000000000000e+02 1.123799999999999955e+03 2.700000000000000000e+01
3.666000000000000227e+02 1.124000000000000000e+03 2.800000000000000000e+01
3.671999999999999886e+02 1.123799999999999955e+03 2.800000000000000000e+01
3.678000000000000114e+02 1.123599999999999909e+03 2.800000000000000000e+01
3.683999999999999773e+02 1.123200000000000045e+03 2.800000000000000000e+01
3.691999999999999886e+02 1.122799999999999955e+03 2.800000000000000000e+01
3.698000000000000114e+02 1.122200000000000045e+03 2.800000000000000000e+01
3.706000000000000227e+02 1.121799999999999955e+03 2.800000000000000000e+01
3.711999999999999886e+02 1.121200000000000045e+03 2.800000000000000000e+01
3.718000000000000114e+02 1.120799999999999955e+03 2.800000000000000000e+01
3.721999999999999886e+02 1.120200000000000045e+03 2.800000000000000000e+01
3.728000000000000114e+02 1.119799999999999955e+03 2.800000000000000000e+01
3.731999999999999886e+02 1.119200000000000045e+03 2.800000000000000000e+01
3.738000000000000114e+02 1.118799999999999955e+03 2.800000000000000000e+01
3.741999999999999886e+02 1.118200000000000045e+03 2.800000000000000000e+01
3.748000000000000114e+02 1.117799999999999955e+03 2.800000000000000000e+01
3.751999999999999886e+02 1.117200000000000045e+03 2.800000000000000000e+01
3.758000000000000114e+02 1.116799999999999955e+03 2.800000000000000000e+01
3.761999999999999886e+02 1.116200000000000045e+03 2.800000000000000000e+01
3.768000000000000114e+02 1.115799999999999955e+03 2.800000000000000000e+01
3.771999999999999886e+02 1.115200000000000045e+03 2.800000000000000000e+01
3.778000000000000114e+02 1.114799999999999955e+03 2.800000000000000000e+01
3.781999999999999886e+02 1.114200000000000045e+03 2.800000000000000000e+01
3.788000000000000114e+02 1.113799999999999955e+03 2.800000000000000000e+01
3.791999999999999886e+02 1.113200000000000045e+03 2.800000000000000000e+01
3.798000000000000114e+02 1.112799999999999955e+03 2.800000000000000000e+01
3.801999999999999886e+02 1.112200000000000045e+03 2.800000000000000000e+01
3.808000000000000114e+02 1.111799999999999955e+03 2.800000000000000000e+01
3.813999999999999773e+02 1.111200000000000045e+03 2.800000000000000000e+01
3.821999999999999886e+02 1.110799999999999955e+03 2.800000000000000000e+01
3.830000000000000000e+02 1.110400000000000091e+03 2.800000000000000000e+01
3.840000000000000000e+02 1.110200000000000045e+03 2.800000000000000000e+01
3.848000000000000114e+02 1.110000000000000000e+03 2.800000000000000000e+01
3.856000000000000227e+02 1.110000000000000000e+03 2.900000000000000000e+01
3.863999999999999773e+02 1.110000000000000000e+03 2.900000000000000000e+01
3.870000000000000000e+02 1.110200000000000045e+03 2.900000000000000000e+01
3.876000000000000227e+02 1.110400000000000091e+03 2.900000000000000000e+01
3.883999999999999773e+02 1.110599999999999909e+03 2.900000000000000000e+01
3.890000000000000000e+02 1.111000000000000000e+03 2.900000000000000000e+01
3.896000000000000227e+02 1.111400000000000091e+03 2.900000000000000000e+01
3.901999999999999886e+02 1.111799999999999955e+03 2.900000000000000000e+01
3.908000000000000114e+02 1.112200000000000045e+03 2.900000000000000000e+01
3.913999999999999773e+02 1.112599999999999909e+03 2.900000000000000000e+01
3.921999999999999886e+02 1.112799999999999955e+03 2.900000000000000000e+01
3.930000000000000000e+02 1.113000000000000000e+03 2.900000000000000000e+01
3.940000000000000000e+02 1.113000000000000000e+03 2.900000000000000000e+01
3.948000000000000114e+02 1.112799999999999955e+03 2.900000000000000000e+01
3.956000000000000227e+02 1.112599999999999909e+03 2.900000000000000000e+01
3.961999999999999886e+02 1.112200000000000045e+03 2.900000000000000000e+01
3.968000000000000114e+02 1.111799999999999955e+03 2.900000000000000000e+01
3.971999999999999886e+02 1.111200000000000045e+03 2.900000000000000000e+01
3.978000000000000114e+02 1.110799999999999955e+03 2.900000000000000000e+01
3.981999999999999886e+02 1.110200000000000045e+03 2.900000000000000000e+01
3.986000000000000227e+02 1.109599999999999909e+03 2.900000000000000000e+01
3.987500000000000000e+02 1.109250000000000000e+03 2.900000000000000000e+01
