8.362000000000000455e+02 3.540000000000000000e+02 1.300000000000000000e+01
8.363999999999999773e+02 3.530000000000000000e+02 1.300000000000000000e+01
8.366000000000000227e+02 3.520000000000000000e+02 1.300000000000000000e+01
8.370000000000000000e+02 3.511999999999999886e+02 1.300000000000000000e+01
8.373999999999999773e+02 3.503999999999999773e+02 1.300000000000000000e+01
8.377999999999999545e+02 3.498000000000000114e+02 1.300000000000000000e+01
8.382000000000000455e+02 3.491999999999999886e+02 1.300000000000000000e+01
8.387999999999999545e+02 3.486000000000000227e+02 1.300000000000000000e+01
8.392000000000000455e+02 3.478000000000000114e+02 1.300000000000000000e+01
8.397999999999999545e+02 3.471999999999999886e+02 1.300000000000000000e+01
8.402000000000000455e+02 3.463999999999999773e+02 1.300000000000000000e+01
8.407999999999999545e+02 3.458000000000000114e+02 1.300000000000000000e+01
8.412000000000000455e+02 3.451999999999999886e+02 1.300000000000000000e+01
8.417999999999999545e+02 3.448000000000000114e+02 1.300000000000000000e+01
8.422000000000000455e+02 3.441999999999999886e+02 1.300000000000000000e+01
8.427999999999999545e+02 3.438000000000000114e+02 1.300000000000000000e+01
8.432000000000000455e+02 3.431999999999999886e+02 1.300000000000000000e+01
8.437999999999999545e+02 3.428000000000000114e+02 1.300000000000000000e+01
8.442000000000000455e+02 3.421999999999999886e+02 1.300000000000000000e+01
8.447999999999999545e+02 3.418000000000000114e+02 1.300000000000000000e+01
8.453999999999999773e+02 3.413999999999999773e+02 1.300000000000000000e+01
8.460000000000000000e+02 3.410000000000000000e+02 1.300000000000000000e+01
8.466000000000000227e+02 3.406000000000000227e+02 1.300000000000000000e+01
8.473999999999999773e+02 3.403999999999999773e+02 1.300000000000000000e+01
8.483999999999999773e+02 3.400000000000000000e+02 1.300000000000000000e+01
8.492000000000000455e+02 3.393999999999999773e+02 1.300000000000000000e+01
8.497999999999999545e+02 3.391999999999999886e+02 1.300000000000000000e+01
8.502500000000000000e+02 3.390000000000000000e+02 1.300000000000000000e+01
