5.203999999999999773e+02 1.523599999999999909e+03 3.000000000000000000e+01
5.212000000000000455e+02 1.523799999999999955e+03 3.000000000000000000e+01
5.217999999999999545e+02 1.524200000000000045e+03 3.000000000000000000e+01
5.226000000000000227e+02 1.524400000000000091e+03 3.000000000000000000e+01
5.233999999999999773e+02 1.524599999999999909e+03 3.000000000000000000e+01
5.242000000000000455e+02 1.525000000000000000e+03 3.000000000000000000e+01
5.250000000000000000e+02 1.525400000000000091e+03 3.000000000000000000e+01
5.260000000000000000e+02 1.525599999999999909e+03 3.000000000000000000e+01
5.267999999999999545e+02 1.526000000000000000e+03 3.000000000000000000e+01
5.276000000000000227e+02 1.526400000000000091e+03 3.000000000000000000e+01
5.283999999999999773e+02 1.526599999999999909e+03 3.000000000000000000e+01
5.290000000000000000e+02 1.527000000000000000e+03 3.000000000000000000e+01
5.296000000000000227e+02 1.527400000000000091e+03 3.000000000000000000e+01
5.303999999999999773e+02 1.527799999999999955e+03 3.000000000000000000e+01
5.312000000000000455e+02 1.528200000000000045e+03 3.000000000000000000e+01
5.317999999999999545e+02 1.528799999999999955e+03 3.000000000000000000e+01
5.326000000000000227e+02 1.529200000000000045e+03 3.000000000000000000e+01
5.333999999999999773e+02 1.529599999999999909e+03 3.000000000000000000e+01
5.340000000000000000e+02 1.530000000000000000e+03 3.000000000000000000e+01
5.346000000000000227e+02 1.530400000000000091e+03 3.000000000000000000e+01
5.353999999999999773e+02 1.530799999999999955e+03 3.000000000000000000e+01
5.362000000000000455e+02 1.531200000000000045e+03 3.000000000000000000e+01
5.367999999999999545e+02 1.531799999999999955e+03 3.000000000000000000e+01
5.376000000000000227e+02 1.532200000000000045e+03 3.000000000000000000e+01
5.383999999999999773e+02 1.532799999999999955e+03 3.000000000000000000e+01
5.392000000000000455e+02 1.533200000000000045e+03 3.000000000000000000e+01
5.397999999999999545e+02 1.533799999999999955e+03 3.000000000000000000e+01
5.406000000000000227e+02 1.534200000000000045e+03 3.000000000000000000e+01
5.413999999999999773e+02 1.534599999999999909e+03 3.000000000000000000e+01
5.422000000000000455e+02 1.535000000000000000e+03 3.000000000000000000e+01
5.430000000000000000e+02 1.535400000000000091e+03 3.000000000000000000e+01
5.440000000000000000e+02 1.535599999999999909e+03 3.000000000000000000e+01
5.447999999999999545e+02 1.536000000000000000e+03 3.000000000000000000e+01
5.456000000000000227e+02 1.536400000000000091e+03 3.000000000000000000e+01
5.463999999999999773e+02 1.536599999999999909e+03 3.000000000000000000e+01
5.472000000000000455e+02 1.536799999999999955e+03 3.000000000000000000e+01
5.480000000000000000e+02 1.537200000000000045e+03 3.000000000000000000e+01
5.490000000000000000e+02 1.537400000000000091e+03 3.000000000000000000e+01
5.500000000000000000e+02 1.537599999999999909e+03 3.000000000000000000e+01
5.510000000000000000e+02 1.537799999999999955e+03 3.000000000000000000e+01
5.520000000000000000e+02 1.538000000000000000e+03 3.000000000000000000e+01
5.530000000000000000e+02 1.538000000000000000e+03 3.000000000000000000e+01
5.537999999999999545e+02 1.537799999999999955e+03 3.000000000000000000e+01
5.546000000000000227e+02 1.537599999999999909e+03 3.000000000000000000e+01
5.553999999999999773e+02 1.537400000000000091e+03 3.000000000000000000e+01
5.562000000000000455e+02 1.537200000000000045e+03 3.000000000000000000e+01
5.570000000000000000e+02 1.537000000000000000e+03 3.000000000000000000e+01
5.577999999999999545e+02 1.536799999999999955e+03 3.000000000000000000e+01
5.586000000000000227e+02 1.536599999999999909e+03 3.000000000000000000e+01
5.593999999999999773e+02 1.536200000000000045e+03 3.000000000000000000e+01
5.602000000000000455e+02 1.535799999999999955e+03 3.000000000000000000e+01
5.607999999999999545e+02 1.535200000000000045e+03 3.000000000000000000e+01
5.616000000000000227e+02 1.534799999999999955e+03 3.000000000000000000e+01
5.623999999999999773e+02 1.534400000000000091e+03 3.000000000000000000e+01
5.630000000000000000e+02 1.534000000000000000e+03 3.000000000000000000e+01
5.632500000000000000e+02 1.533750000000000000e+03 3.000000000000000000e+01
