4.951999999999999886e+02 1.009000000000000000e+03 2.000000000000000000e+01
4.950000000000000000e+02 1.008000000000000000e+03 2.000000000000000000e+01
4.948000000000000114e+02 1.007200000000000045e+03 2.000000000000000000e+01
4.946000000000000227e+02 1.006399999999999977e+03 2.000000000000000000e+01
4.943999999999999773e+02 1.005600000000000023e+03 2.000000000000000000e+01
4.941999999999999886e+02 1.004799999999999955e+03 2.000000000000000000e+01
4.940000000000000000e+02 1.004000000000000000e+03 2.000000000000000000e+01
4.940000000000000000e+02 1.003000000000000000e+03 2.000000000000000000e+01
4.940000000000000000e+02 1.002000000000000000e+03 2.000000000000000000e+01
4.940000000000000000e+02 1.001000000000000000e+03 2.000000000000000000e+01
4.940000000000000000e+02 1.000000000000000000e+03 2.000000000000000000e+01
4.940000000000000000e+02 9.990000000000000000e+02 2.000000000000000000e+01
4.938000000000000114e+02 9.977999999999999545e+02 2.000000000000000000e+01
4.936000000000000227e+02 9.970000000000000000e+02 2.100000000000000000e+01
4.933999999999999773e+02 9.960000000000000000e+02 2.000000000000000000e+01
4.931999999999999886e+02 9.947999999999999545e+02 2.100000000000000000e+01
4.930000000000000000e+02 9.936000000000000227e+02 2.100000000000000000e+01
4.930000000000000000e+02 9.926000000000000227e+02 2.100000000000000000e+01
4.930000000000000000e+02 9.912000000000000455e+02 2.100000000000000000e+01
4.930000000000000000e+02 9.900000000000000000e+02 2.100000000000000000e+01
4.930000000000000000e+02 9.890000000000000000e+02 2.100000000000000000e+01
4.930000000000000000e+02 9.880000000000000000e+02 2.100000000000000000e+01
4.930000000000000000e+02 9.875000000000000000e+02 2.100000000000000000e+01
