1.515999999999999943e+02 5.442000000000000455e+02 3.400000000000000000e+01
1.520000000000000000e+02 5.433999999999999773e+02 3.400000000000000000e+01
1.525999999999999943e+02 5.426000000000000227e+02 3.400000000000000000e+01
1.531999999999999886e+02 5.417999999999999545e+02 3.400000000000000000e+01
1.538000000000000114e+02 5.412000000000000455e+02 3.400000000000000000e+01
1.541999999999999886e+02 5.403999999999999773e+02 3.400000000000000000e+01
1.548000000000000114e+02 5.396000000000000227e+02 3.400000000000000000e+01
1.551999999999999886e+02 5.387999999999999545e+02 3.400000000000000000e+01
1.558000000000000114e+02 5.382000000000000455e+02 3.400000000000000000e+01
1.561999999999999886e+02 5.373999999999999773e+02 3.400000000000000000e+01
1.568000000000000114e+02 5.367999999999999545e+02 3.300000000000000000e+01
1.571999999999999886e+02 5.362000000000000455e+02 3.300000000000000000e+01
1.578000000000000114e+02 5.357999999999999545e+02 3.200000000000000000e+01
1.580000000000000000e+02 5.355000000000000000e+02 3.200000000000000000e+01
