6.310000000000000000e+02 1.574000000000000000e+03 2.600000000000000000e+01
6.307999999999999545e+02 1.574599999999999909e+03 2.600000000000000000e+01
6.302000000000000455e+02 1.575400000000000091e+03 2.600000000000000000e+01
6.297999999999999545e+02 1.576200000000000045e+03 2.600000000000000000e+01
6.292000000000000455e+02 1.577000000000000000e+03 2.600000000000000000e+01
6.287999999999999545e+02 1.578000000000000000e+03 2.600000000000000000e+01
6.282000000000000455e+02 1.579000000000000000e+03 2.600000000000000000e+01
6.277999999999999545e+02 1.580000000000000000e+03 2.600000000000000000e+01
6.273999999999999773e+02 1.581000000000000000e+03 2.600000000000000000e+01
6.272500000000000000e+02 1.581500000000000000e+03 2.600000000000000000e+01
