4.346000000000000227e+02 5.980000000000000000e+02 1.700000000000000000e+01
4.353999999999999773e+02 5.980000000000000000e+02 1.700000000000000000e+01
4.360000000000000000e+02 5.982000000000000455e+02 1.700000000000000000e+01
4.366000000000000227e+02 5.983999999999999773e+02 1.700000000000000000e+01
4.373999999999999773e+02 5.986000000000000227e+02 1.800000000000000000e+01
4.381999999999999886e+02 5.987999999999999545e+02 1.800000000000000000e+01
4.390000000000000000e+02 5.990000000000000000e+02 1.800000000000000000e+01
4.400000000000000000e+02 5.990000000000000000e+02 1.900000000000000000e+01
4.410000000000000000e+02 5.990000000000000000e+02 1.900000000000000000e+01
4.418000000000000114e+02 5.990000000000000000e+02 1.900000000000000000e+01
4.426000000000000227e+02 5.990000000000000000e+02 2.000000000000000000e+01
4.433999999999999773e+02 5.990000000000000000e+02 2.000000000000000000e+01
4.441999999999999886e+02 5.992000000000000455e+02 2.000000000000000000e+01
4.448000000000000114e+02 5.993999999999999773e+02 2.000000000000000000e+01
4.456000000000000227e+02 5.996000000000000227e+02 2.100000000000000000e+01
4.463999999999999773e+02 5.997999999999999545e+02 2.100000000000000000e+01
4.471999999999999886e+02 6.002000000000000455e+02 2.100000000000000000e+01
4.480000000000000000e+02 6.003999999999999773e+02 2.100000000000000000e+01
4.488000000000000114e+02 6.006000000000000227e+02 2.100000000000000000e+01
4.496000000000000227e+02 6.007999999999999545e+02 2.200000000000000000e+01
4.501999999999999886e+02 6.012000000000000455e+02 2.200000000000000000e+01
4.508000000000000114e+02 6.013999999999999773e+02 2.200000000000000000e+01
4.511999999999999886e+02 6.017999999999999545e+02 2.200000000000000000e+01
4.518000000000000114e+02 6.022000000000000455e+02 2.200000000000000000e+01
4.521999999999999886e+02 6.027999999999999545e+02 2.200000000000000000e+01
4.528000000000000114e+02 6.032000000000000455e+02 2.200000000000000000e+01
4.533999999999999773e+02 6.036000000000000227e+02 2.200000000000000000e+01
4.540000000000000000e+02 6.040000000000000000e+02 2.200000000000000000e+01
4.546000000000000227e+02 6.043999999999999773e+02 2.200000000000000000e+01
4.551999999999999886e+02 6.047999999999999545e+02 2.200000000000000000e+01
4.556000000000000227e+02 6.052000000000000455e+02 2.200000000000000000e+01
4.557500000000000000e+02 6.055000000000000000e+02 2.300000000000000000e+01
