1.961999999999999886e+02 8.070000000000000000e+02 1.600000000000000000e+01
1.970000000000000000e+02 8.070000000000000000e+02 1.600000000000000000e+01
1.980000000000000000e+02 8.070000000000000000e+02 1.600000000000000000e+01
1.990000000000000000e+02 8.070000000000000000e+02 1.600000000000000000e+01
2.000000000000000000e+02 8.070000000000000000e+02 1.600000000000000000e+01
2.010000000000000000e+02 8.070000000000000000e+02 1.600000000000000000e+01
2.020000000000000000e+02 8.070000000000000000e+02 1.600000000000000000e+01
2.030000000000000000e+02 8.067999999999999545e+02 1.600000000000000000e+01
2.040000000000000000e+02 8.066000000000000227e+02 1.600000000000000000e+01
2.050000000000000000e+02 8.063999999999999773e+02 1.600000000000000000e+01
2.060000000000000000e+02 8.062000000000000455e+02 1.600000000000000000e+01
2.065000000000000000e+02 8.060000000000000000e+02 1.600000000000000000e+01
