5.113999999999999773e+02 4.116000000000000227e+02 1.000000000000000000e+01
5.122000000000000455e+02 4.118000000000000114e+02 1.000000000000000000e+01
5.127999999999999545e+02 4.121999999999999886e+02 1.000000000000000000e+01
5.136000000000000227e+02 4.123999999999999773e+02 1.000000000000000000e+01
5.143999999999999773e+02 4.126000000000000227e+02 1.000000000000000000e+01
5.150000000000000000e+02 4.130000000000000000e+02 1.000000000000000000e+01
5.156000000000000227e+02 4.133999999999999773e+02 1.000000000000000000e+01
5.163999999999999773e+02 4.136000000000000227e+02 1.000000000000000000e+01
5.170000000000000000e+02 4.140000000000000000e+02 1.000000000000000000e+01
5.176000000000000227e+02 4.143999999999999773e+02 1.000000000000000000e+01
5.183999999999999773e+02 4.146000000000000227e+02 1.000000000000000000e+01
5.190000000000000000e+02 4.150000000000000000e+02 1.000000000000000000e+01
5.196000000000000227e+02 4.153999999999999773e+02 1.000000000000000000e+01
5.203999999999999773e+02 4.156000000000000227e+02 1.000000000000000000e+01
5.212000000000000455e+02 4.160000000000000000e+02 1.000000000000000000e+01
5.220000000000000000e+02 4.163999999999999773e+02 1.000000000000000000e+01
5.230000000000000000e+02 4.166000000000000227e+02 1.000000000000000000e+01
5.237999999999999545e+02 4.170000000000000000e+02 1.000000000000000000e+01
5.246000000000000227e+02 4.173999999999999773e+02 1.000000000000000000e+01
5.252000000000000455e+02 4.176000000000000227e+02 1.000000000000000000e+01
5.257999999999999545e+02 4.178000000000000114e+02 1.100000000000000000e+01
5.263999999999999773e+02 4.180000000000000000e+02 1.100000000000000000e+01
5.270000000000000000e+02 4.181999999999999886e+02 1.100000000000000000e+01
5.276000000000000227e+02 4.183999999999999773e+02 1.100000000000000000e+01
5.283999999999999773e+02 4.186000000000000227e+02 1.100000000000000000e+01
5.292000000000000455e+02 4.188000000000000114e+02 1.200000000000000000e+01
5.300000000000000000e+02 4.190000000000000000e+02 1.200000000000000000e+01
5.310000000000000000e+02 4.190000000000000000e+02 1.200000000000000000e+01
5.320000000000000000e+02 4.190000000000000000e+02 1.300000000000000000e+01
5.330000000000000000e+02 4.190000000000000000e+02 1.300000000000000000e+01
5.340000000000000000e+02 4.190000000000000000e+02 1.300000000000000000e+01
5.350000000000000000e+02 4.190000000000000000e+02 1.400000000000000000e+01
5.360000000000000000e+02 4.190000000000000000e+02 1.400000000000000000e+01
5.367999999999999545e+02 4.190000000000000000e+02 1.400000000000000000e+01
5.376000000000000227e+02 4.190000000000000000e+02 1.500000000000000000e+01
5.383999999999999773e+02 4.190000000000000000e+02 1.500000000000000000e+01
5.392000000000000455e+02 4.188000000000000114e+02 1.500000000000000000e+01
5.397999999999999545e+02 4.186000000000000227e+02 1.500000000000000000e+01
5.406000000000000227e+02 4.183999999999999773e+02 1.600000000000000000e+01
5.413999999999999773e+02 4.181999999999999886e+02 1.600000000000000000e+01
5.420000000000000000e+02 4.180000000000000000e+02 1.600000000000000000e+01
5.426000000000000227e+02 4.180000000000000000e+02 1.700000000000000000e+01
5.433999999999999773e+02 4.180000000000000000e+02 1.700000000000000000e+01
5.440000000000000000e+02 4.180000000000000000e+02 1.700000000000000000e+01
5.446000000000000227e+02 4.180000000000000000e+02 1.800000000000000000e+01
5.450000000000000000e+02 4.180000000000000000e+02 1.800000000000000000e+01
