6.170000000000000000e+02 1.671999999999999886e+02 1.200000000000000000e+01
6.180000000000000000e+02 1.678000000000000114e+02 1.200000000000000000e+01
6.190000000000000000e+02 1.681999999999999886e+02 1.200000000000000000e+01
6.197999999999999545e+02 1.688000000000000114e+02 1.200000000000000000e+01
6.206000000000000227e+02 1.691999999999999886e+02 1.200000000000000000e+01
6.213999999999999773e+02 1.695999999999999943e+02 1.200000000000000000e+01
6.220000000000000000e+02 1.700000000000000000e+02 1.200000000000000000e+01
6.226000000000000227e+02 1.704000000000000057e+02 1.200000000000000000e+01
6.232000000000000455e+02 1.708000000000000114e+02 1.200000000000000000e+01
6.237999999999999545e+02 1.711999999999999886e+02 1.200000000000000000e+01
6.242000000000000455e+02 1.718000000000000114e+02 1.200000000000000000e+01
6.247999999999999545e+02 1.721999999999999886e+02 1.200000000000000000e+01
6.252000000000000455e+02 1.728000000000000114e+02 1.200000000000000000e+01
6.257999999999999545e+02 1.731999999999999886e+02 1.200000000000000000e+01
6.262000000000000455e+02 1.738000000000000114e+02 1.200000000000000000e+01
6.267999999999999545e+02 1.741999999999999886e+02 1.200000000000000000e+01
6.272000000000000455e+02 1.748000000000000114e+02 1.200000000000000000e+01
6.277999999999999545e+02 1.751999999999999886e+02 1.200000000000000000e+01
6.282000000000000455e+02 1.758000000000000114e+02 1.200000000000000000e+01
6.287999999999999545e+02 1.761999999999999886e+02 1.200000000000000000e+01
6.293999999999999773e+02 1.768000000000000114e+02 1.200000000000000000e+01
6.302000000000000455e+02 1.771999999999999886e+02 1.200000000000000000e+01
6.307999999999999545e+02 1.778000000000000114e+02 1.200000000000000000e+01
6.316000000000000227e+02 1.781999999999999886e+02 1.200000000000000000e+01
6.322000000000000455e+02 1.788000000000000114e+02 1.200000000000000000e+01
6.327999999999999545e+02 1.791999999999999886e+02 1.200000000000000000e+01
6.333999999999999773e+02 1.798000000000000114e+02 1.200000000000000000e+01
6.342000000000000455e+02 1.801999999999999886e+02 1.200000000000000000e+01
6.350000000000000000e+02 1.808000000000000114e+02 1.200000000000000000e+01
6.360000000000000000e+02 1.811999999999999886e+02 1.200000000000000000e+01
6.367999999999999545e+02 1.818000000000000114e+02 1.200000000000000000e+01
6.376000000000000227e+02 1.821999999999999886e+02 1.200000000000000000e+01
6.383999999999999773e+02 1.825999999999999943e+02 1.200000000000000000e+01
6.392000000000000455e+02 1.830000000000000000e+02 1.200000000000000000e+01
6.400000000000000000e+02 1.834000000000000057e+02 1.200000000000000000e+01
6.410000000000000000e+02 1.835999999999999943e+02 1.200000000000000000e+01
6.417999999999999545e+02 1.840000000000000000e+02 1.200000000000000000e+01
6.426000000000000227e+02 1.844000000000000057e+02 1.200000000000000000e+01
6.433999999999999773e+02 1.845999999999999943e+02 1.200000000000000000e+01
6.442000000000000455e+02 1.848000000000000114e+02 1.200000000000000000e+01
6.447999999999999545e+02 1.851999999999999886e+02 1.200000000000000000e+01
6.456000000000000227e+02 1.854000000000000057e+02 1.300000000000000000e+01
6.463999999999999773e+02 1.855999999999999943e+02 1.300000000000000000e+01
6.472000000000000455e+02 1.858000000000000114e+02 1.300000000000000000e+01
6.480000000000000000e+02 1.861999999999999886e+02 1.300000000000000000e+01
6.490000000000000000e+02 1.864000000000000057e+02 1.300000000000000000e+01
6.500000000000000000e+02 1.865999999999999943e+02 1.300000000000000000e+01
6.510000000000000000e+02 1.868000000000000114e+02 1.300000000000000000e+01
6.517999999999999545e+02 1.871999999999999886e+02 1.300000000000000000e+01
6.526000000000000227e+02 1.874000000000000057e+02 1.300000000000000000e+01
6.533999999999999773e+02 1.875999999999999943e+02 1.300000000000000000e+01
6.542000000000000455e+02 1.878000000000000114e+02 1.300000000000000000e+01
6.547999999999999545e+02 1.881999999999999886e+02 1.300000000000000000e+01
6.556000000000000227e+02 1.884000000000000057e+02 1.300000000000000000e+01
6.563999999999999773e+02 1.885999999999999943e+02 1.300000000000000000e+01
6.570000000000000000e+02 1.890000000000000000e+02 1.300000000000000000e+01
6.576000000000000227e+02 1.894000000000000057e+02 1.300000000000000000e+01
6.583999999999999773e+02 1.895999999999999943e+02 1.300000000000000000e+01
6.590000000000000000e+02 1.900000000000000000e+02 1.300000000000000000e+01
6.596000000000000227e+02 1.904000000000000057e+02 1.300000000000000000e+01
6.603999999999999773e+02 1.905999999999999943e+02 1.300000000000000000e+01
6.610000000000000000e+02 1.910000000000000000e+02 1.300000000000000000e+01
6.616000000000000227e+02 1.914000000000000057e+02 1.300000000000000000e+01
6.623999999999999773e+02 1.918000000000000114e+02 1.300000000000000000e+01
6.632000000000000455e+02 1.921999999999999886e+02 1.300000000000000000e+01
6.637999999999999545e+02 1.928000000000000114e+02 1.300000000000000000e+01
6.646000000000000227e+02 1.931999999999999886e+02 1.300000000000000000e+01
6.652000000000000455e+02 1.938000000000000114e+02 1.300000000000000000e+01
6.657999999999999545e+02 1.941999999999999886e+02 1.300000000000000000e+01
6.662000000000000455e+02 1.948000000000000114e+02 1.300000000000000000e+01
6.667999999999999545e+02 1.951999999999999886e+02 1.300000000000000000e+01
6.672000000000000455e+02 1.958000000000000114e+02 1.300000000000000000e+01
6.677999999999999545e+02 1.961999999999999886e+02 1.300000000000000000e+01
6.682000000000000455e+02 1.968000000000000114e+02 1.300000000000000000e+01
6.687999999999999545e+02 1.971999999999999886e+02 1.300000000000000000e+01
6.692000000000000455e+02 1.978000000000000114e+02 1.300000000000000000e+01
6.697999999999999545e+02 1.981999999999999886e+02 1.300000000000000000e+01
6.702000000000000455e+02 1.988000000000000114e+02 1.300000000000000000e+01
6.707999999999999545e+02 1.991999999999999886e+02 1.300000000000000000e+01
6.712000000000000455e+02 1.998000000000000114e+02 1.300000000000000000e+01
6.717999999999999545e+02 2.001999999999999886e+02 1.300000000000000000e+01
6.723999999999999773e+02 2.008000000000000114e+02 1.300000000000000000e+01
6.732000000000000455e+02 2.011999999999999886e+02 1.300000000000000000e+01
6.740000000000000000e+02 2.015999999999999943e+02 1.300000000000000000e+01
6.750000000000000000e+02 2.018000000000000114e+02 1.300000000000000000e+01
6.760000000000000000e+02 2.020000000000000000e+02 1.300000000000000000e+01
6.770000000000000000e+02 2.020000000000000000e+02 1.300000000000000000e+01
6.777999999999999545e+02 2.020000000000000000e+02 1.300000000000000000e+01
6.783999999999999773e+02 2.018000000000000114e+02 1.400000000000000000e+01
6.790000000000000000e+02 2.015999999999999943e+02 1.400000000000000000e+01
6.796000000000000227e+02 2.014000000000000057e+02 1.400000000000000000e+01
6.797500000000000000e+02 2.012500000000000000e+02 1.400000000000000000e+01
