3.579999999999999716e+01 3.540000000000000000e+02 1.400000000000000000e+01
3.560000000000000142e+01 3.550000000000000000e+02 1.400000000000000000e+01
3.539999999999999858e+01 3.560000000000000000e+02 1.400000000000000000e+01
3.500000000000000000e+01 3.568000000000000114e+02 1.400000000000000000e+01
3.460000000000000142e+01 3.576000000000000227e+02 1.400000000000000000e+01
3.420000000000000284e+01 3.581999999999999886e+02 1.400000000000000000e+01
3.379999999999999716e+01 3.588000000000000114e+02 1.400000000000000000e+01
3.320000000000000284e+01 3.593999999999999773e+02 1.400000000000000000e+01
3.279999999999999716e+01 3.601999999999999886e+02 1.500000000000000000e+01
3.250000000000000000e+01 3.605000000000000000e+02 1.500000000000000000e+01
