3.580000000000000000e+02 1.418200000000000045e+03 2.600000000000000000e+01
3.588000000000000114e+02 1.417799999999999955e+03 2.600000000000000000e+01
3.596000000000000227e+02 1.417599999999999909e+03 2.600000000000000000e+01
3.601999999999999886e+02 1.417400000000000091e+03 2.600000000000000000e+01
3.608000000000000114e+02 1.417200000000000045e+03 2.700000000000000000e+01
3.613999999999999773e+02 1.416799999999999955e+03 2.700000000000000000e+01
3.621999999999999886e+02 1.416599999999999909e+03 2.700000000000000000e+01
3.630000000000000000e+02 1.416400000000000091e+03 2.700000000000000000e+01
3.638000000000000114e+02 1.416000000000000000e+03 2.700000000000000000e+01
3.646000000000000227e+02 1.415599999999999909e+03 2.700000000000000000e+01
3.653999999999999773e+02 1.415400000000000091e+03 2.700000000000000000e+01
3.660000000000000000e+02 1.415000000000000000e+03 2.700000000000000000e+01
3.666000000000000227e+02 1.414599999999999909e+03 2.700000000000000000e+01
3.673999999999999773e+02 1.414400000000000091e+03 2.700000000000000000e+01
3.680000000000000000e+02 1.414200000000000045e+03 2.700000000000000000e+01
3.686000000000000227e+02 1.414000000000000000e+03 2.800000000000000000e+01
3.691999999999999886e+02 1.413799999999999955e+03 2.800000000000000000e+01
3.698000000000000114e+02 1.413599999999999909e+03 2.800000000000000000e+01
3.703999999999999773e+02 1.413400000000000091e+03 2.800000000000000000e+01
3.710000000000000000e+02 1.413000000000000000e+03 2.800000000000000000e+01
3.716000000000000227e+02 1.412599999999999909e+03 2.800000000000000000e+01
3.723999999999999773e+02 1.412400000000000091e+03 2.800000000000000000e+01
3.730000000000000000e+02 1.412000000000000000e+03 2.800000000000000000e+01
3.736000000000000227e+02 1.411599999999999909e+03 2.800000000000000000e+01
3.743999999999999773e+02 1.411400000000000091e+03 2.800000000000000000e+01
3.751999999999999886e+02 1.411200000000000045e+03 2.800000000000000000e+01
3.758000000000000114e+02 1.410799999999999955e+03 2.800000000000000000e+01
3.766000000000000227e+02 1.410599999999999909e+03 2.800000000000000000e+01
3.770000000000000000e+02 1.410500000000000000e+03 2.800000000000000000e+01
