7.240000000000000000e+02 3.610000000000000000e+02 1.200000000000000000e+01
7.246000000000000227e+02 3.606000000000000227e+02 1.300000000000000000e+01
7.252000000000000455e+02 3.601999999999999886e+02 1.300000000000000000e+01
7.257999999999999545e+02 3.598000000000000114e+02 1.300000000000000000e+01
7.263999999999999773e+02 3.591999999999999886e+02 1.300000000000000000e+01
7.272000000000000455e+02 3.588000000000000114e+02 1.300000000000000000e+01
7.280000000000000000e+02 3.581999999999999886e+02 1.300000000000000000e+01
7.290000000000000000e+02 3.578000000000000114e+02 1.300000000000000000e+01
7.300000000000000000e+02 3.573999999999999773e+02 1.300000000000000000e+01
7.310000000000000000e+02 3.570000000000000000e+02 1.300000000000000000e+01
7.320000000000000000e+02 3.566000000000000227e+02 1.300000000000000000e+01
7.330000000000000000e+02 3.563999999999999773e+02 1.300000000000000000e+01
7.337999999999999545e+02 3.560000000000000000e+02 1.300000000000000000e+01
7.346000000000000227e+02 3.556000000000000227e+02 1.300000000000000000e+01
7.353999999999999773e+02 3.553999999999999773e+02 1.300000000000000000e+01
7.362000000000000455e+02 3.550000000000000000e+02 1.300000000000000000e+01
7.370000000000000000e+02 3.546000000000000227e+02 1.300000000000000000e+01
7.380000000000000000e+02 3.543999999999999773e+02 1.300000000000000000e+01
7.387999999999999545e+02 3.540000000000000000e+02 1.300000000000000000e+01
7.396000000000000227e+02 3.536000000000000227e+02 1.300000000000000000e+01
7.403999999999999773e+02 3.533999999999999773e+02 1.300000000000000000e+01
7.412000000000000455e+02 3.531999999999999886e+02 1.300000000000000000e+01
7.420000000000000000e+02 3.530000000000000000e+02 1.300000000000000000e+01
7.430000000000000000e+02 3.530000000000000000e+02 1.300000000000000000e+01
7.440000000000000000e+02 3.530000000000000000e+02 1.300000000000000000e+01
7.450000000000000000e+02 3.530000000000000000e+02 1.300000000000000000e+01
7.460000000000000000e+02 3.530000000000000000e+02 1.300000000000000000e+01
7.470000000000000000e+02 3.530000000000000000e+02 1.300000000000000000e+01
7.480000000000000000e+02 3.530000000000000000e+02 1.300000000000000000e+01
7.485000000000000000e+02 3.530000000000000000e+02 1.400000000000000000e+01
