5.273999999999999773e+02 9.092000000000000455e+02 1.500000000000000000e+01
5.282000000000000455e+02 9.093999999999999773e+02 1.500000000000000000e+01
5.290000000000000000e+02 9.096000000000000227e+02 1.500000000000000000e+01
5.300000000000000000e+02 9.097999999999999545e+02 1.500000000000000000e+01
5.310000000000000000e+02 9.100000000000000000e+02 1.600000000000000000e+01
5.320000000000000000e+02 9.100000000000000000e+02 1.600000000000000000e+01
5.330000000000000000e+02 9.100000000000000000e+02 1.600000000000000000e+01
5.337999999999999545e+02 9.100000000000000000e+02 1.600000000000000000e+01
5.343999999999999773e+02 9.097999999999999545e+02 1.700000000000000000e+01
5.350000000000000000e+02 9.096000000000000227e+02 1.700000000000000000e+01
5.356000000000000227e+02 9.093999999999999773e+02 1.700000000000000000e+01
5.357500000000000000e+02 9.092500000000000000e+02 1.700000000000000000e+01
