4.761999999999999886e+02 3.096000000000000227e+02 1.200000000000000000e+01
4.768000000000000114e+02 3.101999999999999886e+02 1.200000000000000000e+01
4.771999999999999886e+02 3.108000000000000114e+02 1.200000000000000000e+01
4.778000000000000114e+02 3.111999999999999886e+02 1.200000000000000000e+01
4.781999999999999886e+02 3.118000000000000114e+02 1.200000000000000000e+01
4.788000000000000114e+02 3.123999999999999773e+02 1.200000000000000000e+01
4.793999999999999773e+02 3.131999999999999886e+02 1.200000000000000000e+01
4.800000000000000000e+02 3.138000000000000114e+02 1.200000000000000000e+01
4.803999999999999773e+02 3.146000000000000227e+02 1.300000000000000000e+01
4.810000000000000000e+02 3.151999999999999886e+02 1.300000000000000000e+01
4.813999999999999773e+02 3.158000000000000114e+02 1.300000000000000000e+01
4.818000000000000114e+02 3.161999999999999886e+02 1.300000000000000000e+01
4.821999999999999886e+02 3.168000000000000114e+02 1.300000000000000000e+01
4.826000000000000227e+02 3.173999999999999773e+02 1.300000000000000000e+01
4.830000000000000000e+02 3.180000000000000000e+02 1.300000000000000000e+01
4.833999999999999773e+02 3.186000000000000227e+02 1.300000000000000000e+01
4.838000000000000114e+02 3.191999999999999886e+02 1.300000000000000000e+01
4.841999999999999886e+02 3.198000000000000114e+02 1.400000000000000000e+01
4.846000000000000227e+02 3.203999999999999773e+02 1.400000000000000000e+01
4.848000000000000114e+02 3.211999999999999886e+02 1.400000000000000000e+01
4.850000000000000000e+02 3.220000000000000000e+02 1.400000000000000000e+01
4.850000000000000000e+02 3.230000000000000000e+02 1.400000000000000000e+01
4.850000000000000000e+02 3.240000000000000000e+02 1.400000000000000000e+01
4.850000000000000000e+02 3.250000000000000000e+02 1.400000000000000000e+01
4.850000000000000000e+02 3.260000000000000000e+02 1.400000000000000000e+01
4.850000000000000000e+02 3.270000000000000000e+02 1.400000000000000000e+01
4.850000000000000000e+02 3.280000000000000000e+02 1.400000000000000000e+01
4.850000000000000000e+02 3.290000000000000000e+02 1.400000000000000000e+01
4.850000000000000000e+02 3.300000000000000000e+02 1.400000000000000000e+01
4.850000000000000000e+02 3.310000000000000000e+02 1.400000000000000000e+01
4.850000000000000000e+02 3.318000000000000114e+02 1.400000000000000000e+01
4.850000000000000000e+02 3.326000000000000227e+02 1.500000000000000000e+01
4.851999999999999886e+02 3.333999999999999773e+02 1.500000000000000000e+01
4.853999999999999773e+02 3.341999999999999886e+02 1.500000000000000000e+01
4.856000000000000227e+02 3.350000000000000000e+02 1.500000000000000000e+01
4.858000000000000114e+02 3.360000000000000000e+02 1.500000000000000000e+01
4.860000000000000000e+02 3.370000000000000000e+02 1.500000000000000000e+01
4.861999999999999886e+02 3.380000000000000000e+02 1.500000000000000000e+01
4.863999999999999773e+02 3.390000000000000000e+02 1.500000000000000000e+01
4.866000000000000227e+02 3.400000000000000000e+02 1.500000000000000000e+01
4.868000000000000114e+02 3.410000000000000000e+02 1.500000000000000000e+01
4.871999999999999886e+02 3.418000000000000114e+02 1.500000000000000000e+01
4.873999999999999773e+02 3.426000000000000227e+02 1.500000000000000000e+01
4.876000000000000227e+02 3.433999999999999773e+02 1.500000000000000000e+01
4.880000000000000000e+02 3.440000000000000000e+02 1.500000000000000000e+01
4.883999999999999773e+02 3.446000000000000227e+02 1.500000000000000000e+01
4.886000000000000227e+02 3.453999999999999773e+02 1.500000000000000000e+01
4.890000000000000000e+02 3.460000000000000000e+02 1.500000000000000000e+01
4.893999999999999773e+02 3.466000000000000227e+02 1.500000000000000000e+01
4.898000000000000114e+02 3.471999999999999886e+02 1.500000000000000000e+01
4.901999999999999886e+02 3.478000000000000114e+02 1.500000000000000000e+01
4.908000000000000114e+02 3.481999999999999886e+02 1.500000000000000000e+01
4.911999999999999886e+02 3.488000000000000114e+02 1.500000000000000000e+01
4.918000000000000114e+02 3.491999999999999886e+02 1.500000000000000000e+01
4.921999999999999886e+02 3.498000000000000114e+02 1.500000000000000000e+01
4.928000000000000114e+02 3.501999999999999886e+02 1.500000000000000000e+01
4.931999999999999886e+02 3.508000000000000114e+02 1.500000000000000000e+01
4.938000000000000114e+02 3.511999999999999886e+02 1.500000000000000000e+01
4.943999999999999773e+02 3.516000000000000227e+02 1.500000000000000000e+01
4.950000000000000000e+02 3.520000000000000000e+02 1.500000000000000000e+01
4.956000000000000227e+02 3.523999999999999773e+02 1.500000000000000000e+01
4.963999999999999773e+02 3.526000000000000227e+02 1.500000000000000000e+01
4.970000000000000000e+02 3.530000000000000000e+02 1.500000000000000000e+01
4.976000000000000227e+02 3.533999999999999773e+02 1.500000000000000000e+01
4.983999999999999773e+02 3.536000000000000227e+02 1.500000000000000000e+01
4.990000000000000000e+02 3.538000000000000114e+02 1.500000000000000000e+01
4.993999999999999773e+02 3.541999999999999886e+02 1.600000000000000000e+01
4.998000000000000114e+02 3.546000000000000227e+02 1.500000000000000000e+01
5.001999999999999886e+02 3.550000000000000000e+02 1.500000000000000000e+01
5.003999999999999773e+02 3.556000000000000227e+02 1.500000000000000000e+01
5.008000000000000114e+02 3.563999999999999773e+02 1.500000000000000000e+01
5.011999999999999886e+02 3.570000000000000000e+02 1.400000000000000000e+01
5.018000000000000114e+02 3.573999999999999773e+02 1.500000000000000000e+01
5.021999999999999886e+02 3.580000000000000000e+02 1.400000000000000000e+01
5.028000000000000114e+02 3.583999999999999773e+02 1.400000000000000000e+01
5.033999999999999773e+02 3.588000000000000114e+02 1.400000000000000000e+01
5.041999999999999886e+02 3.591999999999999886e+02 1.400000000000000000e+01
5.048000000000000114e+02 3.598000000000000114e+02 1.400000000000000000e+01
5.056000000000000227e+02 3.601999999999999886e+02 1.400000000000000000e+01
5.061999999999999886e+02 3.608000000000000114e+02 1.400000000000000000e+01
5.068000000000000114e+02 3.613999999999999773e+02 1.300000000000000000e+01
5.071999999999999886e+02 3.621999999999999886e+02 1.300000000000000000e+01
5.078000000000000114e+02 3.628000000000000114e+02 1.300000000000000000e+01
5.081999999999999886e+02 3.633999999999999773e+02 1.200000000000000000e+01
5.086000000000000227e+02 3.640000000000000000e+02 1.300000000000000000e+01
5.087500000000000000e+02 3.642500000000000000e+02 1.200000000000000000e+01
