1.541999999999999886e+02 4.911999999999999886e+02 1.100000000000000000e+01
1.548000000000000114e+02 4.918000000000000114e+02 1.100000000000000000e+01
1.551999999999999886e+02 4.926000000000000227e+02 1.100000000000000000e+01
1.558000000000000114e+02 4.933999999999999773e+02 1.100000000000000000e+01
1.561999999999999886e+02 4.941999999999999886e+02 1.100000000000000000e+01
1.568000000000000114e+02 4.948000000000000114e+02 1.100000000000000000e+01
1.571999999999999886e+02 4.956000000000000227e+02 1.100000000000000000e+01
1.578000000000000114e+02 4.961999999999999886e+02 1.100000000000000000e+01
1.581999999999999886e+02 4.968000000000000114e+02 1.100000000000000000e+01
1.585999999999999943e+02 4.973999999999999773e+02 1.100000000000000000e+01
1.590000000000000000e+02 4.980000000000000000e+02 1.100000000000000000e+01
1.594000000000000057e+02 4.986000000000000227e+02 1.100000000000000000e+01
1.595999999999999943e+02 4.993999999999999773e+02 1.100000000000000000e+01
1.598000000000000114e+02 5.001999999999999886e+02 1.100000000000000000e+01
1.601999999999999886e+02 5.008000000000000114e+02 1.100000000000000000e+01
1.604000000000000057e+02 5.016000000000000227e+02 1.100000000000000000e+01
1.605999999999999943e+02 5.023999999999999773e+02 1.100000000000000000e+01
1.605999999999999943e+02 5.031999999999999886e+02 1.100000000000000000e+01
1.605999999999999943e+02 5.040000000000000000e+02 1.100000000000000000e+01
1.604000000000000057e+02 5.050000000000000000e+02 1.100000000000000000e+01
1.600000000000000000e+02 5.058000000000000114e+02 1.100000000000000000e+01
1.595999999999999943e+02 5.066000000000000227e+02 1.100000000000000000e+01
1.591999999999999886e+02 5.071999999999999886e+02 1.100000000000000000e+01
1.588000000000000114e+02 5.078000000000000114e+02 1.100000000000000000e+01
1.581999999999999886e+02 5.081999999999999886e+02 1.100000000000000000e+01
1.578000000000000114e+02 5.088000000000000114e+02 1.100000000000000000e+01
1.571999999999999886e+02 5.091999999999999886e+02 1.100000000000000000e+01
1.568000000000000114e+02 5.098000000000000114e+02 1.100000000000000000e+01
1.561999999999999886e+02 5.101999999999999886e+02 1.100000000000000000e+01
1.558000000000000114e+02 5.108000000000000114e+02 1.100000000000000000e+01
1.551999999999999886e+02 5.113999999999999773e+02 1.100000000000000000e+01
1.548000000000000114e+02 5.122000000000000455e+02 1.100000000000000000e+01
1.541999999999999886e+02 5.127999999999999545e+02 1.100000000000000000e+01
1.538000000000000114e+02 5.136000000000000227e+02 1.100000000000000000e+01
1.534000000000000057e+02 5.143999999999999773e+02 1.100000000000000000e+01
1.530000000000000000e+02 5.150000000000000000e+02 1.100000000000000000e+01
1.525999999999999943e+02 5.156000000000000227e+02 1.100000000000000000e+01
1.524000000000000057e+02 5.163999999999999773e+02 1.100000000000000000e+01
1.520000000000000000e+02 5.172000000000000455e+02 1.100000000000000000e+01
1.515999999999999943e+02 5.180000000000000000e+02 1.100000000000000000e+01
1.514000000000000057e+02 5.190000000000000000e+02 1.100000000000000000e+01
1.510000000000000000e+02 5.197999999999999545e+02 1.100000000000000000e+01
1.505999999999999943e+02 5.206000000000000227e+02 1.100000000000000000e+01
1.504000000000000057e+02 5.213999999999999773e+02 1.100000000000000000e+01
1.500000000000000000e+02 5.222000000000000455e+02 1.100000000000000000e+01
1.495999999999999943e+02 5.230000000000000000e+02 1.100000000000000000e+01
1.491999999999999886e+02 5.237999999999999545e+02 1.100000000000000000e+01
1.488000000000000114e+02 5.246000000000000227e+02 1.100000000000000000e+01
1.481999999999999886e+02 5.253999999999999773e+02 1.100000000000000000e+01
1.475999999999999943e+02 5.262000000000000455e+02 1.100000000000000000e+01
1.468000000000000114e+02 5.267999999999999545e+02 1.100000000000000000e+01
1.461999999999999886e+02 5.276000000000000227e+02 1.100000000000000000e+01
1.454000000000000057e+02 5.282000000000000455e+02 1.100000000000000000e+01
1.445999999999999943e+02 5.286000000000000227e+02 1.100000000000000000e+01
1.438000000000000114e+02 5.287999999999999545e+02 1.100000000000000000e+01
1.430000000000000000e+02 5.287999999999999545e+02 1.100000000000000000e+01
1.420000000000000000e+02 5.286000000000000227e+02 1.100000000000000000e+01
1.411999999999999886e+02 5.282000000000000455e+02 1.100000000000000000e+01
1.404000000000000057e+02 5.277999999999999545e+02 1.100000000000000000e+01
1.395999999999999943e+02 5.273999999999999773e+02 1.100000000000000000e+01
1.390000000000000000e+02 5.270000000000000000e+02 1.100000000000000000e+01
1.384000000000000057e+02 5.263999999999999773e+02 1.100000000000000000e+01
1.375999999999999943e+02 5.260000000000000000e+02 1.100000000000000000e+01
1.370000000000000000e+02 5.253999999999999773e+02 1.100000000000000000e+01
1.364000000000000057e+02 5.246000000000000227e+02 1.100000000000000000e+01
1.358000000000000114e+02 5.240000000000000000e+02 1.100000000000000000e+01
1.351999999999999886e+02 5.233999999999999773e+02 1.200000000000000000e+01
1.348000000000000114e+02 5.226000000000000227e+02 1.200000000000000000e+01
1.341999999999999886e+02 5.220000000000000000e+02 1.200000000000000000e+01
1.335999999999999943e+02 5.216000000000000227e+02 1.200000000000000000e+01
1.330000000000000000e+02 5.210000000000000000e+02 1.100000000000000000e+01
1.324000000000000057e+02 5.207999999999999545e+02 1.100000000000000000e+01
1.318000000000000114e+02 5.210000000000000000e+02 1.100000000000000000e+01
1.311999999999999886e+02 5.212000000000000455e+02 1.100000000000000000e+01
1.308000000000000114e+02 5.216000000000000227e+02 1.100000000000000000e+01
1.301999999999999886e+02 5.222000000000000455e+02 1.100000000000000000e+01
1.298000000000000114e+02 5.227999999999999545e+02 1.100000000000000000e+01
1.291999999999999886e+02 5.232000000000000455e+02 1.100000000000000000e+01
1.285999999999999943e+02 5.236000000000000227e+02 1.100000000000000000e+01
1.280000000000000000e+02 5.240000000000000000e+02 1.100000000000000000e+01
1.274000000000000057e+02 5.243999999999999773e+02 1.100000000000000000e+01
1.265999999999999943e+02 5.246000000000000227e+02 1.100000000000000000e+01
1.257999999999999972e+02 5.247999999999999545e+02 1.100000000000000000e+01
1.250000000000000000e+02 5.250000000000000000e+02 1.100000000000000000e+01
1.242000000000000028e+02 5.252000000000000455e+02 1.100000000000000000e+01
1.237500000000000000e+02 5.252500000000000000e+02 1.100000000000000000e+01
