4.060000000000000000e+02 1.421000000000000000e+03 2.800000000000000000e+01
4.070000000000000000e+02 1.421000000000000000e+03 2.800000000000000000e+01
4.080000000000000000e+02 1.421000000000000000e+03 2.800000000000000000e+01
4.090000000000000000e+02 1.421000000000000000e+03 2.800000000000000000e+01
4.100000000000000000e+02 1.421000000000000000e+03 2.800000000000000000e+01
4.110000000000000000e+02 1.421000000000000000e+03 2.800000000000000000e+01
4.120000000000000000e+02 1.421000000000000000e+03 2.800000000000000000e+01
4.130000000000000000e+02 1.421000000000000000e+03 2.800000000000000000e+01
4.140000000000000000e+02 1.421000000000000000e+03 2.800000000000000000e+01
4.148000000000000114e+02 1.421200000000000045e+03 2.800000000000000000e+01
4.153999999999999773e+02 1.421400000000000091e+03 2.800000000000000000e+01
4.160000000000000000e+02 1.421599999999999909e+03 2.900000000000000000e+01
4.166000000000000227e+02 1.422000000000000000e+03 2.800000000000000000e+01
4.171999999999999886e+02 1.422400000000000091e+03 2.800000000000000000e+01
4.180000000000000000e+02 1.422799999999999955e+03 2.800000000000000000e+01
4.190000000000000000e+02 1.423200000000000045e+03 2.800000000000000000e+01
4.198000000000000114e+02 1.423799999999999955e+03 2.800000000000000000e+01
4.206000000000000227e+02 1.424200000000000045e+03 2.800000000000000000e+01
4.213999999999999773e+02 1.424799999999999955e+03 2.800000000000000000e+01
4.221999999999999886e+02 1.425200000000000045e+03 2.800000000000000000e+01
4.230000000000000000e+02 1.425799999999999955e+03 2.800000000000000000e+01
4.240000000000000000e+02 1.426200000000000045e+03 2.800000000000000000e+01
4.251999999999999886e+02 1.427000000000000000e+03 2.800000000000000000e+01
4.263999999999999773e+02 1.427799999999999955e+03 2.800000000000000000e+01
4.270000000000000000e+02 1.428250000000000000e+03 2.800000000000000000e+01
