3.100000000000000000e+01 3.670000000000000000e+02 1.500000000000000000e+01
3.100000000000000000e+01 3.680000000000000000e+02 1.500000000000000000e+01
3.100000000000000000e+01 3.688000000000000114e+02 1.500000000000000000e+01
3.100000000000000000e+01 3.696000000000000227e+02 1.600000000000000000e+01
3.119999999999999929e+01 3.701999999999999886e+02 1.600000000000000000e+01
3.139999999999999858e+01 3.708000000000000114e+02 1.600000000000000000e+01
3.160000000000000142e+01 3.713999999999999773e+02 1.600000000000000000e+01
3.200000000000000000e+01 3.721999999999999886e+02 1.600000000000000000e+01
3.239999999999999858e+01 3.730000000000000000e+02 1.600000000000000000e+01
3.279999999999999716e+01 3.738000000000000114e+02 1.600000000000000000e+01
3.320000000000000284e+01 3.746000000000000227e+02 1.600000000000000000e+01
3.360000000000000142e+01 3.753999999999999773e+02 1.600000000000000000e+01
3.400000000000000000e+01 3.760000000000000000e+02 1.600000000000000000e+01
3.439999999999999858e+01 3.766000000000000227e+02 1.600000000000000000e+01
3.479999999999999716e+01 3.773999999999999773e+02 1.600000000000000000e+01
3.520000000000000284e+01 3.781999999999999886e+02 1.600000000000000000e+01
3.579999999999999716e+01 3.788000000000000114e+02 1.600000000000000000e+01
3.620000000000000284e+01 3.796000000000000227e+02 1.600000000000000000e+01
3.660000000000000142e+01 3.803999999999999773e+02 1.600000000000000000e+01
3.700000000000000000e+01 3.810000000000000000e+02 1.600000000000000000e+01
3.725000000000000000e+01 3.812500000000000000e+02 1.600000000000000000e+01
