4.423999999999999773e+02 1.074200000000000045e+03 2.600000000000000000e+01
4.428000000000000114e+02 1.073799999999999955e+03 2.600000000000000000e+01
4.431999999999999886e+02 1.073400000000000091e+03 2.600000000000000000e+01
4.436000000000000227e+02 1.073000000000000000e+03 2.500000000000000000e+01
4.440000000000000000e+02 1.072599999999999909e+03 2.500000000000000000e+01
4.443999999999999773e+02 1.072200000000000045e+03 2.500000000000000000e+01
4.448000000000000114e+02 1.071799999999999955e+03 2.500000000000000000e+01
4.451999999999999886e+02 1.071400000000000091e+03 2.500000000000000000e+01
4.458000000000000114e+02 1.071200000000000045e+03 2.400000000000000000e+01
4.463999999999999773e+02 1.071000000000000000e+03 2.400000000000000000e+01
4.470000000000000000e+02 1.071200000000000045e+03 2.300000000000000000e+01
4.476000000000000227e+02 1.071400000000000091e+03 2.300000000000000000e+01
4.481999999999999886e+02 1.071599999999999909e+03 2.300000000000000000e+01
4.486000000000000227e+02 1.072000000000000000e+03 2.200000000000000000e+01
4.490000000000000000e+02 1.072400000000000091e+03 2.200000000000000000e+01
4.493999999999999773e+02 1.072599999999999909e+03 2.200000000000000000e+01
4.496000000000000227e+02 1.073000000000000000e+03 2.100000000000000000e+01
4.500000000000000000e+02 1.073599999999999909e+03 2.100000000000000000e+01
4.503999999999999773e+02 1.074200000000000045e+03 2.100000000000000000e+01
4.506000000000000227e+02 1.074599999999999909e+03 1.900000000000000000e+01
4.507500000000000000e+02 1.075000000000000000e+03 2.000000000000000000e+01
