5.753999999999999773e+02 1.296799999999999955e+03 2.900000000000000000e+01
5.762000000000000455e+02 1.297200000000000045e+03 2.900000000000000000e+01
5.767999999999999545e+02 1.297799999999999955e+03 2.900000000000000000e+01
5.776000000000000227e+02 1.298200000000000045e+03 2.900000000000000000e+01
5.782000000000000455e+02 1.298799999999999955e+03 2.900000000000000000e+01
5.787999999999999545e+02 1.299200000000000045e+03 2.900000000000000000e+01
5.793999999999999773e+02 1.299799999999999955e+03 2.900000000000000000e+01
5.802000000000000455e+02 1.300400000000000091e+03 2.900000000000000000e+01
5.810000000000000000e+02 1.301000000000000000e+03 2.900000000000000000e+01
5.817999999999999545e+02 1.301599999999999909e+03 2.900000000000000000e+01
5.826000000000000227e+02 1.302200000000000045e+03 2.900000000000000000e+01
5.832000000000000455e+02 1.302799999999999955e+03 2.900000000000000000e+01
5.837999999999999545e+02 1.303200000000000045e+03 2.800000000000000000e+01
5.842000000000000455e+02 1.303799999999999955e+03 2.800000000000000000e+01
5.847999999999999545e+02 1.304200000000000045e+03 2.800000000000000000e+01
5.852000000000000455e+02 1.304799999999999955e+03 2.800000000000000000e+01
5.857999999999999545e+02 1.305400000000000091e+03 2.800000000000000000e+01
5.862000000000000455e+02 1.306200000000000045e+03 2.800000000000000000e+01
5.867999999999999545e+02 1.306799999999999955e+03 2.800000000000000000e+01
5.872000000000000455e+02 1.307599999999999909e+03 2.800000000000000000e+01
5.875000000000000000e+02 1.308000000000000000e+03 2.800000000000000000e+01
