9.386000000000000227e+02 1.619400000000000091e+03 2.200000000000000000e+01
9.383999999999999773e+02 1.620000000000000000e+03 2.300000000000000000e+01
9.380000000000000000e+02 1.620400000000000091e+03 2.200000000000000000e+01
9.373999999999999773e+02 1.620799999999999955e+03 2.300000000000000000e+01
9.370000000000000000e+02 1.620799999999999955e+03 2.000000000000000000e+01
9.367999999999999545e+02 1.620599999999999909e+03 2.000000000000000000e+01
9.366000000000000227e+02 1.620200000000000045e+03 2.000000000000000000e+01
9.367999999999999545e+02 1.619799999999999955e+03 2.000000000000000000e+01
9.372000000000000455e+02 1.619400000000000091e+03 2.200000000000000000e+01
9.376000000000000227e+02 1.619000000000000000e+03 2.000000000000000000e+01
9.380000000000000000e+02 1.618599999999999909e+03 2.000000000000000000e+01
9.382500000000000000e+02 1.618500000000000000e+03 2.000000000000000000e+01
