1.685999999999999943e+02 8.190000000000000000e+02 2.500000000000000000e+01
1.691999999999999886e+02 8.192000000000000455e+02 2.500000000000000000e+01
1.698000000000000114e+02 8.193999999999999773e+02 2.500000000000000000e+01
1.701999999999999886e+02 8.196000000000000227e+02 2.500000000000000000e+01
1.705999999999999943e+02 8.200000000000000000e+02 2.400000000000000000e+01
1.708000000000000114e+02 8.206000000000000227e+02 2.400000000000000000e+01
1.711999999999999886e+02 8.210000000000000000e+02 2.300000000000000000e+01
1.714000000000000057e+02 8.216000000000000227e+02 2.300000000000000000e+01
1.715999999999999943e+02 8.223999999999999773e+02 2.200000000000000000e+01
1.717500000000000000e+02 8.227500000000000000e+02 2.200000000000000000e+01
