9.706000000000000227e+02 1.317599999999999909e+03 2.700000000000000000e+01
9.713999999999999773e+02 1.317400000000000091e+03 2.700000000000000000e+01
9.722000000000000455e+02 1.317200000000000045e+03 2.700000000000000000e+01
9.730000000000000000e+02 1.317000000000000000e+03 2.700000000000000000e+01
9.740000000000000000e+02 1.316799999999999955e+03 2.700000000000000000e+01
9.750000000000000000e+02 1.316599999999999909e+03 2.700000000000000000e+01
9.760000000000000000e+02 1.316400000000000091e+03 2.700000000000000000e+01
9.770000000000000000e+02 1.316200000000000045e+03 2.700000000000000000e+01
9.780000000000000000e+02 1.316000000000000000e+03 2.700000000000000000e+01
9.787999999999999545e+02 1.316200000000000045e+03 2.700000000000000000e+01
9.796000000000000227e+02 1.316400000000000091e+03 2.700000000000000000e+01
9.803999999999999773e+02 1.316599999999999909e+03 2.700000000000000000e+01
9.812000000000000455e+02 1.316799999999999955e+03 2.700000000000000000e+01
9.820000000000000000e+02 1.317000000000000000e+03 2.700000000000000000e+01
9.830000000000000000e+02 1.317000000000000000e+03 2.700000000000000000e+01
9.837999999999999545e+02 1.317200000000000045e+03 2.700000000000000000e+01
9.846000000000000227e+02 1.317400000000000091e+03 2.700000000000000000e+01
9.853999999999999773e+02 1.317599999999999909e+03 2.700000000000000000e+01
9.860000000000000000e+02 1.317799999999999955e+03 2.700000000000000000e+01
9.866000000000000227e+02 1.318000000000000000e+03 2.800000000000000000e+01
9.873999999999999773e+02 1.318000000000000000e+03 2.800000000000000000e+01
9.880000000000000000e+02 1.318200000000000045e+03 2.800000000000000000e+01
9.886000000000000227e+02 1.318400000000000091e+03 2.800000000000000000e+01
9.893999999999999773e+02 1.318599999999999909e+03 2.800000000000000000e+01
9.902000000000000455e+02 1.318799999999999955e+03 2.800000000000000000e+01
9.910000000000000000e+02 1.319000000000000000e+03 2.800000000000000000e+01
9.920000000000000000e+02 1.319000000000000000e+03 2.800000000000000000e+01
9.930000000000000000e+02 1.319000000000000000e+03 2.800000000000000000e+01
9.937999999999999545e+02 1.319200000000000045e+03 2.800000000000000000e+01
9.946000000000000227e+02 1.319400000000000091e+03 2.800000000000000000e+01
9.953999999999999773e+02 1.319599999999999909e+03 2.800000000000000000e+01
9.962000000000000455e+02 1.319799999999999955e+03 2.800000000000000000e+01
9.965000000000000000e+02 1.320000000000000000e+03 2.800000000000000000e+01
