3.903999999999999773e+02 8.776000000000000227e+02 1.700000000000000000e+01
3.908000000000000114e+02 8.782000000000000455e+02 1.700000000000000000e+01
3.911999999999999886e+02 8.787999999999999545e+02 1.700000000000000000e+01
3.918000000000000114e+02 8.792000000000000455e+02 1.700000000000000000e+01
3.921999999999999886e+02 8.797999999999999545e+02 1.700000000000000000e+01
3.928000000000000114e+02 8.802000000000000455e+02 1.700000000000000000e+01
3.931999999999999886e+02 8.807999999999999545e+02 1.800000000000000000e+01
3.938000000000000114e+02 8.812000000000000455e+02 1.800000000000000000e+01
3.941999999999999886e+02 8.817999999999999545e+02 1.800000000000000000e+01
3.948000000000000114e+02 8.822000000000000455e+02 1.800000000000000000e+01
3.951999999999999886e+02 8.827999999999999545e+02 1.800000000000000000e+01
3.956000000000000227e+02 8.833999999999999773e+02 1.800000000000000000e+01
3.960000000000000000e+02 8.840000000000000000e+02 1.800000000000000000e+01
3.963999999999999773e+02 8.846000000000000227e+02 1.800000000000000000e+01
3.966000000000000227e+02 8.852000000000000455e+02 1.800000000000000000e+01
3.968000000000000114e+02 8.857999999999999545e+02 1.900000000000000000e+01
3.971999999999999886e+02 8.863999999999999773e+02 1.900000000000000000e+01
3.973999999999999773e+02 8.872000000000000455e+02 1.900000000000000000e+01
3.976000000000000227e+02 8.880000000000000000e+02 1.900000000000000000e+01
3.980000000000000000e+02 8.887999999999999545e+02 1.900000000000000000e+01
3.983999999999999773e+02 8.896000000000000227e+02 1.900000000000000000e+01
3.986000000000000227e+02 8.903999999999999773e+02 1.900000000000000000e+01
3.988000000000000114e+02 8.912000000000000455e+02 1.900000000000000000e+01
3.991999999999999886e+02 8.917999999999999545e+02 1.900000000000000000e+01
3.993999999999999773e+02 8.926000000000000227e+02 1.900000000000000000e+01
3.996000000000000227e+02 8.933999999999999773e+02 1.900000000000000000e+01
3.998000000000000114e+02 8.940000000000000000e+02 1.900000000000000000e+01
4.000000000000000000e+02 8.946000000000000227e+02 2.000000000000000000e+01
4.001999999999999886e+02 8.953999999999999773e+02 2.000000000000000000e+01
4.003999999999999773e+02 8.962000000000000455e+02 2.000000000000000000e+01
4.006000000000000227e+02 8.970000000000000000e+02 2.000000000000000000e+01
4.008000000000000114e+02 8.980000000000000000e+02 2.000000000000000000e+01
4.011999999999999886e+02 8.987999999999999545e+02 2.000000000000000000e+01
4.012500000000000000e+02 8.992500000000000000e+02 2.000000000000000000e+01
