5.732000000000000455e+02 1.528599999999999909e+03 2.700000000000000000e+01
5.737999999999999545e+02 1.529200000000000045e+03 2.700000000000000000e+01
5.742000000000000455e+02 1.529799999999999955e+03 2.700000000000000000e+01
5.747999999999999545e+02 1.530200000000000045e+03 2.700000000000000000e+01
5.753999999999999773e+02 1.530599999999999909e+03 2.800000000000000000e+01
5.762000000000000455e+02 1.530799999999999955e+03 2.800000000000000000e+01
5.770000000000000000e+02 1.531000000000000000e+03 2.800000000000000000e+01
5.780000000000000000e+02 1.531000000000000000e+03 2.800000000000000000e+01
5.790000000000000000e+02 1.531000000000000000e+03 2.800000000000000000e+01
5.797999999999999545e+02 1.530799999999999955e+03 2.800000000000000000e+01
5.806000000000000227e+02 1.530599999999999909e+03 2.800000000000000000e+01
5.813999999999999773e+02 1.530400000000000091e+03 2.800000000000000000e+01
5.822000000000000455e+02 1.530200000000000045e+03 2.800000000000000000e+01
5.830000000000000000e+02 1.529799999999999955e+03 2.800000000000000000e+01
5.840000000000000000e+02 1.529599999999999909e+03 2.800000000000000000e+01
5.850000000000000000e+02 1.529400000000000091e+03 2.800000000000000000e+01
5.860000000000000000e+02 1.529200000000000045e+03 2.800000000000000000e+01
5.867999999999999545e+02 1.529000000000000000e+03 2.700000000000000000e+01
5.876000000000000227e+02 1.529000000000000000e+03 2.800000000000000000e+01
5.883999999999999773e+02 1.529000000000000000e+03 2.700000000000000000e+01
5.890000000000000000e+02 1.529200000000000045e+03 2.700000000000000000e+01
5.896000000000000227e+02 1.529400000000000091e+03 2.700000000000000000e+01
5.903999999999999773e+02 1.529599999999999909e+03 2.700000000000000000e+01
5.912000000000000455e+02 1.530000000000000000e+03 2.700000000000000000e+01
5.920000000000000000e+02 1.530400000000000091e+03 2.700000000000000000e+01
5.930000000000000000e+02 1.530799999999999955e+03 2.700000000000000000e+01
5.940000000000000000e+02 1.531200000000000045e+03 2.700000000000000000e+01
5.947999999999999545e+02 1.531799999999999955e+03 2.700000000000000000e+01
5.952500000000000000e+02 1.532000000000000000e+03 2.700000000000000000e+01
