5.817999999999999545e+02 1.242799999999999955e+03 2.900000000000000000e+01
5.822000000000000455e+02 1.242200000000000045e+03 2.900000000000000000e+01
5.827999999999999545e+02 1.241799999999999955e+03 2.900000000000000000e+01
5.832000000000000455e+02 1.241400000000000091e+03 2.900000000000000000e+01
5.837999999999999545e+02 1.241000000000000000e+03 2.800000000000000000e+01
5.843999999999999773e+02 1.240599999999999909e+03 2.800000000000000000e+01
5.850000000000000000e+02 1.240200000000000045e+03 2.800000000000000000e+01
5.856000000000000227e+02 1.239799999999999955e+03 2.800000000000000000e+01
5.863999999999999773e+02 1.239400000000000091e+03 2.800000000000000000e+01
5.870000000000000000e+02 1.239000000000000000e+03 2.800000000000000000e+01
5.876000000000000227e+02 1.238599999999999909e+03 2.800000000000000000e+01
5.883999999999999773e+02 1.238400000000000091e+03 2.800000000000000000e+01
5.890000000000000000e+02 1.238000000000000000e+03 2.800000000000000000e+01
5.896000000000000227e+02 1.237599999999999909e+03 2.800000000000000000e+01
5.903999999999999773e+02 1.237400000000000091e+03 2.800000000000000000e+01
5.912000000000000455e+02 1.237200000000000045e+03 2.800000000000000000e+01
5.920000000000000000e+02 1.236799999999999955e+03 2.800000000000000000e+01
5.930000000000000000e+02 1.236599999999999909e+03 2.800000000000000000e+01
5.940000000000000000e+02 1.236400000000000091e+03 2.800000000000000000e+01
5.950000000000000000e+02 1.236200000000000045e+03 2.800000000000000000e+01
5.955000000000000000e+02 1.236000000000000000e+03 2.800000000000000000e+01
