9.320000000000000284e+01 8.126000000000000227e+02 2.800000000000000000e+01
9.359999999999999432e+01 8.133999999999999773e+02 2.800000000000000000e+01
9.400000000000000000e+01 8.140000000000000000e+02 2.700000000000000000e+01
9.440000000000000568e+01 8.146000000000000227e+02 2.700000000000000000e+01
9.459999999999999432e+01 8.153999999999999773e+02 2.700000000000000000e+01
9.500000000000000000e+01 8.160000000000000000e+02 2.700000000000000000e+01
9.540000000000000568e+01 8.166000000000000227e+02 2.700000000000000000e+01
9.579999999999999716e+01 8.173999999999999773e+02 2.700000000000000000e+01
9.620000000000000284e+01 8.182000000000000455e+02 2.700000000000000000e+01
9.679999999999999716e+01 8.190000000000000000e+02 2.700000000000000000e+01
9.720000000000000284e+01 8.200000000000000000e+02 2.700000000000000000e+01
9.779999999999999716e+01 8.207999999999999545e+02 2.700000000000000000e+01
9.820000000000000284e+01 8.216000000000000227e+02 2.700000000000000000e+01
9.859999999999999432e+01 8.223999999999999773e+02 2.700000000000000000e+01
9.900000000000000000e+01 8.230000000000000000e+02 2.700000000000000000e+01
9.940000000000000568e+01 8.236000000000000227e+02 2.700000000000000000e+01
9.979999999999999716e+01 8.243999999999999773e+02 2.700000000000000000e+01
1.002000000000000028e+02 8.252000000000000455e+02 2.700000000000000000e+01
1.007999999999999972e+02 8.257999999999999545e+02 2.700000000000000000e+01
1.012000000000000028e+02 8.266000000000000227e+02 2.700000000000000000e+01
1.015999999999999943e+02 8.273999999999999773e+02 2.700000000000000000e+01
1.020000000000000000e+02 8.280000000000000000e+02 2.700000000000000000e+01
1.024000000000000057e+02 8.286000000000000227e+02 2.700000000000000000e+01
1.027999999999999972e+02 8.293999999999999773e+02 2.700000000000000000e+01
1.032000000000000028e+02 8.302000000000000455e+02 2.700000000000000000e+01
1.037999999999999972e+02 8.310000000000000000e+02 2.700000000000000000e+01
1.042000000000000028e+02 8.320000000000000000e+02 2.700000000000000000e+01
1.047999999999999972e+02 8.327999999999999545e+02 2.700000000000000000e+01
1.052000000000000028e+02 8.336000000000000227e+02 2.700000000000000000e+01
1.055000000000000000e+02 8.340000000000000000e+02 2.700000000000000000e+01
