5.280000000000000000e+02 7.430000000000000000e+02 2.400000000000000000e+01
5.287999999999999545e+02 7.430000000000000000e+02 2.400000000000000000e+01
5.296000000000000227e+02 7.430000000000000000e+02 2.500000000000000000e+01
5.303999999999999773e+02 7.430000000000000000e+02 2.500000000000000000e+01
5.312000000000000455e+02 7.430000000000000000e+02 2.500000000000000000e+01
5.320000000000000000e+02 7.430000000000000000e+02 2.500000000000000000e+01
5.327999999999999545e+02 7.427999999999999545e+02 2.500000000000000000e+01
5.336000000000000227e+02 7.426000000000000227e+02 2.500000000000000000e+01
5.343999999999999773e+02 7.423999999999999773e+02 2.600000000000000000e+01
5.352000000000000455e+02 7.422000000000000455e+02 2.600000000000000000e+01
5.360000000000000000e+02 7.420000000000000000e+02 2.600000000000000000e+01
5.370000000000000000e+02 7.420000000000000000e+02 2.600000000000000000e+01
5.377999999999999545e+02 7.417999999999999545e+02 2.600000000000000000e+01
5.386000000000000227e+02 7.416000000000000227e+02 2.700000000000000000e+01
5.393999999999999773e+02 7.413999999999999773e+02 2.700000000000000000e+01
5.400000000000000000e+02 7.410000000000000000e+02 2.700000000000000000e+01
5.406000000000000227e+02 7.406000000000000227e+02 2.700000000000000000e+01
5.413999999999999773e+02 7.403999999999999773e+02 2.700000000000000000e+01
5.420000000000000000e+02 7.400000000000000000e+02 2.700000000000000000e+01
5.423999999999999773e+02 7.396000000000000227e+02 2.700000000000000000e+01
5.430000000000000000e+02 7.393999999999999773e+02 2.800000000000000000e+01
5.433999999999999773e+02 7.390000000000000000e+02 2.800000000000000000e+01
5.437999999999999545e+02 7.386000000000000227e+02 2.800000000000000000e+01
5.442000000000000455e+02 7.382000000000000455e+02 2.800000000000000000e+01
5.447999999999999545e+02 7.377999999999999545e+02 2.800000000000000000e+01
5.452000000000000455e+02 7.372000000000000455e+02 2.800000000000000000e+01
5.456000000000000227e+02 7.366000000000000227e+02 2.800000000000000000e+01
5.460000000000000000e+02 7.360000000000000000e+02 2.800000000000000000e+01
5.463999999999999773e+02 7.353999999999999773e+02 2.800000000000000000e+01
5.466000000000000227e+02 7.346000000000000227e+02 2.800000000000000000e+01
5.470000000000000000e+02 7.337999999999999545e+02 2.800000000000000000e+01
5.473999999999999773e+02 7.330000000000000000e+02 2.900000000000000000e+01
5.476000000000000227e+02 7.320000000000000000e+02 2.900000000000000000e+01
5.480000000000000000e+02 7.312000000000000455e+02 2.900000000000000000e+01
5.483999999999999773e+02 7.303999999999999773e+02 2.900000000000000000e+01
5.486000000000000227e+02 7.296000000000000227e+02 2.900000000000000000e+01
5.490000000000000000e+02 7.290000000000000000e+02 2.900000000000000000e+01
5.493999999999999773e+02 7.283999999999999773e+02 2.900000000000000000e+01
5.497999999999999545e+02 7.277999999999999545e+02 2.900000000000000000e+01
5.503999999999999773e+02 7.273999999999999773e+02 2.900000000000000000e+01
5.512000000000000455e+02 7.272000000000000455e+02 2.900000000000000000e+01
5.520000000000000000e+02 7.270000000000000000e+02 2.900000000000000000e+01
5.530000000000000000e+02 7.270000000000000000e+02 2.900000000000000000e+01
5.540000000000000000e+02 7.270000000000000000e+02 2.900000000000000000e+01
5.550000000000000000e+02 7.270000000000000000e+02 2.900000000000000000e+01
5.557999999999999545e+02 7.272000000000000455e+02 2.900000000000000000e+01
5.566000000000000227e+02 7.273999999999999773e+02 2.900000000000000000e+01
5.573999999999999773e+02 7.276000000000000227e+02 2.900000000000000000e+01
5.582000000000000455e+02 7.280000000000000000e+02 2.900000000000000000e+01
5.590000000000000000e+02 7.283999999999999773e+02 2.900000000000000000e+01
5.600000000000000000e+02 7.286000000000000227e+02 2.900000000000000000e+01
5.607999999999999545e+02 7.290000000000000000e+02 2.900000000000000000e+01
5.616000000000000227e+02 7.293999999999999773e+02 3.000000000000000000e+01
5.623999999999999773e+02 7.296000000000000227e+02 3.000000000000000000e+01
5.632000000000000455e+02 7.297999999999999545e+02 3.000000000000000000e+01
5.637999999999999545e+02 7.302000000000000455e+02 3.000000000000000000e+01
5.646000000000000227e+02 7.303999999999999773e+02 3.000000000000000000e+01
5.653999999999999773e+02 7.306000000000000227e+02 3.000000000000000000e+01
5.662000000000000455e+02 7.307999999999999545e+02 3.000000000000000000e+01
5.667999999999999545e+02 7.312000000000000455e+02 3.100000000000000000e+01
5.676000000000000227e+02 7.313999999999999773e+02 3.100000000000000000e+01
5.683999999999999773e+02 7.316000000000000227e+02 3.100000000000000000e+01
5.692000000000000455e+02 7.317999999999999545e+02 3.100000000000000000e+01
5.700000000000000000e+02 7.320000000000000000e+02 3.100000000000000000e+01
5.707999999999999545e+02 7.322000000000000455e+02 3.200000000000000000e+01
5.716000000000000227e+02 7.323999999999999773e+02 3.200000000000000000e+01
5.723999999999999773e+02 7.326000000000000227e+02 3.200000000000000000e+01
5.730000000000000000e+02 7.327999999999999545e+02 3.200000000000000000e+01
5.736000000000000227e+02 7.330000000000000000e+02 3.300000000000000000e+01
5.742000000000000455e+02 7.332000000000000455e+02 3.300000000000000000e+01
5.747999999999999545e+02 7.333999999999999773e+02 3.300000000000000000e+01
5.752000000000000455e+02 7.336000000000000227e+02 3.300000000000000000e+01
5.757999999999999545e+02 7.340000000000000000e+02 3.400000000000000000e+01
5.763999999999999773e+02 7.343999999999999773e+02 3.400000000000000000e+01
5.770000000000000000e+02 7.346000000000000227e+02 3.400000000000000000e+01
5.773999999999999773e+02 7.350000000000000000e+02 3.500000000000000000e+01
5.780000000000000000e+02 7.353999999999999773e+02 3.500000000000000000e+01
5.783999999999999773e+02 7.356000000000000227e+02 3.500000000000000000e+01
5.786000000000000227e+02 7.360000000000000000e+02 3.600000000000000000e+01
5.790000000000000000e+02 7.363999999999999773e+02 3.600000000000000000e+01
5.793999999999999773e+02 7.367999999999999545e+02 3.600000000000000000e+01
5.797999999999999545e+02 7.372000000000000455e+02 3.700000000000000000e+01
5.803999999999999773e+02 7.377999999999999545e+02 3.700000000000000000e+01
5.807500000000000000e+02 7.380000000000000000e+02 3.800000000000000000e+01
