5.736000000000000227e+02 1.581599999999999909e+03 2.800000000000000000e+01
5.740000000000000000e+02 1.581000000000000000e+03 2.800000000000000000e+01
5.743999999999999773e+02 1.580400000000000091e+03 2.800000000000000000e+01
5.747999999999999545e+02 1.579599999999999909e+03 2.800000000000000000e+01
5.752000000000000455e+02 1.578799999999999955e+03 2.800000000000000000e+01
5.757999999999999545e+02 1.578000000000000000e+03 2.800000000000000000e+01
5.762000000000000455e+02 1.577000000000000000e+03 2.800000000000000000e+01
5.767999999999999545e+02 1.576200000000000045e+03 2.800000000000000000e+01
5.772000000000000455e+02 1.575400000000000091e+03 2.800000000000000000e+01
5.776000000000000227e+02 1.574599999999999909e+03 2.800000000000000000e+01
5.780000000000000000e+02 1.574000000000000000e+03 2.800000000000000000e+01
5.783999999999999773e+02 1.573400000000000091e+03 2.800000000000000000e+01
5.786000000000000227e+02 1.572599999999999909e+03 2.800000000000000000e+01
5.790000000000000000e+02 1.572000000000000000e+03 2.800000000000000000e+01
5.793999999999999773e+02 1.571400000000000091e+03 2.800000000000000000e+01
5.796000000000000227e+02 1.570599999999999909e+03 2.800000000000000000e+01
5.800000000000000000e+02 1.570000000000000000e+03 2.800000000000000000e+01
5.803999999999999773e+02 1.569400000000000091e+03 2.800000000000000000e+01
5.806000000000000227e+02 1.568599999999999909e+03 2.800000000000000000e+01
5.810000000000000000e+02 1.568000000000000000e+03 2.800000000000000000e+01
5.813999999999999773e+02 1.567400000000000091e+03 2.800000000000000000e+01
5.816000000000000227e+02 1.566599999999999909e+03 2.800000000000000000e+01
5.820000000000000000e+02 1.566000000000000000e+03 2.800000000000000000e+01
5.823999999999999773e+02 1.565400000000000091e+03 2.800000000000000000e+01
5.826000000000000227e+02 1.564599999999999909e+03 2.800000000000000000e+01
5.830000000000000000e+02 1.564000000000000000e+03 2.800000000000000000e+01
5.833999999999999773e+02 1.563400000000000091e+03 2.800000000000000000e+01
5.837999999999999545e+02 1.562799999999999955e+03 2.800000000000000000e+01
5.842000000000000455e+02 1.562200000000000045e+03 2.800000000000000000e+01
5.846000000000000227e+02 1.561599999999999909e+03 2.800000000000000000e+01
5.850000000000000000e+02 1.561000000000000000e+03 2.800000000000000000e+01
5.853999999999999773e+02 1.560400000000000091e+03 2.800000000000000000e+01
5.856000000000000227e+02 1.559599999999999909e+03 2.800000000000000000e+01
5.860000000000000000e+02 1.559000000000000000e+03 2.700000000000000000e+01
5.863999999999999773e+02 1.558400000000000091e+03 2.700000000000000000e+01
5.867999999999999545e+02 1.557799999999999955e+03 2.700000000000000000e+01
5.872000000000000455e+02 1.557200000000000045e+03 2.700000000000000000e+01
5.876000000000000227e+02 1.556599999999999909e+03 2.700000000000000000e+01
5.880000000000000000e+02 1.556000000000000000e+03 2.700000000000000000e+01
5.883999999999999773e+02 1.555400000000000091e+03 2.700000000000000000e+01
5.886000000000000227e+02 1.554599999999999909e+03 2.700000000000000000e+01
5.887999999999999545e+02 1.553799999999999955e+03 2.700000000000000000e+01
5.892000000000000455e+02 1.553200000000000045e+03 2.700000000000000000e+01
5.893999999999999773e+02 1.552400000000000091e+03 2.700000000000000000e+01
5.896000000000000227e+02 1.551599999999999909e+03 2.700000000000000000e+01
5.900000000000000000e+02 1.550799999999999955e+03 2.700000000000000000e+01
5.903999999999999773e+02 1.550000000000000000e+03 2.700000000000000000e+01
5.906000000000000227e+02 1.549000000000000000e+03 2.700000000000000000e+01
5.910000000000000000e+02 1.548200000000000045e+03 2.700000000000000000e+01
5.913999999999999773e+02 1.547400000000000091e+03 2.700000000000000000e+01
5.916000000000000227e+02 1.546599999999999909e+03 2.700000000000000000e+01
5.920000000000000000e+02 1.545799999999999955e+03 2.700000000000000000e+01
5.923999999999999773e+02 1.545000000000000000e+03 2.700000000000000000e+01
5.926000000000000227e+02 1.544000000000000000e+03 2.700000000000000000e+01
5.930000000000000000e+02 1.543200000000000045e+03 2.700000000000000000e+01
5.933999999999999773e+02 1.542400000000000091e+03 2.700000000000000000e+01
5.936000000000000227e+02 1.541599999999999909e+03 2.700000000000000000e+01
5.937999999999999545e+02 1.540799999999999955e+03 2.700000000000000000e+01
5.942000000000000455e+02 1.540200000000000045e+03 2.700000000000000000e+01
5.943999999999999773e+02 1.539400000000000091e+03 2.700000000000000000e+01
5.946000000000000227e+02 1.538599999999999909e+03 2.700000000000000000e+01
5.947999999999999545e+02 1.537799999999999955e+03 2.700000000000000000e+01
5.952000000000000455e+02 1.537200000000000045e+03 2.700000000000000000e+01
5.953999999999999773e+02 1.536200000000000045e+03 2.700000000000000000e+01
5.956000000000000227e+02 1.535599999999999909e+03 2.700000000000000000e+01
5.957500000000000000e+02 1.535250000000000000e+03 2.700000000000000000e+01
