4.071999999999999886e+02 1.297599999999999909e+03 2.000000000000000000e+01
4.076000000000000227e+02 1.298400000000000091e+03 2.000000000000000000e+01
4.080000000000000000e+02 1.299200000000000045e+03 2.000000000000000000e+01
4.083999999999999773e+02 1.300000000000000000e+03 2.000000000000000000e+01
4.086000000000000227e+02 1.301000000000000000e+03 2.000000000000000000e+01
4.088000000000000114e+02 1.302000000000000000e+03 2.000000000000000000e+01
4.091999999999999886e+02 1.302799999999999955e+03 2.000000000000000000e+01
4.093999999999999773e+02 1.303599999999999909e+03 2.000000000000000000e+01
4.096000000000000227e+02 1.304400000000000091e+03 2.000000000000000000e+01
4.098000000000000114e+02 1.305200000000000045e+03 2.000000000000000000e+01
4.100000000000000000e+02 1.306000000000000000e+03 2.000000000000000000e+01
4.100000000000000000e+02 1.306799999999999955e+03 2.000000000000000000e+01
4.100000000000000000e+02 1.307599999999999909e+03 2.100000000000000000e+01
4.100000000000000000e+02 1.308400000000000091e+03 2.100000000000000000e+01
4.100000000000000000e+02 1.309200000000000045e+03 2.100000000000000000e+01
4.100000000000000000e+02 1.309799999999999955e+03 2.100000000000000000e+01
4.100000000000000000e+02 1.310599999999999909e+03 2.200000000000000000e+01
4.100000000000000000e+02 1.311400000000000091e+03 2.200000000000000000e+01
4.100000000000000000e+02 1.312000000000000000e+03 2.200000000000000000e+01
4.100000000000000000e+02 1.312599999999999909e+03 2.300000000000000000e+01
4.098000000000000114e+02 1.313200000000000045e+03 2.300000000000000000e+01
4.096000000000000227e+02 1.313599999999999909e+03 2.300000000000000000e+01
4.091999999999999886e+02 1.313799999999999955e+03 2.400000000000000000e+01
4.088000000000000114e+02 1.314000000000000000e+03 2.400000000000000000e+01
4.081999999999999886e+02 1.314000000000000000e+03 2.500000000000000000e+01
4.076000000000000227e+02 1.314000000000000000e+03 2.500000000000000000e+01
4.070000000000000000e+02 1.313799999999999955e+03 2.500000000000000000e+01
4.066000000000000227e+02 1.313599999999999909e+03 2.500000000000000000e+01
4.060000000000000000e+02 1.313200000000000045e+03 2.600000000000000000e+01
4.056000000000000227e+02 1.312599999999999909e+03 2.600000000000000000e+01
4.053999999999999773e+02 1.311799999999999955e+03 2.600000000000000000e+01
4.051999999999999886e+02 1.311000000000000000e+03 2.600000000000000000e+01
4.050000000000000000e+02 1.310200000000000045e+03 2.600000000000000000e+01
4.050000000000000000e+02 1.309400000000000091e+03 2.700000000000000000e+01
4.050000000000000000e+02 1.308599999999999909e+03 2.700000000000000000e+01
4.050000000000000000e+02 1.307799999999999955e+03 2.700000000000000000e+01
4.050000000000000000e+02 1.307000000000000000e+03 2.700000000000000000e+01
4.050000000000000000e+02 1.306500000000000000e+03 2.700000000000000000e+01
