6.466000000000000227e+02 1.524000000000000000e+03 2.900000000000000000e+01
6.460000000000000000e+02 1.523599999999999909e+03 3.000000000000000000e+01
6.453999999999999773e+02 1.523400000000000091e+03 3.000000000000000000e+01
6.447999999999999545e+02 1.523200000000000045e+03 3.000000000000000000e+01
6.440000000000000000e+02 1.523000000000000000e+03 3.000000000000000000e+01
6.430000000000000000e+02 1.523000000000000000e+03 3.000000000000000000e+01
6.420000000000000000e+02 1.523000000000000000e+03 3.000000000000000000e+01
6.410000000000000000e+02 1.523000000000000000e+03 3.000000000000000000e+01
6.400000000000000000e+02 1.523200000000000045e+03 3.000000000000000000e+01
6.393999999999999773e+02 1.523400000000000091e+03 2.900000000000000000e+01
6.390000000000000000e+02 1.523500000000000000e+03 2.900000000000000000e+01
