6.576000000000000227e+02 5.463999999999999773e+02 1.600000000000000000e+01
6.583999999999999773e+02 5.466000000000000227e+02 1.600000000000000000e+01
6.592000000000000455e+02 5.467999999999999545e+02 1.600000000000000000e+01
6.600000000000000000e+02 5.470000000000000000e+02 1.600000000000000000e+01
6.607999999999999545e+02 5.472000000000000455e+02 1.600000000000000000e+01
6.616000000000000227e+02 5.473999999999999773e+02 1.600000000000000000e+01
6.623999999999999773e+02 5.476000000000000227e+02 1.600000000000000000e+01
6.632000000000000455e+02 5.477999999999999545e+02 1.600000000000000000e+01
6.640000000000000000e+02 5.482000000000000455e+02 1.600000000000000000e+01
6.650000000000000000e+02 5.483999999999999773e+02 1.600000000000000000e+01
6.660000000000000000e+02 5.486000000000000227e+02 1.600000000000000000e+01
6.670000000000000000e+02 5.490000000000000000e+02 1.600000000000000000e+01
6.680000000000000000e+02 5.493999999999999773e+02 1.600000000000000000e+01
6.690000000000000000e+02 5.496000000000000227e+02 1.600000000000000000e+01
6.695000000000000000e+02 5.497500000000000000e+02 1.600000000000000000e+01
