5.133999999999999773e+02 8.343999999999999773e+02 1.800000000000000000e+01
5.137999999999999545e+02 8.337999999999999545e+02 1.800000000000000000e+01
5.142000000000000455e+02 8.332000000000000455e+02 1.800000000000000000e+01
5.147999999999999545e+02 8.327999999999999545e+02 1.800000000000000000e+01
5.153999999999999773e+02 8.322000000000000455e+02 1.800000000000000000e+01
5.162000000000000455e+02 8.317999999999999545e+02 1.700000000000000000e+01
5.170000000000000000e+02 8.313999999999999773e+02 1.700000000000000000e+01
5.177999999999999545e+02 8.310000000000000000e+02 1.700000000000000000e+01
5.186000000000000227e+02 8.306000000000000227e+02 1.700000000000000000e+01
5.192000000000000455e+02 8.303999999999999773e+02 1.700000000000000000e+01
5.197999999999999545e+02 8.302000000000000455e+02 1.600000000000000000e+01
5.203999999999999773e+02 8.300000000000000000e+02 1.600000000000000000e+01
5.210000000000000000e+02 8.302000000000000455e+02 1.600000000000000000e+01
5.216000000000000227e+02 8.303999999999999773e+02 1.600000000000000000e+01
5.222000000000000455e+02 8.306000000000000227e+02 1.600000000000000000e+01
5.227999999999999545e+02 8.307999999999999545e+02 1.500000000000000000e+01
5.232000000000000455e+02 8.312000000000000455e+02 1.500000000000000000e+01
5.237999999999999545e+02 8.313999999999999773e+02 1.500000000000000000e+01
5.242000000000000455e+02 8.317999999999999545e+02 1.500000000000000000e+01
5.247999999999999545e+02 8.322000000000000455e+02 1.500000000000000000e+01
5.252000000000000455e+02 8.327999999999999545e+02 1.400000000000000000e+01
5.257999999999999545e+02 8.332000000000000455e+02 1.400000000000000000e+01
5.262000000000000455e+02 8.337999999999999545e+02 1.400000000000000000e+01
5.267999999999999545e+02 8.342000000000000455e+02 1.400000000000000000e+01
5.272000000000000455e+02 8.347999999999999545e+02 1.400000000000000000e+01
5.277999999999999545e+02 8.352000000000000455e+02 1.400000000000000000e+01
5.283999999999999773e+02 8.356000000000000227e+02 1.300000000000000000e+01
5.290000000000000000e+02 8.360000000000000000e+02 1.300000000000000000e+01
5.296000000000000227e+02 8.363999999999999773e+02 1.300000000000000000e+01
5.303999999999999773e+02 8.366000000000000227e+02 1.300000000000000000e+01
5.312000000000000455e+02 8.367999999999999545e+02 1.300000000000000000e+01
5.317999999999999545e+02 8.372000000000000455e+02 1.300000000000000000e+01
5.322500000000000000e+02 8.372500000000000000e+02 1.300000000000000000e+01
