8.379999999999999716e+01 2.921999999999999886e+02 1.300000000000000000e+01
8.440000000000000568e+01 2.928000000000000114e+02 1.300000000000000000e+01
8.520000000000000284e+01 2.933999999999999773e+02 1.300000000000000000e+01
8.600000000000000000e+01 2.941999999999999886e+02 1.300000000000000000e+01
8.700000000000000000e+01 2.950000000000000000e+02 1.300000000000000000e+01
8.779999999999999716e+01 2.958000000000000114e+02 1.300000000000000000e+01
8.859999999999999432e+01 2.963999999999999773e+02 1.400000000000000000e+01
8.920000000000000284e+01 2.970000000000000000e+02 1.400000000000000000e+01
8.979999999999999716e+01 2.976000000000000227e+02 1.400000000000000000e+01
9.040000000000000568e+01 2.980000000000000000e+02 1.400000000000000000e+01
9.100000000000000000e+01 2.986000000000000227e+02 1.400000000000000000e+01
9.159999999999999432e+01 2.993999999999999773e+02 1.400000000000000000e+01
9.240000000000000568e+01 3.001999999999999886e+02 1.400000000000000000e+01
9.320000000000000284e+01 3.010000000000000000e+02 1.400000000000000000e+01
9.350000000000000000e+01 3.015000000000000000e+02 1.500000000000000000e+01
