5.347999999999999545e+02 8.392000000000000455e+02 1.300000000000000000e+01
5.352000000000000455e+02 8.397999999999999545e+02 1.300000000000000000e+01
5.356000000000000227e+02 8.403999999999999773e+02 1.300000000000000000e+01
5.360000000000000000e+02 8.410000000000000000e+02 1.300000000000000000e+01
5.363999999999999773e+02 8.416000000000000227e+02 1.300000000000000000e+01
5.367999999999999545e+02 8.422000000000000455e+02 1.300000000000000000e+01
5.372000000000000455e+02 8.427999999999999545e+02 1.300000000000000000e+01
5.376000000000000227e+02 8.433999999999999773e+02 1.300000000000000000e+01
5.380000000000000000e+02 8.440000000000000000e+02 1.300000000000000000e+01
5.383999999999999773e+02 8.446000000000000227e+02 1.300000000000000000e+01
5.386000000000000227e+02 8.453999999999999773e+02 1.300000000000000000e+01
5.387999999999999545e+02 8.462000000000000455e+02 1.300000000000000000e+01
5.392000000000000455e+02 8.467999999999999545e+02 1.300000000000000000e+01
5.393999999999999773e+02 8.476000000000000227e+02 1.300000000000000000e+01
5.396000000000000227e+02 8.483999999999999773e+02 1.300000000000000000e+01
5.397999999999999545e+02 8.492000000000000455e+02 1.400000000000000000e+01
5.402000000000000455e+02 8.497999999999999545e+02 1.400000000000000000e+01
5.403999999999999773e+02 8.506000000000000227e+02 1.400000000000000000e+01
5.406000000000000227e+02 8.513999999999999773e+02 1.400000000000000000e+01
5.407999999999999545e+02 8.522000000000000455e+02 1.400000000000000000e+01
5.412000000000000455e+02 8.527999999999999545e+02 1.400000000000000000e+01
5.413999999999999773e+02 8.536000000000000227e+02 1.400000000000000000e+01
5.416000000000000227e+02 8.543999999999999773e+02 1.400000000000000000e+01
5.417999999999999545e+02 8.552000000000000455e+02 1.400000000000000000e+01
5.422000000000000455e+02 8.560000000000000000e+02 1.400000000000000000e+01
5.423999999999999773e+02 8.570000000000000000e+02 1.400000000000000000e+01
5.426000000000000227e+02 8.580000000000000000e+02 1.400000000000000000e+01
5.430000000000000000e+02 8.590000000000000000e+02 1.400000000000000000e+01
5.432500000000000000e+02 8.595000000000000000e+02 1.500000000000000000e+01
