5.078000000000000114e+02 7.572000000000000455e+02 1.300000000000000000e+01
5.081999999999999886e+02 7.567999999999999545e+02 1.300000000000000000e+01
5.086000000000000227e+02 7.566000000000000227e+02 1.300000000000000000e+01
5.090000000000000000e+02 7.563999999999999773e+02 1.400000000000000000e+01
5.096000000000000227e+02 7.560000000000000000e+02 1.400000000000000000e+01
5.100000000000000000e+02 7.556000000000000227e+02 1.400000000000000000e+01
5.106000000000000227e+02 7.553999999999999773e+02 1.500000000000000000e+01
5.111999999999999886e+02 7.550000000000000000e+02 1.500000000000000000e+01
5.116000000000000227e+02 7.546000000000000227e+02 1.500000000000000000e+01
5.120000000000000000e+02 7.543999999999999773e+02 1.600000000000000000e+01
5.123999999999999773e+02 7.540000000000000000e+02 1.600000000000000000e+01
5.127999999999999545e+02 7.536000000000000227e+02 1.600000000000000000e+01
5.132000000000000455e+02 7.532000000000000455e+02 1.700000000000000000e+01
5.137999999999999545e+02 7.527999999999999545e+02 1.700000000000000000e+01
5.142000000000000455e+02 7.523999999999999773e+02 1.700000000000000000e+01
5.146000000000000227e+02 7.520000000000000000e+02 1.800000000000000000e+01
5.150000000000000000e+02 7.516000000000000227e+02 1.800000000000000000e+01
5.156000000000000227e+02 7.512000000000000455e+02 1.800000000000000000e+01
5.160000000000000000e+02 7.507999999999999545e+02 1.800000000000000000e+01
5.166000000000000227e+02 7.503999999999999773e+02 1.900000000000000000e+01
5.172000000000000455e+02 7.500000000000000000e+02 1.900000000000000000e+01
5.177999999999999545e+02 7.496000000000000227e+02 1.900000000000000000e+01
5.182000000000000455e+02 7.492000000000000455e+02 2.000000000000000000e+01
5.187999999999999545e+02 7.487999999999999545e+02 2.000000000000000000e+01
5.192000000000000455e+02 7.483999999999999773e+02 2.000000000000000000e+01
5.197999999999999545e+02 7.480000000000000000e+02 2.100000000000000000e+01
5.203999999999999773e+02 7.476000000000000227e+02 2.100000000000000000e+01
5.210000000000000000e+02 7.472000000000000455e+02 2.200000000000000000e+01
5.216000000000000227e+02 7.467999999999999545e+02 2.200000000000000000e+01
5.222000000000000455e+02 7.462000000000000455e+02 2.200000000000000000e+01
5.227999999999999545e+02 7.457999999999999545e+02 2.200000000000000000e+01
5.233999999999999773e+02 7.452000000000000455e+02 2.300000000000000000e+01
5.242000000000000455e+02 7.447999999999999545e+02 2.300000000000000000e+01
5.245000000000000000e+02 7.445000000000000000e+02 2.400000000000000000e+01
