4.300000000000000000e+02 1.000000000000000000e+03 2.300000000000000000e+01
4.300000000000000000e+02 1.001000000000000000e+03 2.300000000000000000e+01
4.300000000000000000e+02 1.002000000000000000e+03 2.300000000000000000e+01
4.300000000000000000e+02 1.003000000000000000e+03 2.300000000000000000e+01
4.300000000000000000e+02 1.004000000000000000e+03 2.300000000000000000e+01
4.300000000000000000e+02 1.005000000000000000e+03 2.300000000000000000e+01
4.298000000000000114e+02 1.006000000000000000e+03 2.300000000000000000e+01
4.296000000000000227e+02 1.007000000000000000e+03 2.300000000000000000e+01
4.293999999999999773e+02 1.007799999999999955e+03 2.300000000000000000e+01
4.291999999999999886e+02 1.008600000000000023e+03 2.400000000000000000e+01
4.290000000000000000e+02 1.009399999999999977e+03 2.400000000000000000e+01
4.290000000000000000e+02 1.010200000000000045e+03 2.400000000000000000e+01
4.290000000000000000e+02 1.011000000000000000e+03 2.400000000000000000e+01
4.290000000000000000e+02 1.012000000000000000e+03 2.400000000000000000e+01
4.290000000000000000e+02 1.013000000000000000e+03 2.400000000000000000e+01
4.288000000000000114e+02 1.013799999999999955e+03 2.400000000000000000e+01
4.286000000000000227e+02 1.014600000000000023e+03 2.400000000000000000e+01
4.283999999999999773e+02 1.015399999999999977e+03 2.400000000000000000e+01
4.281999999999999886e+02 1.016000000000000000e+03 2.400000000000000000e+01
4.278000000000000114e+02 1.016600000000000023e+03 2.500000000000000000e+01
4.276000000000000227e+02 1.017399999999999977e+03 2.500000000000000000e+01
4.273999999999999773e+02 1.018200000000000045e+03 2.500000000000000000e+01
4.270000000000000000e+02 1.018799999999999955e+03 2.500000000000000000e+01
4.266000000000000227e+02 1.019600000000000023e+03 2.500000000000000000e+01
4.263999999999999773e+02 1.020399999999999977e+03 2.500000000000000000e+01
4.261999999999999886e+02 1.021200000000000045e+03 2.500000000000000000e+01
4.260000000000000000e+02 1.022000000000000000e+03 2.500000000000000000e+01
4.258000000000000114e+02 1.022799999999999955e+03 2.500000000000000000e+01
4.256000000000000227e+02 1.023600000000000023e+03 2.500000000000000000e+01
4.253999999999999773e+02 1.024400000000000091e+03 2.500000000000000000e+01
4.251999999999999886e+02 1.025200000000000045e+03 2.500000000000000000e+01
4.250000000000000000e+02 1.026000000000000000e+03 2.500000000000000000e+01
4.250000000000000000e+02 1.027000000000000000e+03 2.500000000000000000e+01
4.250000000000000000e+02 1.028000000000000000e+03 2.500000000000000000e+01
4.250000000000000000e+02 1.029000000000000000e+03 2.500000000000000000e+01
4.251999999999999886e+02 1.029799999999999955e+03 2.500000000000000000e+01
4.253999999999999773e+02 1.030599999999999909e+03 2.500000000000000000e+01
4.256000000000000227e+02 1.031400000000000091e+03 2.500000000000000000e+01
4.258000000000000114e+02 1.032200000000000045e+03 2.500000000000000000e+01
4.260000000000000000e+02 1.033000000000000000e+03 2.500000000000000000e+01
4.261999999999999886e+02 1.033799999999999955e+03 2.500000000000000000e+01
4.263999999999999773e+02 1.034599999999999909e+03 2.500000000000000000e+01
4.266000000000000227e+02 1.035400000000000091e+03 2.500000000000000000e+01
4.268000000000000114e+02 1.036200000000000045e+03 2.500000000000000000e+01
4.271999999999999886e+02 1.037000000000000000e+03 2.500000000000000000e+01
4.273999999999999773e+02 1.038000000000000000e+03 2.500000000000000000e+01
4.276000000000000227e+02 1.039000000000000000e+03 2.500000000000000000e+01
4.280000000000000000e+02 1.040000000000000000e+03 2.500000000000000000e+01
4.283999999999999773e+02 1.041000000000000000e+03 2.500000000000000000e+01
4.286000000000000227e+02 1.042000000000000000e+03 2.500000000000000000e+01
4.290000000000000000e+02 1.043000000000000000e+03 2.500000000000000000e+01
4.293999999999999773e+02 1.044000000000000000e+03 2.500000000000000000e+01
4.296000000000000227e+02 1.045000000000000000e+03 2.500000000000000000e+01
4.300000000000000000e+02 1.046000000000000000e+03 2.500000000000000000e+01
4.303999999999999773e+02 1.047000000000000000e+03 2.500000000000000000e+01
4.306000000000000227e+02 1.048000000000000000e+03 2.500000000000000000e+01
4.310000000000000000e+02 1.049000000000000000e+03 2.500000000000000000e+01
4.313999999999999773e+02 1.050000000000000000e+03 2.600000000000000000e+01
4.316000000000000227e+02 1.051000000000000000e+03 2.600000000000000000e+01
4.318000000000000114e+02 1.052000000000000000e+03 2.600000000000000000e+01
4.320000000000000000e+02 1.053000000000000000e+03 2.600000000000000000e+01
4.321999999999999886e+02 1.053799999999999955e+03 2.600000000000000000e+01
4.323999999999999773e+02 1.054599999999999909e+03 2.600000000000000000e+01
4.326000000000000227e+02 1.055400000000000091e+03 2.600000000000000000e+01
4.328000000000000114e+02 1.056200000000000045e+03 2.600000000000000000e+01
4.330000000000000000e+02 1.057000000000000000e+03 2.600000000000000000e+01
4.331999999999999886e+02 1.057799999999999955e+03 2.600000000000000000e+01
4.333999999999999773e+02 1.058599999999999909e+03 2.600000000000000000e+01
4.336000000000000227e+02 1.059400000000000091e+03 2.600000000000000000e+01
4.340000000000000000e+02 1.060200000000000045e+03 2.600000000000000000e+01
4.343999999999999773e+02 1.061000000000000000e+03 2.600000000000000000e+01
4.346000000000000227e+02 1.061799999999999955e+03 2.600000000000000000e+01
4.348000000000000114e+02 1.062599999999999909e+03 2.700000000000000000e+01
4.351999999999999886e+02 1.063400000000000091e+03 2.700000000000000000e+01
4.353999999999999773e+02 1.064200000000000045e+03 2.700000000000000000e+01
4.356000000000000227e+02 1.065000000000000000e+03 2.700000000000000000e+01
4.360000000000000000e+02 1.065799999999999955e+03 2.700000000000000000e+01
4.363999999999999773e+02 1.066599999999999909e+03 2.700000000000000000e+01
4.368000000000000114e+02 1.067400000000000091e+03 2.700000000000000000e+01
4.371999999999999886e+02 1.068200000000000045e+03 2.700000000000000000e+01
4.378000000000000114e+02 1.069000000000000000e+03 2.700000000000000000e+01
4.383999999999999773e+02 1.070000000000000000e+03 2.700000000000000000e+01
4.390000000000000000e+02 1.071000000000000000e+03 2.700000000000000000e+01
4.396000000000000227e+02 1.072000000000000000e+03 2.700000000000000000e+01
4.401999999999999886e+02 1.073000000000000000e+03 2.700000000000000000e+01
4.405000000000000000e+02 1.073500000000000000e+03 2.700000000000000000e+01
