5.912000000000000455e+02 1.314000000000000057e+02 1.300000000000000000e+01
5.917999999999999545e+02 1.308000000000000114e+02 1.300000000000000000e+01
5.922000000000000455e+02 1.301999999999999886e+02 1.300000000000000000e+01
5.927999999999999545e+02 1.298000000000000114e+02 1.300000000000000000e+01
5.932000000000000455e+02 1.291999999999999886e+02 1.300000000000000000e+01
5.937999999999999545e+02 1.288000000000000114e+02 1.300000000000000000e+01
5.942000000000000455e+02 1.281999999999999886e+02 1.300000000000000000e+01
5.947999999999999545e+02 1.277999999999999972e+02 1.300000000000000000e+01
5.952000000000000455e+02 1.274000000000000057e+02 1.300000000000000000e+01
5.957999999999999545e+02 1.272000000000000028e+02 1.400000000000000000e+01
5.962000000000000455e+02 1.267999999999999972e+02 1.400000000000000000e+01
5.967999999999999545e+02 1.265999999999999943e+02 1.400000000000000000e+01
5.972000000000000455e+02 1.262000000000000028e+02 1.400000000000000000e+01
5.977999999999999545e+02 1.257999999999999972e+02 1.400000000000000000e+01
5.983999999999999773e+02 1.254000000000000057e+02 1.400000000000000000e+01
5.990000000000000000e+02 1.250000000000000000e+02 1.400000000000000000e+01
5.996000000000000227e+02 1.245999999999999943e+02 1.400000000000000000e+01
6.003999999999999773e+02 1.242000000000000028e+02 1.400000000000000000e+01
6.012000000000000455e+02 1.235999999999999943e+02 1.400000000000000000e+01
6.017999999999999545e+02 1.230000000000000000e+02 1.400000000000000000e+01
6.026000000000000227e+02 1.225999999999999943e+02 1.500000000000000000e+01
6.032000000000000455e+02 1.220000000000000000e+02 1.500000000000000000e+01
6.037999999999999545e+02 1.214000000000000057e+02 1.500000000000000000e+01
6.042000000000000455e+02 1.207999999999999972e+02 1.500000000000000000e+01
6.047999999999999545e+02 1.202000000000000028e+02 1.500000000000000000e+01
6.050000000000000000e+02 1.197500000000000000e+02 1.500000000000000000e+01
