6.343999999999999773e+02 8.840000000000000568e+01 1.900000000000000000e+01
6.342000000000000455e+02 8.920000000000000284e+01 1.900000000000000000e+01
6.340000000000000000e+02 9.000000000000000000e+01 1.900000000000000000e+01
6.337999999999999545e+02 9.079999999999999716e+01 1.900000000000000000e+01
6.336000000000000227e+02 9.159999999999999432e+01 1.900000000000000000e+01
6.333999999999999773e+02 9.240000000000000568e+01 1.900000000000000000e+01
6.332000000000000455e+02 9.320000000000000284e+01 1.900000000000000000e+01
6.330000000000000000e+02 9.400000000000000000e+01 1.900000000000000000e+01
6.327999999999999545e+02 9.479999999999999716e+01 1.900000000000000000e+01
6.326000000000000227e+02 9.559999999999999432e+01 1.900000000000000000e+01
6.323999999999999773e+02 9.640000000000000568e+01 1.900000000000000000e+01
6.322000000000000455e+02 9.720000000000000284e+01 1.900000000000000000e+01
6.317999999999999545e+02 9.779999999999999716e+01 1.900000000000000000e+01
6.316000000000000227e+02 9.859999999999999432e+01 1.900000000000000000e+01
6.313999999999999773e+02 9.940000000000000568e+01 1.900000000000000000e+01
6.312000000000000455e+02 1.002000000000000028e+02 1.900000000000000000e+01
6.307999999999999545e+02 1.007999999999999972e+02 1.900000000000000000e+01
6.306000000000000227e+02 1.015999999999999943e+02 1.900000000000000000e+01
6.303999999999999773e+02 1.024000000000000057e+02 1.900000000000000000e+01
6.300000000000000000e+02 1.032000000000000028e+02 1.900000000000000000e+01
6.296000000000000227e+02 1.040000000000000000e+02 1.900000000000000000e+01
6.292000000000000455e+02 1.050000000000000000e+02 1.900000000000000000e+01
6.287999999999999545e+02 1.060000000000000000e+02 1.900000000000000000e+01
6.282000000000000455e+02 1.070000000000000000e+02 1.900000000000000000e+01
6.277999999999999545e+02 1.080000000000000000e+02 1.900000000000000000e+01
6.272000000000000455e+02 1.087999999999999972e+02 1.900000000000000000e+01
6.267999999999999545e+02 1.095999999999999943e+02 1.900000000000000000e+01
6.263999999999999773e+02 1.104000000000000057e+02 1.900000000000000000e+01
6.260000000000000000e+02 1.110000000000000000e+02 1.900000000000000000e+01
6.256000000000000227e+02 1.115999999999999943e+02 1.900000000000000000e+01
6.253999999999999773e+02 1.124000000000000057e+02 1.900000000000000000e+01
6.250000000000000000e+02 1.130000000000000000e+02 1.900000000000000000e+01
6.246000000000000227e+02 1.135999999999999943e+02 1.900000000000000000e+01
6.242000000000000455e+02 1.144000000000000057e+02 1.900000000000000000e+01
6.237999999999999545e+02 1.152000000000000028e+02 1.900000000000000000e+01
6.232000000000000455e+02 1.157999999999999972e+02 1.900000000000000000e+01
6.227999999999999545e+02 1.165999999999999943e+02 1.900000000000000000e+01
6.223999999999999773e+02 1.174000000000000057e+02 1.900000000000000000e+01
6.220000000000000000e+02 1.180000000000000000e+02 1.900000000000000000e+01
6.216000000000000227e+02 1.185999999999999943e+02 1.900000000000000000e+01
6.212000000000000455e+02 1.192000000000000028e+02 1.900000000000000000e+01
6.207999999999999545e+02 1.197999999999999972e+02 1.900000000000000000e+01
6.203999999999999773e+02 1.204000000000000057e+02 1.900000000000000000e+01
6.200000000000000000e+02 1.210000000000000000e+02 1.900000000000000000e+01
6.196000000000000227e+02 1.215999999999999943e+02 1.900000000000000000e+01
6.192000000000000455e+02 1.222000000000000028e+02 1.900000000000000000e+01
6.187999999999999545e+02 1.227999999999999972e+02 1.900000000000000000e+01
6.182000000000000455e+02 1.234000000000000057e+02 1.900000000000000000e+01
6.176000000000000227e+02 1.240000000000000000e+02 1.900000000000000000e+01
6.170000000000000000e+02 1.245999999999999943e+02 1.900000000000000000e+01
6.163999999999999773e+02 1.252000000000000028e+02 1.900000000000000000e+01
6.156000000000000227e+02 1.257999999999999972e+02 1.900000000000000000e+01
6.147999999999999545e+02 1.262000000000000028e+02 1.900000000000000000e+01
6.140000000000000000e+02 1.265999999999999943e+02 1.900000000000000000e+01
6.130000000000000000e+02 1.270000000000000000e+02 1.900000000000000000e+01
6.120000000000000000e+02 1.274000000000000057e+02 1.900000000000000000e+01
6.110000000000000000e+02 1.275999999999999943e+02 1.900000000000000000e+01
6.100000000000000000e+02 1.277999999999999972e+02 1.900000000000000000e+01
6.095000000000000000e+02 1.280000000000000000e+02 1.900000000000000000e+01
