8.500000000000000000e+02 1.356000000000000000e+03 2.200000000000000000e+01
8.507999999999999545e+02 1.356200000000000045e+03 2.200000000000000000e+01
8.513999999999999773e+02 1.356400000000000091e+03 2.200000000000000000e+01
8.520000000000000000e+02 1.356599999999999909e+03 2.300000000000000000e+01
8.526000000000000227e+02 1.356799999999999955e+03 2.300000000000000000e+01
8.532000000000000455e+02 1.357000000000000000e+03 2.300000000000000000e+01
8.537999999999999545e+02 1.357000000000000000e+03 2.300000000000000000e+01
8.546000000000000227e+02 1.357000000000000000e+03 2.400000000000000000e+01
8.553999999999999773e+02 1.357000000000000000e+03 2.400000000000000000e+01
8.562000000000000455e+02 1.357000000000000000e+03 2.400000000000000000e+01
8.570000000000000000e+02 1.357000000000000000e+03 2.400000000000000000e+01
8.580000000000000000e+02 1.357000000000000000e+03 2.400000000000000000e+01
8.587999999999999545e+02 1.357000000000000000e+03 2.400000000000000000e+01
8.596000000000000227e+02 1.357000000000000000e+03 2.500000000000000000e+01
8.603999999999999773e+02 1.357000000000000000e+03 2.500000000000000000e+01
8.610000000000000000e+02 1.357200000000000045e+03 2.500000000000000000e+01
8.616000000000000227e+02 1.357400000000000091e+03 2.500000000000000000e+01
8.623999999999999773e+02 1.357599999999999909e+03 2.500000000000000000e+01
8.632000000000000455e+02 1.358000000000000000e+03 2.500000000000000000e+01
8.640000000000000000e+02 1.358400000000000091e+03 2.500000000000000000e+01
8.647999999999999545e+02 1.358799999999999955e+03 2.500000000000000000e+01
8.656000000000000227e+02 1.359200000000000045e+03 2.500000000000000000e+01
8.663999999999999773e+02 1.359799999999999955e+03 2.500000000000000000e+01
8.667500000000000000e+02 1.360000000000000000e+03 2.500000000000000000e+01
