1.036599999999999909e+03 5.472000000000000455e+02 1.500000000000000000e+01
1.037200000000000045e+03 5.477999999999999545e+02 1.500000000000000000e+01
1.037799999999999955e+03 5.482000000000000455e+02 1.500000000000000000e+01
1.038200000000000045e+03 5.487999999999999545e+02 1.500000000000000000e+01
1.038799999999999955e+03 5.492000000000000455e+02 1.500000000000000000e+01
1.039200000000000045e+03 5.497999999999999545e+02 1.500000000000000000e+01
1.039799999999999955e+03 5.502000000000000455e+02 1.500000000000000000e+01
1.040200000000000045e+03 5.507999999999999545e+02 1.500000000000000000e+01
1.040799999999999955e+03 5.513999999999999773e+02 1.500000000000000000e+01
1.041200000000000045e+03 5.522000000000000455e+02 1.500000000000000000e+01
1.041799999999999955e+03 5.527999999999999545e+02 1.500000000000000000e+01
1.042200000000000045e+03 5.536000000000000227e+02 1.500000000000000000e+01
1.042599999999999909e+03 5.543999999999999773e+02 1.500000000000000000e+01
1.043000000000000000e+03 5.550000000000000000e+02 1.500000000000000000e+01
1.043400000000000091e+03 5.556000000000000227e+02 1.500000000000000000e+01
1.043799999999999955e+03 5.563999999999999773e+02 1.500000000000000000e+01
1.044200000000000045e+03 5.572000000000000455e+02 1.500000000000000000e+01
1.044799999999999955e+03 5.580000000000000000e+02 1.500000000000000000e+01
1.045200000000000045e+03 5.590000000000000000e+02 1.500000000000000000e+01
1.045599999999999909e+03 5.600000000000000000e+02 1.500000000000000000e+01
1.046000000000000000e+03 5.607999999999999545e+02 1.500000000000000000e+01
1.046400000000000091e+03 5.616000000000000227e+02 1.500000000000000000e+01
1.046599999999999909e+03 5.623999999999999773e+02 1.500000000000000000e+01
1.047000000000000000e+03 5.630000000000000000e+02 1.500000000000000000e+01
1.047400000000000091e+03 5.636000000000000227e+02 1.500000000000000000e+01
1.047599999999999909e+03 5.643999999999999773e+02 1.500000000000000000e+01
1.048000000000000000e+03 5.652000000000000455e+02 1.500000000000000000e+01
1.048400000000000091e+03 5.660000000000000000e+02 1.500000000000000000e+01
1.048599999999999909e+03 5.670000000000000000e+02 1.500000000000000000e+01
1.049000000000000000e+03 5.677999999999999545e+02 1.500000000000000000e+01
1.049400000000000091e+03 5.686000000000000227e+02 1.500000000000000000e+01
1.049599999999999909e+03 5.692000000000000455e+02 1.500000000000000000e+01
1.049799999999999955e+03 5.697999999999999545e+02 1.600000000000000000e+01
1.050200000000000045e+03 5.702000000000000455e+02 1.600000000000000000e+01
1.050400000000000091e+03 5.707999999999999545e+02 1.600000000000000000e+01
1.050599999999999909e+03 5.713999999999999773e+02 1.600000000000000000e+01
1.050799999999999955e+03 5.722000000000000455e+02 1.600000000000000000e+01
1.051200000000000045e+03 5.727999999999999545e+02 1.600000000000000000e+01
1.051400000000000091e+03 5.736000000000000227e+02 1.600000000000000000e+01
1.051599999999999909e+03 5.743999999999999773e+02 1.600000000000000000e+01
1.052000000000000000e+03 5.752000000000000455e+02 1.600000000000000000e+01
1.052250000000000000e+03 5.755000000000000000e+02 1.600000000000000000e+01
