2.893999999999999773e+02 1.460000000000000000e+03 3.000000000000000000e+01
2.891999999999999886e+02 1.461000000000000000e+03 3.000000000000000000e+01
2.888000000000000114e+02 1.462000000000000000e+03 3.000000000000000000e+01
2.886000000000000227e+02 1.463000000000000000e+03 3.000000000000000000e+01
2.883999999999999773e+02 1.464000000000000000e+03 3.000000000000000000e+01
2.881999999999999886e+02 1.465000000000000000e+03 3.000000000000000000e+01
2.880000000000000000e+02 1.466000000000000000e+03 3.000000000000000000e+01
2.880000000000000000e+02 1.467000000000000000e+03 3.000000000000000000e+01
2.880000000000000000e+02 1.468000000000000000e+03 3.000000000000000000e+01
2.880000000000000000e+02 1.469000000000000000e+03 3.000000000000000000e+01
2.880000000000000000e+02 1.470000000000000000e+03 3.000000000000000000e+01
2.880000000000000000e+02 1.471000000000000000e+03 3.000000000000000000e+01
2.881999999999999886e+02 1.471799999999999955e+03 3.000000000000000000e+01
2.883999999999999773e+02 1.472599999999999909e+03 3.000000000000000000e+01
2.886000000000000227e+02 1.473400000000000091e+03 3.000000000000000000e+01
2.888000000000000114e+02 1.474200000000000045e+03 3.000000000000000000e+01
2.890000000000000000e+02 1.475000000000000000e+03 3.000000000000000000e+01
2.891999999999999886e+02 1.476000000000000000e+03 3.000000000000000000e+01
2.893999999999999773e+02 1.477000000000000000e+03 3.000000000000000000e+01
2.896000000000000227e+02 1.478000000000000000e+03 3.000000000000000000e+01
2.898000000000000114e+02 1.479000000000000000e+03 3.000000000000000000e+01
2.901999999999999886e+02 1.480000000000000000e+03 3.000000000000000000e+01
2.902500000000000000e+02 1.480500000000000000e+03 3.000000000000000000e+01
