3.151999999999999886e+02 1.256799999999999955e+03 3.000000000000000000e+01
3.150000000000000000e+02 1.256000000000000000e+03 3.000000000000000000e+01
3.150000000000000000e+02 1.255000000000000000e+03 3.000000000000000000e+01
3.148000000000000114e+02 1.254200000000000045e+03 3.000000000000000000e+01
3.146000000000000227e+02 1.253400000000000091e+03 3.000000000000000000e+01
3.143999999999999773e+02 1.252599999999999909e+03 3.000000000000000000e+01
3.141999999999999886e+02 1.251799999999999955e+03 3.000000000000000000e+01
3.140000000000000000e+02 1.251000000000000000e+03 3.000000000000000000e+01
3.140000000000000000e+02 1.250000000000000000e+03 3.000000000000000000e+01
3.140000000000000000e+02 1.249000000000000000e+03 3.000000000000000000e+01
3.140000000000000000e+02 1.248000000000000000e+03 3.000000000000000000e+01
3.140000000000000000e+02 1.247000000000000000e+03 3.000000000000000000e+01
3.141999999999999886e+02 1.246200000000000045e+03 3.000000000000000000e+01
3.143999999999999773e+02 1.245400000000000091e+03 3.000000000000000000e+01
3.146000000000000227e+02 1.244599999999999909e+03 3.000000000000000000e+01
3.148000000000000114e+02 1.243799999999999955e+03 3.000000000000000000e+01
3.151999999999999886e+02 1.243200000000000045e+03 3.000000000000000000e+01
3.153999999999999773e+02 1.242400000000000091e+03 3.000000000000000000e+01
3.156000000000000227e+02 1.241599999999999909e+03 3.000000000000000000e+01
3.160000000000000000e+02 1.241000000000000000e+03 3.000000000000000000e+01
3.163999999999999773e+02 1.240400000000000091e+03 3.000000000000000000e+01
3.168000000000000114e+02 1.239599999999999909e+03 3.000000000000000000e+01
3.171999999999999886e+02 1.238799999999999955e+03 3.000000000000000000e+01
3.178000000000000114e+02 1.238000000000000000e+03 3.000000000000000000e+01
3.181999999999999886e+02 1.237400000000000091e+03 3.000000000000000000e+01
3.185000000000000000e+02 1.237000000000000000e+03 3.000000000000000000e+01
