1.080000000000000000e+02 1.801999999999999886e+02 1.400000000000000000e+01
1.072000000000000028e+02 1.801999999999999886e+02 1.300000000000000000e+01
1.064000000000000057e+02 1.804000000000000057e+02 1.300000000000000000e+01
1.054000000000000057e+02 1.805999999999999943e+02 1.300000000000000000e+01
1.045999999999999943e+02 1.810000000000000000e+02 1.300000000000000000e+01
1.037999999999999972e+02 1.811999999999999886e+02 1.300000000000000000e+01
1.027999999999999972e+02 1.815999999999999943e+02 1.300000000000000000e+01
1.017999999999999972e+02 1.818000000000000114e+02 1.300000000000000000e+01
1.012000000000000028e+02 1.820000000000000000e+02 1.300000000000000000e+01
1.004000000000000057e+02 1.820000000000000000e+02 1.400000000000000000e+01
9.959999999999999432e+01 1.820000000000000000e+02 1.400000000000000000e+01
9.879999999999999716e+01 1.820000000000000000e+02 1.400000000000000000e+01
9.820000000000000284e+01 1.821999999999999886e+02 1.400000000000000000e+01
9.740000000000000568e+01 1.824000000000000057e+02 1.400000000000000000e+01
9.659999999999999432e+01 1.825999999999999943e+02 1.400000000000000000e+01
9.579999999999999716e+01 1.828000000000000114e+02 1.400000000000000000e+01
9.500000000000000000e+01 1.830000000000000000e+02 1.400000000000000000e+01
9.400000000000000000e+01 1.830000000000000000e+02 1.400000000000000000e+01
9.300000000000000000e+01 1.830000000000000000e+02 1.400000000000000000e+01
9.200000000000000000e+01 1.830000000000000000e+02 1.400000000000000000e+01
9.100000000000000000e+01 1.830000000000000000e+02 1.400000000000000000e+01
9.000000000000000000e+01 1.830000000000000000e+02 1.400000000000000000e+01
8.900000000000000000e+01 1.830000000000000000e+02 1.400000000000000000e+01
8.820000000000000284e+01 1.831999999999999886e+02 1.400000000000000000e+01
8.740000000000000568e+01 1.834000000000000057e+02 1.500000000000000000e+01
8.659999999999999432e+01 1.835999999999999943e+02 1.500000000000000000e+01
8.579999999999999716e+01 1.838000000000000114e+02 1.500000000000000000e+01
8.500000000000000000e+01 1.840000000000000000e+02 1.500000000000000000e+01
8.400000000000000000e+01 1.840000000000000000e+02 1.500000000000000000e+01
8.320000000000000284e+01 1.841999999999999886e+02 1.500000000000000000e+01
8.240000000000000568e+01 1.844000000000000057e+02 1.500000000000000000e+01
8.159999999999999432e+01 1.845999999999999943e+02 1.500000000000000000e+01
8.079999999999999716e+01 1.848000000000000114e+02 1.500000000000000000e+01
8.020000000000000284e+01 1.851999999999999886e+02 1.500000000000000000e+01
7.940000000000000568e+01 1.854000000000000057e+02 1.500000000000000000e+01
7.859999999999999432e+01 1.855999999999999943e+02 1.500000000000000000e+01
7.779999999999999716e+01 1.858000000000000114e+02 1.500000000000000000e+01
7.700000000000000000e+01 1.861999999999999886e+02 1.500000000000000000e+01
7.600000000000000000e+01 1.864000000000000057e+02 1.500000000000000000e+01
7.500000000000000000e+01 1.865999999999999943e+02 1.500000000000000000e+01
7.420000000000000284e+01 1.870000000000000000e+02 1.500000000000000000e+01
7.340000000000000568e+01 1.874000000000000057e+02 1.500000000000000000e+01
7.259999999999999432e+01 1.875999999999999943e+02 1.500000000000000000e+01
7.179999999999999716e+01 1.878000000000000114e+02 1.500000000000000000e+01
7.120000000000000284e+01 1.881999999999999886e+02 1.500000000000000000e+01
7.040000000000000568e+01 1.884000000000000057e+02 1.500000000000000000e+01
6.959999999999999432e+01 1.885999999999999943e+02 1.500000000000000000e+01
6.879999999999999716e+01 1.888000000000000114e+02 1.500000000000000000e+01
6.800000000000000000e+01 1.890000000000000000e+02 1.500000000000000000e+01
6.750000000000000000e+01 1.890000000000000000e+02 1.500000000000000000e+01
