8.170000000000000000e+02 7.357999999999999545e+02 1.600000000000000000e+01
8.176000000000000227e+02 7.356000000000000227e+02 1.600000000000000000e+01
8.183999999999999773e+02 7.353999999999999773e+02 1.600000000000000000e+01
8.192000000000000455e+02 7.352000000000000455e+02 1.600000000000000000e+01
8.200000000000000000e+02 7.350000000000000000e+02 1.600000000000000000e+01
8.210000000000000000e+02 7.350000000000000000e+02 1.600000000000000000e+01
8.220000000000000000e+02 7.350000000000000000e+02 1.600000000000000000e+01
8.230000000000000000e+02 7.350000000000000000e+02 1.600000000000000000e+01
8.240000000000000000e+02 7.350000000000000000e+02 1.600000000000000000e+01
8.247999999999999545e+02 7.347999999999999545e+02 1.600000000000000000e+01
8.256000000000000227e+02 7.346000000000000227e+02 1.600000000000000000e+01
8.263999999999999773e+02 7.343999999999999773e+02 1.600000000000000000e+01
8.272000000000000455e+02 7.342000000000000455e+02 1.600000000000000000e+01
8.280000000000000000e+02 7.340000000000000000e+02 1.600000000000000000e+01
8.290000000000000000e+02 7.340000000000000000e+02 1.600000000000000000e+01
8.300000000000000000e+02 7.340000000000000000e+02 1.600000000000000000e+01
8.310000000000000000e+02 7.340000000000000000e+02 1.600000000000000000e+01
8.320000000000000000e+02 7.340000000000000000e+02 1.600000000000000000e+01
8.330000000000000000e+02 7.340000000000000000e+02 1.600000000000000000e+01
8.340000000000000000e+02 7.340000000000000000e+02 1.600000000000000000e+01
8.350000000000000000e+02 7.337999999999999545e+02 1.700000000000000000e+01
8.360000000000000000e+02 7.336000000000000227e+02 1.700000000000000000e+01
8.370000000000000000e+02 7.333999999999999773e+02 1.700000000000000000e+01
8.380000000000000000e+02 7.332000000000000455e+02 1.700000000000000000e+01
8.390000000000000000e+02 7.330000000000000000e+02 1.700000000000000000e+01
8.400000000000000000e+02 7.327999999999999545e+02 1.700000000000000000e+01
8.410000000000000000e+02 7.326000000000000227e+02 1.700000000000000000e+01
8.420000000000000000e+02 7.323999999999999773e+02 1.700000000000000000e+01
8.430000000000000000e+02 7.322000000000000455e+02 1.700000000000000000e+01
8.440000000000000000e+02 7.320000000000000000e+02 1.700000000000000000e+01
8.447999999999999545e+02 7.317999999999999545e+02 1.700000000000000000e+01
8.456000000000000227e+02 7.316000000000000227e+02 1.700000000000000000e+01
8.463999999999999773e+02 7.313999999999999773e+02 1.700000000000000000e+01
8.472000000000000455e+02 7.312000000000000455e+02 1.700000000000000000e+01
8.480000000000000000e+02 7.310000000000000000e+02 1.700000000000000000e+01
8.490000000000000000e+02 7.310000000000000000e+02 1.700000000000000000e+01
8.500000000000000000e+02 7.310000000000000000e+02 1.700000000000000000e+01
8.505000000000000000e+02 7.310000000000000000e+02 1.700000000000000000e+01
