3.073999999999999773e+02 7.996000000000000227e+02 7.000000000000000000e+00
3.076000000000000227e+02 8.003999999999999773e+02 7.000000000000000000e+00
3.078000000000000114e+02 8.012000000000000455e+02 7.000000000000000000e+00
3.081999999999999886e+02 8.020000000000000000e+02 7.000000000000000000e+00
3.083999999999999773e+02 8.027999999999999545e+02 7.000000000000000000e+00
3.086000000000000227e+02 8.036000000000000227e+02 8.000000000000000000e+00
3.088000000000000114e+02 8.043999999999999773e+02 8.000000000000000000e+00
3.090000000000000000e+02 8.052000000000000455e+02 8.000000000000000000e+00
3.091999999999999886e+02 8.057999999999999545e+02 8.000000000000000000e+00
3.093999999999999773e+02 8.066000000000000227e+02 8.000000000000000000e+00
3.096000000000000227e+02 8.073999999999999773e+02 8.000000000000000000e+00
3.098000000000000114e+02 8.082000000000000455e+02 8.000000000000000000e+00
3.100000000000000000e+02 8.085000000000000000e+02 8.000000000000000000e+00
