5.252000000000000455e+02 1.587000000000000000e+03 2.900000000000000000e+01
5.260000000000000000e+02 1.587400000000000091e+03 2.900000000000000000e+01
5.270000000000000000e+02 1.587799999999999955e+03 2.900000000000000000e+01
5.280000000000000000e+02 1.588200000000000045e+03 2.900000000000000000e+01
5.290000000000000000e+02 1.588599999999999909e+03 2.900000000000000000e+01
5.300000000000000000e+02 1.589000000000000000e+03 2.900000000000000000e+01
5.310000000000000000e+02 1.589400000000000091e+03 2.900000000000000000e+01
5.320000000000000000e+02 1.589599999999999909e+03 2.900000000000000000e+01
5.330000000000000000e+02 1.589799999999999955e+03 2.900000000000000000e+01
5.337999999999999545e+02 1.590200000000000045e+03 2.900000000000000000e+01
5.346000000000000227e+02 1.590400000000000091e+03 2.900000000000000000e+01
5.353999999999999773e+02 1.590599999999999909e+03 2.900000000000000000e+01
5.362000000000000455e+02 1.590799999999999955e+03 2.900000000000000000e+01
5.370000000000000000e+02 1.591000000000000000e+03 2.900000000000000000e+01
5.380000000000000000e+02 1.591000000000000000e+03 2.900000000000000000e+01
5.387999999999999545e+02 1.591200000000000045e+03 2.900000000000000000e+01
5.396000000000000227e+02 1.591400000000000091e+03 2.900000000000000000e+01
5.403999999999999773e+02 1.591599999999999909e+03 2.900000000000000000e+01
5.412000000000000455e+02 1.591799999999999955e+03 2.900000000000000000e+01
5.420000000000000000e+02 1.592000000000000000e+03 2.900000000000000000e+01
5.430000000000000000e+02 1.592000000000000000e+03 2.900000000000000000e+01
5.440000000000000000e+02 1.591799999999999955e+03 2.900000000000000000e+01
5.450000000000000000e+02 1.591599999999999909e+03 2.900000000000000000e+01
5.460000000000000000e+02 1.591400000000000091e+03 2.900000000000000000e+01
5.470000000000000000e+02 1.591200000000000045e+03 2.900000000000000000e+01
5.480000000000000000e+02 1.591000000000000000e+03 2.900000000000000000e+01
5.487999999999999545e+02 1.590799999999999955e+03 2.900000000000000000e+01
5.496000000000000227e+02 1.590599999999999909e+03 2.900000000000000000e+01
5.503999999999999773e+02 1.590400000000000091e+03 2.900000000000000000e+01
5.510000000000000000e+02 1.590200000000000045e+03 2.900000000000000000e+01
5.516000000000000227e+02 1.590000000000000000e+03 2.800000000000000000e+01
5.522000000000000455e+02 1.589799999999999955e+03 2.800000000000000000e+01
5.527999999999999545e+02 1.589599999999999909e+03 2.800000000000000000e+01
5.533999999999999773e+02 1.589400000000000091e+03 2.800000000000000000e+01
5.542000000000000455e+02 1.589000000000000000e+03 2.800000000000000000e+01
5.550000000000000000e+02 1.588599999999999909e+03 2.800000000000000000e+01
5.560000000000000000e+02 1.588400000000000091e+03 2.800000000000000000e+01
5.570000000000000000e+02 1.588000000000000000e+03 2.800000000000000000e+01
5.580000000000000000e+02 1.587599999999999909e+03 2.800000000000000000e+01
5.590000000000000000e+02 1.587400000000000091e+03 2.800000000000000000e+01
5.600000000000000000e+02 1.587200000000000045e+03 2.800000000000000000e+01
5.607999999999999545e+02 1.586799999999999955e+03 2.800000000000000000e+01
5.616000000000000227e+02 1.586599999999999909e+03 2.800000000000000000e+01
5.623999999999999773e+02 1.586400000000000091e+03 2.800000000000000000e+01
5.632000000000000455e+02 1.586200000000000045e+03 2.800000000000000000e+01
5.640000000000000000e+02 1.586000000000000000e+03 2.800000000000000000e+01
5.647999999999999545e+02 1.585799999999999955e+03 2.800000000000000000e+01
5.656000000000000227e+02 1.585599999999999909e+03 2.800000000000000000e+01
5.663999999999999773e+02 1.585400000000000091e+03 2.800000000000000000e+01
5.672000000000000455e+02 1.585200000000000045e+03 2.800000000000000000e+01
5.682000000000000455e+02 1.584799999999999955e+03 2.800000000000000000e+01
5.693999999999999773e+02 1.584400000000000091e+03 2.800000000000000000e+01
5.700000000000000000e+02 1.584200000000000045e+03 2.800000000000000000e+01
5.705000000000000000e+02 1.584000000000000000e+03 2.800000000000000000e+01
