5.143999999999999773e+02 1.552000000000000000e+03 3.600000000000000000e+01
5.146000000000000227e+02 1.553000000000000000e+03 3.600000000000000000e+01
5.147999999999999545e+02 1.554000000000000000e+03 3.600000000000000000e+01
5.152000000000000455e+02 1.554799999999999955e+03 3.600000000000000000e+01
5.153999999999999773e+02 1.555599999999999909e+03 3.600000000000000000e+01
5.156000000000000227e+02 1.556400000000000091e+03 3.600000000000000000e+01
5.157999999999999545e+02 1.557200000000000045e+03 3.600000000000000000e+01
5.160000000000000000e+02 1.558000000000000000e+03 3.600000000000000000e+01
5.160000000000000000e+02 1.559000000000000000e+03 3.600000000000000000e+01
5.160000000000000000e+02 1.560000000000000000e+03 3.600000000000000000e+01
5.157999999999999545e+02 1.561000000000000000e+03 3.600000000000000000e+01
5.156000000000000227e+02 1.562000000000000000e+03 3.600000000000000000e+01
5.153999999999999773e+02 1.563000000000000000e+03 3.600000000000000000e+01
5.152000000000000455e+02 1.564000000000000000e+03 3.600000000000000000e+01
5.147999999999999545e+02 1.564799999999999955e+03 3.600000000000000000e+01
5.146000000000000227e+02 1.565599999999999909e+03 3.600000000000000000e+01
5.143999999999999773e+02 1.566400000000000091e+03 3.600000000000000000e+01
5.140000000000000000e+02 1.567200000000000045e+03 3.600000000000000000e+01
5.136000000000000227e+02 1.568000000000000000e+03 3.600000000000000000e+01
5.132000000000000455e+02 1.569000000000000000e+03 3.600000000000000000e+01
5.127999999999999545e+02 1.570000000000000000e+03 3.600000000000000000e+01
5.122000000000000455e+02 1.570799999999999955e+03 3.600000000000000000e+01
5.118000000000000114e+02 1.571599999999999909e+03 3.600000000000000000e+01
5.113999999999999773e+02 1.572400000000000091e+03 3.600000000000000000e+01
5.110000000000000000e+02 1.573000000000000000e+03 3.600000000000000000e+01
5.106000000000000227e+02 1.573599999999999909e+03 3.600000000000000000e+01
5.105000000000000000e+02 1.574000000000000000e+03 3.600000000000000000e+01
