2.354000000000000057e+02 8.316000000000000227e+02 1.200000000000000000e+01
2.360000000000000000e+02 8.320000000000000000e+02 1.300000000000000000e+01
2.365999999999999943e+02 8.323999999999999773e+02 1.300000000000000000e+01
2.374000000000000057e+02 8.327999999999999545e+02 1.300000000000000000e+01
2.380000000000000000e+02 8.332000000000000455e+02 1.300000000000000000e+01
2.385999999999999943e+02 8.336000000000000227e+02 1.400000000000000000e+01
2.391999999999999886e+02 8.340000000000000000e+02 1.400000000000000000e+01
2.398000000000000114e+02 8.343999999999999773e+02 1.400000000000000000e+01
2.404000000000000057e+02 8.347999999999999545e+02 1.400000000000000000e+01
2.407500000000000000e+02 8.350000000000000000e+02 1.500000000000000000e+01
