7.176000000000000227e+02 1.061799999999999955e+03 2.800000000000000000e+01
7.182000000000000455e+02 1.061200000000000045e+03 2.800000000000000000e+01
7.187999999999999545e+02 1.060799999999999955e+03 2.800000000000000000e+01
7.192000000000000455e+02 1.060200000000000045e+03 2.800000000000000000e+01
7.197999999999999545e+02 1.059799999999999955e+03 2.800000000000000000e+01
7.203999999999999773e+02 1.059400000000000091e+03 2.800000000000000000e+01
7.210000000000000000e+02 1.059000000000000000e+03 2.800000000000000000e+01
7.216000000000000227e+02 1.058599999999999909e+03 2.800000000000000000e+01
7.223999999999999773e+02 1.058400000000000091e+03 2.800000000000000000e+01
7.232000000000000455e+02 1.058000000000000000e+03 2.800000000000000000e+01
7.240000000000000000e+02 1.057599999999999909e+03 2.800000000000000000e+01
7.245000000000000000e+02 1.057500000000000000e+03 2.800000000000000000e+01
