1.770000000000000000e+02 8.170000000000000000e+02 2.100000000000000000e+01
1.770000000000000000e+02 8.180000000000000000e+02 2.100000000000000000e+01
1.770000000000000000e+02 8.190000000000000000e+02 2.100000000000000000e+01
1.768000000000000114e+02 8.197999999999999545e+02 2.100000000000000000e+01
1.765999999999999943e+02 8.206000000000000227e+02 2.100000000000000000e+01
1.761999999999999886e+02 8.212000000000000455e+02 2.100000000000000000e+01
1.758000000000000114e+02 8.217999999999999545e+02 2.100000000000000000e+01
1.751999999999999886e+02 8.222000000000000455e+02 2.100000000000000000e+01
1.748000000000000114e+02 8.227999999999999545e+02 2.100000000000000000e+01
1.741999999999999886e+02 8.232000000000000455e+02 2.100000000000000000e+01
1.740000000000000000e+02 8.235000000000000000e+02 2.100000000000000000e+01
