8.240000000000000000e+02 1.526400000000000091e+03 2.100000000000000000e+01
8.240000000000000000e+02 1.527200000000000045e+03 2.100000000000000000e+01
8.240000000000000000e+02 1.528000000000000000e+03 2.100000000000000000e+01
8.242000000000000455e+02 1.529000000000000000e+03 2.100000000000000000e+01
8.243999999999999773e+02 1.530000000000000000e+03 2.100000000000000000e+01
8.246000000000000227e+02 1.531000000000000000e+03 2.100000000000000000e+01
8.247999999999999545e+02 1.532000000000000000e+03 2.100000000000000000e+01
8.252000000000000455e+02 1.532799999999999955e+03 2.100000000000000000e+01
8.253999999999999773e+02 1.533599999999999909e+03 2.100000000000000000e+01
8.257999999999999545e+02 1.534200000000000045e+03 2.100000000000000000e+01
8.262000000000000455e+02 1.534799999999999955e+03 2.100000000000000000e+01
8.267999999999999545e+02 1.535400000000000091e+03 2.100000000000000000e+01
8.273999999999999773e+02 1.536200000000000045e+03 2.100000000000000000e+01
8.282000000000000455e+02 1.536799999999999955e+03 2.100000000000000000e+01
8.287999999999999545e+02 1.537599999999999909e+03 2.100000000000000000e+01
8.296000000000000227e+02 1.538200000000000045e+03 2.100000000000000000e+01
8.302000000000000455e+02 1.538799999999999955e+03 2.100000000000000000e+01
8.305000000000000000e+02 1.539000000000000000e+03 2.100000000000000000e+01
