3.806000000000000227e+02 1.416200000000000045e+03 2.800000000000000000e+01
3.811999999999999886e+02 1.416799999999999955e+03 2.800000000000000000e+01
3.818000000000000114e+02 1.417200000000000045e+03 2.800000000000000000e+01
3.823999999999999773e+02 1.417599999999999909e+03 2.800000000000000000e+01
3.830000000000000000e+02 1.418000000000000000e+03 2.800000000000000000e+01
3.836000000000000227e+02 1.418400000000000091e+03 2.800000000000000000e+01
3.841999999999999886e+02 1.418799999999999955e+03 2.800000000000000000e+01
3.848000000000000114e+02 1.419200000000000045e+03 2.800000000000000000e+01
3.853999999999999773e+02 1.419599999999999909e+03 2.800000000000000000e+01
3.861999999999999886e+02 1.419799999999999955e+03 2.800000000000000000e+01
3.868000000000000114e+02 1.420200000000000045e+03 2.800000000000000000e+01
3.876000000000000227e+02 1.420400000000000091e+03 2.800000000000000000e+01
3.883999999999999773e+02 1.420599999999999909e+03 2.800000000000000000e+01
3.891999999999999886e+02 1.420799999999999955e+03 2.800000000000000000e+01
3.900000000000000000e+02 1.421000000000000000e+03 2.800000000000000000e+01
3.910000000000000000e+02 1.421000000000000000e+03 2.800000000000000000e+01
3.920000000000000000e+02 1.421000000000000000e+03 2.800000000000000000e+01
3.928000000000000114e+02 1.421200000000000045e+03 2.800000000000000000e+01
3.936000000000000227e+02 1.421400000000000091e+03 2.800000000000000000e+01
3.943999999999999773e+02 1.421599999999999909e+03 2.800000000000000000e+01
3.951999999999999886e+02 1.421799999999999955e+03 2.800000000000000000e+01
3.960000000000000000e+02 1.422000000000000000e+03 2.800000000000000000e+01
3.968000000000000114e+02 1.422200000000000045e+03 2.800000000000000000e+01
3.976000000000000227e+02 1.422400000000000091e+03 2.800000000000000000e+01
3.983999999999999773e+02 1.422599999999999909e+03 2.800000000000000000e+01
3.991999999999999886e+02 1.422799999999999955e+03 2.800000000000000000e+01
4.000000000000000000e+02 1.423000000000000000e+03 2.800000000000000000e+01
4.005000000000000000e+02 1.423000000000000000e+03 2.800000000000000000e+01
