4.590000000000000000e+02 4.091999999999999886e+02 1.400000000000000000e+01
4.590000000000000000e+02 4.100000000000000000e+02 1.400000000000000000e+01
4.590000000000000000e+02 4.110000000000000000e+02 1.400000000000000000e+01
4.590000000000000000e+02 4.120000000000000000e+02 1.400000000000000000e+01
4.590000000000000000e+02 4.130000000000000000e+02 1.400000000000000000e+01
4.590000000000000000e+02 4.140000000000000000e+02 1.400000000000000000e+01
4.588000000000000114e+02 4.148000000000000114e+02 1.400000000000000000e+01
4.586000000000000227e+02 4.156000000000000227e+02 1.300000000000000000e+01
4.583999999999999773e+02 4.163999999999999773e+02 1.300000000000000000e+01
4.581999999999999886e+02 4.171999999999999886e+02 1.300000000000000000e+01
4.580000000000000000e+02 4.180000000000000000e+02 1.300000000000000000e+01
4.580000000000000000e+02 4.190000000000000000e+02 1.300000000000000000e+01
4.580000000000000000e+02 4.200000000000000000e+02 1.300000000000000000e+01
4.580000000000000000e+02 4.208000000000000114e+02 1.300000000000000000e+01
4.580000000000000000e+02 4.216000000000000227e+02 1.200000000000000000e+01
4.580000000000000000e+02 4.223999999999999773e+02 1.200000000000000000e+01
4.578000000000000114e+02 4.230000000000000000e+02 1.200000000000000000e+01
4.576000000000000227e+02 4.236000000000000227e+02 1.200000000000000000e+01
4.573999999999999773e+02 4.243999999999999773e+02 1.200000000000000000e+01
4.571999999999999886e+02 4.250000000000000000e+02 1.200000000000000000e+01
4.570000000000000000e+02 4.256000000000000227e+02 1.100000000000000000e+01
4.570000000000000000e+02 4.263999999999999773e+02 1.100000000000000000e+01
4.570000000000000000e+02 4.271999999999999886e+02 1.100000000000000000e+01
4.570000000000000000e+02 4.280000000000000000e+02 1.100000000000000000e+01
4.570000000000000000e+02 4.288000000000000114e+02 1.100000000000000000e+01
4.570000000000000000e+02 4.296000000000000227e+02 1.000000000000000000e+01
4.571999999999999886e+02 4.301999999999999886e+02 1.000000000000000000e+01
4.573999999999999773e+02 4.308000000000000114e+02 1.000000000000000000e+01
4.578000000000000114e+02 4.311999999999999886e+02 1.000000000000000000e+01
4.583999999999999773e+02 4.318000000000000114e+02 1.000000000000000000e+01
4.590000000000000000e+02 4.321999999999999886e+02 1.000000000000000000e+01
4.596000000000000227e+02 4.326000000000000227e+02 9.000000000000000000e+00
4.603999999999999773e+02 4.328000000000000114e+02 9.000000000000000000e+00
4.610000000000000000e+02 4.331999999999999886e+02 9.000000000000000000e+00
4.616000000000000227e+02 4.333999999999999773e+02 9.000000000000000000e+00
4.623999999999999773e+02 4.336000000000000227e+02 9.000000000000000000e+00
4.631999999999999886e+02 4.338000000000000114e+02 8.000000000000000000e+00
4.640000000000000000e+02 4.340000000000000000e+02 8.000000000000000000e+00
4.648000000000000114e+02 4.341999999999999886e+02 8.000000000000000000e+00
4.656000000000000227e+02 4.343999999999999773e+02 8.000000000000000000e+00
4.661999999999999886e+02 4.346000000000000227e+02 8.000000000000000000e+00
4.668000000000000114e+02 4.348000000000000114e+02 7.000000000000000000e+00
4.673999999999999773e+02 4.350000000000000000e+02 7.000000000000000000e+00
4.681999999999999886e+02 4.350000000000000000e+02 7.000000000000000000e+00
4.690000000000000000e+02 4.351999999999999886e+02 7.000000000000000000e+00
4.700000000000000000e+02 4.353999999999999773e+02 6.000000000000000000e+00
4.710000000000000000e+02 4.356000000000000227e+02 6.000000000000000000e+00
4.720000000000000000e+02 4.358000000000000114e+02 6.000000000000000000e+00
4.725000000000000000e+02 4.360000000000000000e+02 6.000000000000000000e+00
