8.732000000000000455e+02 3.468000000000000114e+02 1.300000000000000000e+01
8.727999999999999545e+02 3.461999999999999886e+02 1.300000000000000000e+01
8.722000000000000455e+02 3.458000000000000114e+02 1.300000000000000000e+01
8.717999999999999545e+02 3.451999999999999886e+02 1.300000000000000000e+01
8.712000000000000455e+02 3.446000000000000227e+02 1.300000000000000000e+01
8.706000000000000227e+02 3.438000000000000114e+02 1.300000000000000000e+01
8.697999999999999545e+02 3.428000000000000114e+02 1.300000000000000000e+01
8.692000000000000455e+02 3.416000000000000227e+02 1.300000000000000000e+01
8.686000000000000227e+02 3.403999999999999773e+02 1.300000000000000000e+01
8.680000000000000000e+02 3.393999999999999773e+02 1.300000000000000000e+01
8.676000000000000227e+02 3.383999999999999773e+02 1.300000000000000000e+01
8.673999999999999773e+02 3.376000000000000227e+02 1.300000000000000000e+01
8.672000000000000455e+02 3.368000000000000114e+02 1.300000000000000000e+01
8.667999999999999545e+02 3.360000000000000000e+02 1.300000000000000000e+01
8.666000000000000227e+02 3.350000000000000000e+02 1.300000000000000000e+01
8.663999999999999773e+02 3.340000000000000000e+02 1.300000000000000000e+01
8.660000000000000000e+02 3.330000000000000000e+02 1.300000000000000000e+01
8.656000000000000227e+02 3.320000000000000000e+02 1.300000000000000000e+01
8.653999999999999773e+02 3.310000000000000000e+02 1.300000000000000000e+01
8.650000000000000000e+02 3.301999999999999886e+02 1.300000000000000000e+01
8.646000000000000227e+02 3.293999999999999773e+02 1.300000000000000000e+01
8.643999999999999773e+02 3.286000000000000227e+02 1.300000000000000000e+01
8.640000000000000000e+02 3.278000000000000114e+02 1.300000000000000000e+01
8.636000000000000227e+02 3.270000000000000000e+02 1.300000000000000000e+01
8.633999999999999773e+02 3.260000000000000000e+02 1.300000000000000000e+01
8.630000000000000000e+02 3.251999999999999886e+02 1.300000000000000000e+01
8.626000000000000227e+02 3.243999999999999773e+02 1.300000000000000000e+01
8.623999999999999773e+02 3.236000000000000227e+02 1.300000000000000000e+01
8.620000000000000000e+02 3.230000000000000000e+02 1.300000000000000000e+01
8.616000000000000227e+02 3.223999999999999773e+02 1.300000000000000000e+01
8.613999999999999773e+02 3.216000000000000227e+02 1.300000000000000000e+01
8.610000000000000000e+02 3.206000000000000227e+02 1.300000000000000000e+01
8.606000000000000227e+02 3.200000000000000000e+02 1.400000000000000000e+01
8.602000000000000455e+02 3.190000000000000000e+02 1.300000000000000000e+01
8.596000000000000227e+02 3.178000000000000114e+02 1.400000000000000000e+01
8.590000000000000000e+02 3.166000000000000227e+02 1.400000000000000000e+01
8.586000000000000227e+02 3.156000000000000227e+02 1.400000000000000000e+01
8.582000000000000455e+02 3.143999999999999773e+02 1.400000000000000000e+01
8.577999999999999545e+02 3.136000000000000227e+02 1.500000000000000000e+01
8.576000000000000227e+02 3.130000000000000000e+02 1.500000000000000000e+01
8.572000000000000455e+02 3.123999999999999773e+02 1.500000000000000000e+01
8.567999999999999545e+02 3.118000000000000114e+02 1.500000000000000000e+01
8.562000000000000455e+02 3.111999999999999886e+02 1.500000000000000000e+01
8.557999999999999545e+02 3.103999999999999773e+02 1.500000000000000000e+01
8.552000000000000455e+02 3.096000000000000227e+02 1.500000000000000000e+01
8.547999999999999545e+02 3.088000000000000114e+02 1.500000000000000000e+01
8.542000000000000455e+02 3.081999999999999886e+02 1.500000000000000000e+01
8.537999999999999545e+02 3.073999999999999773e+02 1.500000000000000000e+01
8.532000000000000455e+02 3.068000000000000114e+02 1.500000000000000000e+01
8.527999999999999545e+02 3.061999999999999886e+02 1.500000000000000000e+01
8.522000000000000455e+02 3.056000000000000227e+02 1.500000000000000000e+01
8.516000000000000227e+02 3.048000000000000114e+02 1.500000000000000000e+01
8.510000000000000000e+02 3.040000000000000000e+02 1.500000000000000000e+01
8.503999999999999773e+02 3.031999999999999886e+02 1.500000000000000000e+01
8.496000000000000227e+02 3.023999999999999773e+02 1.500000000000000000e+01
8.487999999999999545e+02 3.016000000000000227e+02 1.500000000000000000e+01
8.480000000000000000e+02 3.008000000000000114e+02 1.500000000000000000e+01
8.470000000000000000e+02 3.000000000000000000e+02 1.500000000000000000e+01
8.460000000000000000e+02 2.990000000000000000e+02 1.500000000000000000e+01
8.450000000000000000e+02 2.980000000000000000e+02 1.500000000000000000e+01
8.440000000000000000e+02 2.971999999999999886e+02 1.500000000000000000e+01
8.432000000000000455e+02 2.963999999999999773e+02 1.500000000000000000e+01
8.423999999999999773e+02 2.958000000000000114e+02 1.500000000000000000e+01
8.417999999999999545e+02 2.951999999999999886e+02 1.500000000000000000e+01
8.413999999999999773e+02 2.946000000000000227e+02 1.500000000000000000e+01
8.412000000000000455e+02 2.938000000000000114e+02 1.500000000000000000e+01
8.407999999999999545e+02 2.931999999999999886e+02 1.500000000000000000e+01
8.406000000000000227e+02 2.923999999999999773e+02 1.500000000000000000e+01
8.403999999999999773e+02 2.916000000000000227e+02 1.500000000000000000e+01
8.402000000000000455e+02 2.908000000000000114e+02 1.500000000000000000e+01
8.397999999999999545e+02 2.901999999999999886e+02 1.500000000000000000e+01
8.396000000000000227e+02 2.893999999999999773e+02 1.500000000000000000e+01
8.393999999999999773e+02 2.886000000000000227e+02 1.500000000000000000e+01
8.390000000000000000e+02 2.880000000000000000e+02 1.500000000000000000e+01
8.386000000000000227e+02 2.873999999999999773e+02 1.500000000000000000e+01
8.383999999999999773e+02 2.866000000000000227e+02 1.500000000000000000e+01
8.380000000000000000e+02 2.860000000000000000e+02 1.600000000000000000e+01
8.376000000000000227e+02 2.853999999999999773e+02 1.600000000000000000e+01
8.372000000000000455e+02 2.848000000000000114e+02 1.600000000000000000e+01
8.367999999999999545e+02 2.841999999999999886e+02 1.600000000000000000e+01
8.362000000000000455e+02 2.836000000000000227e+02 1.600000000000000000e+01
8.357999999999999545e+02 2.828000000000000114e+02 1.600000000000000000e+01
8.352000000000000455e+02 2.821999999999999886e+02 1.600000000000000000e+01
8.347999999999999545e+02 2.813999999999999773e+02 1.600000000000000000e+01
8.342000000000000455e+02 2.808000000000000114e+02 1.600000000000000000e+01
8.337999999999999545e+02 2.803999999999999773e+02 1.600000000000000000e+01
8.332000000000000455e+02 2.800000000000000000e+02 1.700000000000000000e+01
8.326000000000000227e+02 2.796000000000000227e+02 1.700000000000000000e+01
8.320000000000000000e+02 2.791999999999999886e+02 1.700000000000000000e+01
8.313999999999999773e+02 2.788000000000000114e+02 1.700000000000000000e+01
8.306000000000000227e+02 2.783999999999999773e+02 1.700000000000000000e+01
8.297999999999999545e+02 2.780000000000000000e+02 1.700000000000000000e+01
8.290000000000000000e+02 2.776000000000000227e+02 1.700000000000000000e+01
8.280000000000000000e+02 2.773999999999999773e+02 1.700000000000000000e+01
8.272000000000000455e+02 2.770000000000000000e+02 1.700000000000000000e+01
8.263999999999999773e+02 2.766000000000000227e+02 1.700000000000000000e+01
8.256000000000000227e+02 2.763999999999999773e+02 1.700000000000000000e+01
8.247999999999999545e+02 2.761999999999999886e+02 1.700000000000000000e+01
8.240000000000000000e+02 2.760000000000000000e+02 1.700000000000000000e+01
8.230000000000000000e+02 2.758000000000000114e+02 1.700000000000000000e+01
8.220000000000000000e+02 2.756000000000000227e+02 1.700000000000000000e+01
8.210000000000000000e+02 2.753999999999999773e+02 1.700000000000000000e+01
8.200000000000000000e+02 2.751999999999999886e+02 1.700000000000000000e+01
8.190000000000000000e+02 2.750000000000000000e+02 1.700000000000000000e+01
8.180000000000000000e+02 2.748000000000000114e+02 1.600000000000000000e+01
8.170000000000000000e+02 2.746000000000000227e+02 1.600000000000000000e+01
8.160000000000000000e+02 2.743999999999999773e+02 1.600000000000000000e+01
8.150000000000000000e+02 2.741999999999999886e+02 1.600000000000000000e+01
8.140000000000000000e+02 2.740000000000000000e+02 1.600000000000000000e+01
8.130000000000000000e+02 2.740000000000000000e+02 1.600000000000000000e+01
8.122000000000000455e+02 2.738000000000000114e+02 1.600000000000000000e+01
8.113999999999999773e+02 2.736000000000000227e+02 1.600000000000000000e+01
8.106000000000000227e+02 2.733999999999999773e+02 1.600000000000000000e+01
8.097999999999999545e+02 2.731999999999999886e+02 1.600000000000000000e+01
8.090000000000000000e+02 2.730000000000000000e+02 1.600000000000000000e+01
8.082000000000000455e+02 2.730000000000000000e+02 1.500000000000000000e+01
8.073999999999999773e+02 2.730000000000000000e+02 1.600000000000000000e+01
8.067999999999999545e+02 2.728000000000000114e+02 1.500000000000000000e+01
8.062000000000000455e+02 2.726000000000000227e+02 1.500000000000000000e+01
8.056000000000000227e+02 2.723999999999999773e+02 1.500000000000000000e+01
8.047999999999999545e+02 2.721999999999999886e+02 1.500000000000000000e+01
8.040000000000000000e+02 2.720000000000000000e+02 1.500000000000000000e+01
8.035000000000000000e+02 2.720000000000000000e+02 1.500000000000000000e+01
