1.009600000000000023e+03 1.198000000000000000e+03 2.700000000000000000e+01
1.009399999999999977e+03 1.199000000000000000e+03 2.700000000000000000e+01
1.009200000000000045e+03 1.200000000000000000e+03 2.700000000000000000e+01
1.009000000000000000e+03 1.201000000000000000e+03 2.700000000000000000e+01
1.008799999999999955e+03 1.201799999999999955e+03 2.700000000000000000e+01
1.008600000000000023e+03 1.202599999999999909e+03 2.700000000000000000e+01
1.008399999999999977e+03 1.203400000000000091e+03 2.700000000000000000e+01
1.008200000000000045e+03 1.204200000000000045e+03 2.700000000000000000e+01
1.007799999999999955e+03 1.204799999999999955e+03 2.700000000000000000e+01
1.007750000000000000e+03 1.205250000000000000e+03 2.700000000000000000e+01
