5.113999999999999773e+02 3.666000000000000227e+02 1.100000000000000000e+01
5.120000000000000000e+02 3.670000000000000000e+02 1.100000000000000000e+01
5.126000000000000227e+02 3.673999999999999773e+02 1.100000000000000000e+01
5.133999999999999773e+02 3.676000000000000227e+02 1.100000000000000000e+01
5.142000000000000455e+02 3.680000000000000000e+02 1.100000000000000000e+01
5.150000000000000000e+02 3.683999999999999773e+02 1.100000000000000000e+01
5.160000000000000000e+02 3.686000000000000227e+02 1.100000000000000000e+01
5.170000000000000000e+02 3.688000000000000114e+02 1.100000000000000000e+01
5.180000000000000000e+02 3.690000000000000000e+02 1.100000000000000000e+01
5.190000000000000000e+02 3.690000000000000000e+02 1.100000000000000000e+01
5.200000000000000000e+02 3.690000000000000000e+02 1.100000000000000000e+01
5.210000000000000000e+02 3.690000000000000000e+02 1.100000000000000000e+01
5.217999999999999545e+02 3.691999999999999886e+02 1.100000000000000000e+01
5.226000000000000227e+02 3.693999999999999773e+02 1.100000000000000000e+01
5.230000000000000000e+02 3.695000000000000000e+02 1.100000000000000000e+01
