6.870000000000000000e+02 1.125000000000000000e+03 2.800000000000000000e+01
6.873999999999999773e+02 1.124400000000000091e+03 2.800000000000000000e+01
6.877999999999999545e+02 1.123599999999999909e+03 2.800000000000000000e+01
6.882000000000000455e+02 1.122799999999999955e+03 2.800000000000000000e+01
6.887999999999999545e+02 1.122200000000000045e+03 2.800000000000000000e+01
6.892000000000000455e+02 1.121400000000000091e+03 2.800000000000000000e+01
6.897999999999999545e+02 1.120799999999999955e+03 2.800000000000000000e+01
6.902000000000000455e+02 1.120200000000000045e+03 2.800000000000000000e+01
6.907999999999999545e+02 1.119799999999999955e+03 2.800000000000000000e+01
6.912000000000000455e+02 1.119200000000000045e+03 2.800000000000000000e+01
6.917999999999999545e+02 1.118799999999999955e+03 2.800000000000000000e+01
6.922000000000000455e+02 1.118200000000000045e+03 2.800000000000000000e+01
6.927999999999999545e+02 1.117799999999999955e+03 2.800000000000000000e+01
6.932000000000000455e+02 1.117200000000000045e+03 2.800000000000000000e+01
6.937999999999999545e+02 1.116799999999999955e+03 2.800000000000000000e+01
6.942000000000000455e+02 1.116200000000000045e+03 2.800000000000000000e+01
6.947999999999999545e+02 1.115799999999999955e+03 2.800000000000000000e+01
6.952000000000000455e+02 1.115200000000000045e+03 2.800000000000000000e+01
6.957999999999999545e+02 1.114799999999999955e+03 2.800000000000000000e+01
6.962000000000000455e+02 1.114200000000000045e+03 2.800000000000000000e+01
6.966000000000000227e+02 1.113599999999999909e+03 2.800000000000000000e+01
6.970000000000000000e+02 1.113000000000000000e+03 2.800000000000000000e+01
6.973999999999999773e+02 1.112400000000000091e+03 2.800000000000000000e+01
6.976000000000000227e+02 1.111599999999999909e+03 2.800000000000000000e+01
6.980000000000000000e+02 1.111000000000000000e+03 2.800000000000000000e+01
6.983999999999999773e+02 1.110400000000000091e+03 2.800000000000000000e+01
6.986000000000000227e+02 1.109599999999999909e+03 2.800000000000000000e+01
6.987999999999999545e+02 1.108799999999999955e+03 2.800000000000000000e+01
6.992000000000000455e+02 1.108000000000000000e+03 2.800000000000000000e+01
6.993999999999999773e+02 1.107000000000000000e+03 2.800000000000000000e+01
6.996000000000000227e+02 1.106000000000000000e+03 2.800000000000000000e+01
6.997999999999999545e+02 1.105000000000000000e+03 2.800000000000000000e+01
7.000000000000000000e+02 1.104000000000000000e+03 2.800000000000000000e+01
7.003999999999999773e+02 1.103000000000000000e+03 2.800000000000000000e+01
7.010000000000000000e+02 1.102400000000000091e+03 2.800000000000000000e+01
7.017999999999999545e+02 1.102000000000000000e+03 2.800000000000000000e+01
7.027999999999999545e+02 1.102000000000000000e+03 2.800000000000000000e+01
7.040000000000000000e+02 1.102200000000000045e+03 2.800000000000000000e+01
7.050000000000000000e+02 1.102799999999999955e+03 2.800000000000000000e+01
7.060000000000000000e+02 1.103200000000000045e+03 2.800000000000000000e+01
7.070000000000000000e+02 1.103799999999999955e+03 2.800000000000000000e+01
7.080000000000000000e+02 1.104200000000000045e+03 2.800000000000000000e+01
7.090000000000000000e+02 1.104799999999999955e+03 2.800000000000000000e+01
7.100000000000000000e+02 1.105200000000000045e+03 2.800000000000000000e+01
7.107999999999999545e+02 1.105799999999999955e+03 2.800000000000000000e+01
7.116000000000000227e+02 1.106200000000000045e+03 2.800000000000000000e+01
7.123999999999999773e+02 1.106599999999999909e+03 2.800000000000000000e+01
7.130000000000000000e+02 1.107000000000000000e+03 2.800000000000000000e+01
7.136000000000000227e+02 1.107400000000000091e+03 2.800000000000000000e+01
7.143999999999999773e+02 1.107799999999999955e+03 2.900000000000000000e+01
7.152000000000000455e+02 1.108200000000000045e+03 2.900000000000000000e+01
7.157999999999999545e+02 1.108799999999999955e+03 2.900000000000000000e+01
7.166000000000000227e+02 1.109200000000000045e+03 2.900000000000000000e+01
7.172000000000000455e+02 1.109799999999999955e+03 2.900000000000000000e+01
7.177999999999999545e+02 1.110200000000000045e+03 2.900000000000000000e+01
7.183999999999999773e+02 1.110599999999999909e+03 2.900000000000000000e+01
7.190000000000000000e+02 1.111000000000000000e+03 2.900000000000000000e+01
7.196000000000000227e+02 1.111400000000000091e+03 2.900000000000000000e+01
7.202000000000000455e+02 1.111799999999999955e+03 2.900000000000000000e+01
7.207999999999999545e+02 1.112200000000000045e+03 2.900000000000000000e+01
7.212000000000000455e+02 1.112799999999999955e+03 2.900000000000000000e+01
7.217999999999999545e+02 1.113200000000000045e+03 2.900000000000000000e+01
7.222000000000000455e+02 1.113799999999999955e+03 2.900000000000000000e+01
7.227999999999999545e+02 1.114200000000000045e+03 2.900000000000000000e+01
7.233999999999999773e+02 1.114799999999999955e+03 2.900000000000000000e+01
7.242000000000000455e+02 1.115200000000000045e+03 2.900000000000000000e+01
7.247999999999999545e+02 1.115799999999999955e+03 3.000000000000000000e+01
7.256000000000000227e+02 1.116200000000000045e+03 3.000000000000000000e+01
7.262000000000000455e+02 1.116799999999999955e+03 3.000000000000000000e+01
7.267999999999999545e+02 1.117200000000000045e+03 3.000000000000000000e+01
7.272000000000000455e+02 1.117799999999999955e+03 3.000000000000000000e+01
7.277999999999999545e+02 1.118200000000000045e+03 3.000000000000000000e+01
7.283999999999999773e+02 1.118799999999999955e+03 3.000000000000000000e+01
7.292000000000000455e+02 1.119200000000000045e+03 3.000000000000000000e+01
7.300000000000000000e+02 1.119599999999999909e+03 3.000000000000000000e+01
7.307999999999999545e+02 1.120000000000000000e+03 3.000000000000000000e+01
7.316000000000000227e+02 1.120400000000000091e+03 3.000000000000000000e+01
7.320000000000000000e+02 1.120500000000000000e+03 3.000000000000000000e+01
