4.330000000000000000e+02 1.288799999999999955e+03 2.600000000000000000e+01
4.326000000000000227e+02 1.289599999999999909e+03 2.600000000000000000e+01
4.323999999999999773e+02 1.290400000000000091e+03 2.600000000000000000e+01
4.320000000000000000e+02 1.291200000000000045e+03 2.600000000000000000e+01
4.316000000000000227e+02 1.292000000000000000e+03 2.600000000000000000e+01
4.311999999999999886e+02 1.293000000000000000e+03 2.600000000000000000e+01
4.308000000000000114e+02 1.294000000000000000e+03 2.600000000000000000e+01
4.301999999999999886e+02 1.295000000000000000e+03 2.600000000000000000e+01
4.298000000000000114e+02 1.296000000000000000e+03 2.600000000000000000e+01
4.291999999999999886e+02 1.297000000000000000e+03 2.600000000000000000e+01
4.288000000000000114e+02 1.298000000000000000e+03 2.600000000000000000e+01
4.281999999999999886e+02 1.298799999999999955e+03 2.600000000000000000e+01
4.278000000000000114e+02 1.299599999999999909e+03 2.600000000000000000e+01
4.271999999999999886e+02 1.300200000000000045e+03 2.600000000000000000e+01
4.268000000000000114e+02 1.300799999999999955e+03 2.600000000000000000e+01
4.263999999999999773e+02 1.301400000000000091e+03 2.600000000000000000e+01
4.260000000000000000e+02 1.302000000000000000e+03 2.600000000000000000e+01
4.256000000000000227e+02 1.302599999999999909e+03 2.600000000000000000e+01
4.251999999999999886e+02 1.303200000000000045e+03 2.700000000000000000e+01
4.246000000000000227e+02 1.303799999999999955e+03 2.700000000000000000e+01
4.238000000000000114e+02 1.304400000000000091e+03 2.700000000000000000e+01
4.230000000000000000e+02 1.305000000000000000e+03 2.700000000000000000e+01
4.221999999999999886e+02 1.305599999999999909e+03 2.700000000000000000e+01
4.216000000000000227e+02 1.306200000000000045e+03 2.700000000000000000e+01
4.212500000000000000e+02 1.306500000000000000e+03 2.800000000000000000e+01
