1.045599999999999909e+03 8.523999999999999773e+02 1.800000000000000000e+01
1.045799999999999955e+03 8.532000000000000455e+02 1.800000000000000000e+01
1.046200000000000045e+03 8.540000000000000000e+02 1.800000000000000000e+01
1.046400000000000091e+03 8.550000000000000000e+02 1.800000000000000000e+01
1.046599999999999909e+03 8.560000000000000000e+02 1.800000000000000000e+01
1.046799999999999955e+03 8.570000000000000000e+02 1.800000000000000000e+01
1.047200000000000045e+03 8.577999999999999545e+02 1.800000000000000000e+01
1.047400000000000091e+03 8.586000000000000227e+02 1.800000000000000000e+01
1.047599999999999909e+03 8.593999999999999773e+02 1.800000000000000000e+01
1.047799999999999955e+03 8.602000000000000455e+02 1.800000000000000000e+01
1.048000000000000000e+03 8.610000000000000000e+02 1.800000000000000000e+01
1.048000000000000000e+03 8.620000000000000000e+02 1.800000000000000000e+01
1.048000000000000000e+03 8.630000000000000000e+02 1.800000000000000000e+01
1.048000000000000000e+03 8.640000000000000000e+02 1.800000000000000000e+01
1.048000000000000000e+03 8.650000000000000000e+02 1.800000000000000000e+01
1.048000000000000000e+03 8.660000000000000000e+02 1.800000000000000000e+01
1.048000000000000000e+03 8.670000000000000000e+02 1.800000000000000000e+01
1.048000000000000000e+03 8.680000000000000000e+02 1.800000000000000000e+01
1.048000000000000000e+03 8.690000000000000000e+02 1.800000000000000000e+01
1.048000000000000000e+03 8.700000000000000000e+02 1.800000000000000000e+01
1.048000000000000000e+03 8.710000000000000000e+02 1.800000000000000000e+01
1.048000000000000000e+03 8.720000000000000000e+02 1.800000000000000000e+01
1.048000000000000000e+03 8.730000000000000000e+02 1.800000000000000000e+01
1.048000000000000000e+03 8.740000000000000000e+02 1.800000000000000000e+01
1.047799999999999955e+03 8.747999999999999545e+02 1.800000000000000000e+01
1.047599999999999909e+03 8.756000000000000227e+02 1.800000000000000000e+01
1.047400000000000091e+03 8.763999999999999773e+02 1.800000000000000000e+01
1.047000000000000000e+03 8.772000000000000455e+02 1.800000000000000000e+01
1.046599999999999909e+03 8.780000000000000000e+02 1.800000000000000000e+01
1.046400000000000091e+03 8.790000000000000000e+02 1.800000000000000000e+01
1.046250000000000000e+03 8.795000000000000000e+02 1.900000000000000000e+01
