1.017600000000000023e+03 7.410000000000000000e+02 1.500000000000000000e+01
1.018000000000000000e+03 7.420000000000000000e+02 1.500000000000000000e+01
1.018399999999999977e+03 7.430000000000000000e+02 1.500000000000000000e+01
1.018799999999999955e+03 7.440000000000000000e+02 1.500000000000000000e+01
1.019200000000000045e+03 7.450000000000000000e+02 1.500000000000000000e+01
1.019600000000000023e+03 7.460000000000000000e+02 1.500000000000000000e+01
1.020000000000000000e+03 7.470000000000000000e+02 1.500000000000000000e+01
1.020399999999999977e+03 7.480000000000000000e+02 1.500000000000000000e+01
1.020600000000000023e+03 7.490000000000000000e+02 1.500000000000000000e+01
1.020799999999999955e+03 7.500000000000000000e+02 1.500000000000000000e+01
1.021200000000000045e+03 7.507999999999999545e+02 1.500000000000000000e+01
1.021399999999999977e+03 7.516000000000000227e+02 1.500000000000000000e+01
1.021600000000000023e+03 7.523999999999999773e+02 1.500000000000000000e+01
1.021799999999999955e+03 7.532000000000000455e+02 1.500000000000000000e+01
1.022200000000000045e+03 7.537999999999999545e+02 1.500000000000000000e+01
1.022399999999999977e+03 7.546000000000000227e+02 1.500000000000000000e+01
1.022600000000000023e+03 7.553999999999999773e+02 1.500000000000000000e+01
1.023000000000000000e+03 7.560000000000000000e+02 1.500000000000000000e+01
1.023399999999999977e+03 7.566000000000000227e+02 1.500000000000000000e+01
1.023799999999999955e+03 7.572000000000000455e+02 1.500000000000000000e+01
1.024200000000000045e+03 7.577999999999999545e+02 1.500000000000000000e+01
1.024799999999999955e+03 7.582000000000000455e+02 1.500000000000000000e+01
1.025200000000000045e+03 7.587999999999999545e+02 1.500000000000000000e+01
1.025799999999999955e+03 7.592000000000000455e+02 1.500000000000000000e+01
1.026400000000000091e+03 7.596000000000000227e+02 1.500000000000000000e+01
1.027200000000000045e+03 7.597999999999999545e+02 1.500000000000000000e+01
1.027799999999999955e+03 7.602000000000000455e+02 1.500000000000000000e+01
1.028599999999999909e+03 7.603999999999999773e+02 1.500000000000000000e+01
1.029400000000000091e+03 7.606000000000000227e+02 1.500000000000000000e+01
1.030200000000000045e+03 7.607999999999999545e+02 1.500000000000000000e+01
1.031000000000000000e+03 7.610000000000000000e+02 1.500000000000000000e+01
1.032000000000000000e+03 7.610000000000000000e+02 1.500000000000000000e+01
1.033000000000000000e+03 7.610000000000000000e+02 1.500000000000000000e+01
1.034000000000000000e+03 7.610000000000000000e+02 1.500000000000000000e+01
1.034799999999999955e+03 7.612000000000000455e+02 1.500000000000000000e+01
1.035599999999999909e+03 7.613999999999999773e+02 1.500000000000000000e+01
1.036400000000000091e+03 7.616000000000000227e+02 1.500000000000000000e+01
1.037200000000000045e+03 7.617999999999999545e+02 1.500000000000000000e+01
1.037799999999999955e+03 7.622000000000000455e+02 1.500000000000000000e+01
1.038599999999999909e+03 7.623999999999999773e+02 1.500000000000000000e+01
1.039400000000000091e+03 7.626000000000000227e+02 1.500000000000000000e+01
1.040200000000000045e+03 7.630000000000000000e+02 1.500000000000000000e+01
1.041000000000000000e+03 7.633999999999999773e+02 1.500000000000000000e+01
1.042000000000000000e+03 7.636000000000000227e+02 1.500000000000000000e+01
1.042799999999999955e+03 7.640000000000000000e+02 1.500000000000000000e+01
1.043599999999999909e+03 7.643999999999999773e+02 1.500000000000000000e+01
1.044400000000000091e+03 7.646000000000000227e+02 1.500000000000000000e+01
1.045200000000000045e+03 7.650000000000000000e+02 1.500000000000000000e+01
1.046000000000000000e+03 7.653999999999999773e+02 1.500000000000000000e+01
1.046500000000000000e+03 7.655000000000000000e+02 1.500000000000000000e+01
