6.360000000000000000e+02 4.520000000000000000e+02 1.100000000000000000e+01
6.360000000000000000e+02 4.530000000000000000e+02 1.100000000000000000e+01
6.360000000000000000e+02 4.540000000000000000e+02 1.100000000000000000e+01
6.360000000000000000e+02 4.550000000000000000e+02 1.100000000000000000e+01
6.360000000000000000e+02 4.560000000000000000e+02 1.100000000000000000e+01
6.360000000000000000e+02 4.570000000000000000e+02 1.100000000000000000e+01
6.360000000000000000e+02 4.580000000000000000e+02 1.100000000000000000e+01
6.360000000000000000e+02 4.590000000000000000e+02 1.100000000000000000e+01
6.360000000000000000e+02 4.600000000000000000e+02 1.100000000000000000e+01
6.360000000000000000e+02 4.610000000000000000e+02 1.100000000000000000e+01
6.360000000000000000e+02 4.620000000000000000e+02 1.100000000000000000e+01
6.360000000000000000e+02 4.630000000000000000e+02 1.200000000000000000e+01
6.360000000000000000e+02 4.640000000000000000e+02 1.200000000000000000e+01
6.360000000000000000e+02 4.650000000000000000e+02 1.200000000000000000e+01
6.360000000000000000e+02 4.660000000000000000e+02 1.200000000000000000e+01
6.362000000000000455e+02 4.668000000000000114e+02 1.200000000000000000e+01
6.363999999999999773e+02 4.676000000000000227e+02 1.200000000000000000e+01
6.366000000000000227e+02 4.683999999999999773e+02 1.200000000000000000e+01
6.367999999999999545e+02 4.691999999999999886e+02 1.200000000000000000e+01
6.370000000000000000e+02 4.700000000000000000e+02 1.200000000000000000e+01
6.370000000000000000e+02 4.710000000000000000e+02 1.200000000000000000e+01
6.370000000000000000e+02 4.720000000000000000e+02 1.200000000000000000e+01
6.372000000000000455e+02 4.730000000000000000e+02 1.200000000000000000e+01
6.373999999999999773e+02 4.740000000000000000e+02 1.200000000000000000e+01
6.376000000000000227e+02 4.750000000000000000e+02 1.200000000000000000e+01
6.377999999999999545e+02 4.758000000000000114e+02 1.200000000000000000e+01
6.380000000000000000e+02 4.766000000000000227e+02 1.300000000000000000e+01
6.382000000000000455e+02 4.771999999999999886e+02 1.300000000000000000e+01
6.383999999999999773e+02 4.778000000000000114e+02 1.300000000000000000e+01
6.386000000000000227e+02 4.783999999999999773e+02 1.300000000000000000e+01
6.390000000000000000e+02 4.791999999999999886e+02 1.300000000000000000e+01
6.393999999999999773e+02 4.800000000000000000e+02 1.300000000000000000e+01
6.396000000000000227e+02 4.810000000000000000e+02 1.300000000000000000e+01
6.400000000000000000e+02 4.818000000000000114e+02 1.300000000000000000e+01
6.403999999999999773e+02 4.826000000000000227e+02 1.300000000000000000e+01
6.406000000000000227e+02 4.833999999999999773e+02 1.300000000000000000e+01
6.410000000000000000e+02 4.840000000000000000e+02 1.300000000000000000e+01
6.413999999999999773e+02 4.846000000000000227e+02 1.300000000000000000e+01
6.416000000000000227e+02 4.853999999999999773e+02 1.300000000000000000e+01
6.420000000000000000e+02 4.861999999999999886e+02 1.300000000000000000e+01
6.423999999999999773e+02 4.870000000000000000e+02 1.300000000000000000e+01
6.427999999999999545e+02 4.880000000000000000e+02 1.300000000000000000e+01
6.432000000000000455e+02 4.890000000000000000e+02 1.300000000000000000e+01
6.437999999999999545e+02 4.900000000000000000e+02 1.300000000000000000e+01
6.442000000000000455e+02 4.910000000000000000e+02 1.300000000000000000e+01
6.447999999999999545e+02 4.918000000000000114e+02 1.300000000000000000e+01
6.452000000000000455e+02 4.926000000000000227e+02 1.300000000000000000e+01
6.457999999999999545e+02 4.933999999999999773e+02 1.300000000000000000e+01
6.462000000000000455e+02 4.941999999999999886e+02 1.300000000000000000e+01
6.467999999999999545e+02 4.950000000000000000e+02 1.300000000000000000e+01
6.472000000000000455e+02 4.960000000000000000e+02 1.300000000000000000e+01
6.475000000000000000e+02 4.965000000000000000e+02 1.300000000000000000e+01
