3.341999999999999886e+02 1.509200000000000045e+03 3.000000000000000000e+01
3.348000000000000114e+02 1.509799999999999955e+03 3.000000000000000000e+01
3.356000000000000227e+02 1.510200000000000045e+03 3.000000000000000000e+01
3.363999999999999773e+02 1.510799999999999955e+03 3.000000000000000000e+01
3.371999999999999886e+02 1.511200000000000045e+03 3.000000000000000000e+01
3.378000000000000114e+02 1.511799999999999955e+03 3.000000000000000000e+01
3.386000000000000227e+02 1.512200000000000045e+03 3.000000000000000000e+01
3.393999999999999773e+02 1.512599999999999909e+03 3.000000000000000000e+01
3.400000000000000000e+02 1.513000000000000000e+03 3.000000000000000000e+01
3.406000000000000227e+02 1.513400000000000091e+03 3.000000000000000000e+01
3.413999999999999773e+02 1.513799999999999955e+03 3.000000000000000000e+01
3.421999999999999886e+02 1.514200000000000045e+03 3.000000000000000000e+01
3.428000000000000114e+02 1.514799999999999955e+03 3.000000000000000000e+01
3.436000000000000227e+02 1.515200000000000045e+03 3.000000000000000000e+01
3.443999999999999773e+02 1.515799999999999955e+03 3.000000000000000000e+01
3.451999999999999886e+02 1.516200000000000045e+03 3.000000000000000000e+01
3.458000000000000114e+02 1.516799999999999955e+03 3.000000000000000000e+01
3.466000000000000227e+02 1.517200000000000045e+03 3.000000000000000000e+01
3.473999999999999773e+02 1.517799999999999955e+03 3.000000000000000000e+01
3.481999999999999886e+02 1.518200000000000045e+03 3.000000000000000000e+01
3.490000000000000000e+02 1.518599999999999909e+03 3.000000000000000000e+01
3.498000000000000114e+02 1.519000000000000000e+03 3.000000000000000000e+01
3.506000000000000227e+02 1.519400000000000091e+03 3.000000000000000000e+01
3.513999999999999773e+02 1.519599999999999909e+03 3.000000000000000000e+01
3.520000000000000000e+02 1.520000000000000000e+03 3.000000000000000000e+01
3.526000000000000227e+02 1.520400000000000091e+03 3.000000000000000000e+01
3.533999999999999773e+02 1.520599999999999909e+03 3.000000000000000000e+01
3.540000000000000000e+02 1.521000000000000000e+03 3.000000000000000000e+01
3.546000000000000227e+02 1.521400000000000091e+03 3.000000000000000000e+01
3.553999999999999773e+02 1.521599999999999909e+03 3.000000000000000000e+01
3.561999999999999886e+02 1.521799999999999955e+03 3.000000000000000000e+01
3.568000000000000114e+02 1.522200000000000045e+03 3.000000000000000000e+01
3.576000000000000227e+02 1.522400000000000091e+03 3.000000000000000000e+01
3.583999999999999773e+02 1.522599999999999909e+03 3.000000000000000000e+01
3.591999999999999886e+02 1.522799999999999955e+03 3.000000000000000000e+01
3.598000000000000114e+02 1.523200000000000045e+03 3.000000000000000000e+01
3.606000000000000227e+02 1.523400000000000091e+03 3.000000000000000000e+01
3.613999999999999773e+02 1.523599999999999909e+03 3.000000000000000000e+01
3.621999999999999886e+02 1.523799999999999955e+03 3.000000000000000000e+01
3.630000000000000000e+02 1.524000000000000000e+03 3.000000000000000000e+01
3.640000000000000000e+02 1.524000000000000000e+03 3.000000000000000000e+01
3.648000000000000114e+02 1.524200000000000045e+03 3.000000000000000000e+01
3.653999999999999773e+02 1.524400000000000091e+03 3.000000000000000000e+01
3.660000000000000000e+02 1.524799999999999955e+03 3.100000000000000000e+01
3.663999999999999773e+02 1.525400000000000091e+03 3.100000000000000000e+01
3.668000000000000114e+02 1.526000000000000000e+03 3.100000000000000000e+01
3.671999999999999886e+02 1.526599999999999909e+03 3.100000000000000000e+01
3.678000000000000114e+02 1.527200000000000045e+03 3.100000000000000000e+01
3.681999999999999886e+02 1.527799999999999955e+03 3.100000000000000000e+01
3.688000000000000114e+02 1.528400000000000091e+03 3.100000000000000000e+01
3.693999999999999773e+02 1.529200000000000045e+03 3.100000000000000000e+01
3.700000000000000000e+02 1.530000000000000000e+03 3.100000000000000000e+01
3.706000000000000227e+02 1.530799999999999955e+03 3.100000000000000000e+01
3.713999999999999773e+02 1.531599999999999909e+03 3.100000000000000000e+01
3.721999999999999886e+02 1.532200000000000045e+03 3.100000000000000000e+01
3.728000000000000114e+02 1.532799999999999955e+03 3.100000000000000000e+01
3.736000000000000227e+02 1.533200000000000045e+03 3.100000000000000000e+01
3.743999999999999773e+02 1.533799999999999955e+03 3.100000000000000000e+01
3.751999999999999886e+02 1.534200000000000045e+03 3.100000000000000000e+01
3.760000000000000000e+02 1.534799999999999955e+03 3.100000000000000000e+01
3.770000000000000000e+02 1.535200000000000045e+03 3.100000000000000000e+01
3.780000000000000000e+02 1.535599999999999909e+03 3.100000000000000000e+01
3.788000000000000114e+02 1.536000000000000000e+03 3.100000000000000000e+01
3.796000000000000227e+02 1.536400000000000091e+03 3.100000000000000000e+01
3.803999999999999773e+02 1.536599999999999909e+03 3.100000000000000000e+01
3.811999999999999886e+02 1.536799999999999955e+03 3.100000000000000000e+01
3.820000000000000000e+02 1.537200000000000045e+03 3.100000000000000000e+01
3.830000000000000000e+02 1.537400000000000091e+03 3.100000000000000000e+01
3.840000000000000000e+02 1.537599999999999909e+03 3.100000000000000000e+01
3.850000000000000000e+02 1.537799999999999955e+03 3.100000000000000000e+01
3.858000000000000114e+02 1.538200000000000045e+03 3.200000000000000000e+01
3.866000000000000227e+02 1.538400000000000091e+03 3.200000000000000000e+01
3.873999999999999773e+02 1.538599999999999909e+03 3.200000000000000000e+01
3.881999999999999886e+02 1.538799999999999955e+03 3.200000000000000000e+01
3.890000000000000000e+02 1.539200000000000045e+03 3.200000000000000000e+01
3.900000000000000000e+02 1.539400000000000091e+03 3.200000000000000000e+01
3.910000000000000000e+02 1.539599999999999909e+03 3.200000000000000000e+01
3.920000000000000000e+02 1.540000000000000000e+03 3.200000000000000000e+01
3.930000000000000000e+02 1.540400000000000091e+03 3.200000000000000000e+01
3.940000000000000000e+02 1.540599999999999909e+03 3.200000000000000000e+01
3.948000000000000114e+02 1.541000000000000000e+03 3.200000000000000000e+01
3.956000000000000227e+02 1.541400000000000091e+03 3.200000000000000000e+01
3.963999999999999773e+02 1.541599999999999909e+03 3.200000000000000000e+01
3.971999999999999886e+02 1.542000000000000000e+03 3.200000000000000000e+01
3.980000000000000000e+02 1.542400000000000091e+03 3.300000000000000000e+01
3.990000000000000000e+02 1.542599999999999909e+03 3.300000000000000000e+01
4.000000000000000000e+02 1.542799999999999955e+03 3.300000000000000000e+01
4.010000000000000000e+02 1.543000000000000000e+03 3.300000000000000000e+01
4.020000000000000000e+02 1.543000000000000000e+03 3.300000000000000000e+01
4.030000000000000000e+02 1.543000000000000000e+03 3.300000000000000000e+01
4.040000000000000000e+02 1.543000000000000000e+03 3.300000000000000000e+01
4.050000000000000000e+02 1.543000000000000000e+03 3.300000000000000000e+01
4.060000000000000000e+02 1.543000000000000000e+03 3.300000000000000000e+01
4.065000000000000000e+02 1.543000000000000000e+03 3.300000000000000000e+01
