5.110000000000000000e+02 9.610000000000000000e+02 2.300000000000000000e+01
5.108000000000000114e+02 9.617999999999999545e+02 2.300000000000000000e+01
5.106000000000000227e+02 9.626000000000000227e+02 2.300000000000000000e+01
5.103999999999999773e+02 9.633999999999999773e+02 2.300000000000000000e+01
5.101999999999999886e+02 9.642000000000000455e+02 2.300000000000000000e+01
5.098000000000000114e+02 9.650000000000000000e+02 2.300000000000000000e+01
5.096000000000000227e+02 9.660000000000000000e+02 2.300000000000000000e+01
5.093999999999999773e+02 9.670000000000000000e+02 2.300000000000000000e+01
5.090000000000000000e+02 9.680000000000000000e+02 2.300000000000000000e+01
5.086000000000000227e+02 9.690000000000000000e+02 2.300000000000000000e+01
5.083999999999999773e+02 9.700000000000000000e+02 2.300000000000000000e+01
5.081999999999999886e+02 9.710000000000000000e+02 2.300000000000000000e+01
5.080000000000000000e+02 9.720000000000000000e+02 2.200000000000000000e+01
5.080000000000000000e+02 9.730000000000000000e+02 2.200000000000000000e+01
5.080000000000000000e+02 9.740000000000000000e+02 2.200000000000000000e+01
5.080000000000000000e+02 9.750000000000000000e+02 2.200000000000000000e+01
5.080000000000000000e+02 9.760000000000000000e+02 2.200000000000000000e+01
5.080000000000000000e+02 9.770000000000000000e+02 2.200000000000000000e+01
5.081999999999999886e+02 9.777999999999999545e+02 2.200000000000000000e+01
5.083999999999999773e+02 9.786000000000000227e+02 2.200000000000000000e+01
5.086000000000000227e+02 9.793999999999999773e+02 2.200000000000000000e+01
5.088000000000000114e+02 9.802000000000000455e+02 2.200000000000000000e+01
5.090000000000000000e+02 9.810000000000000000e+02 2.200000000000000000e+01
5.090000000000000000e+02 9.820000000000000000e+02 2.200000000000000000e+01
5.091999999999999886e+02 9.830000000000000000e+02 2.200000000000000000e+01
5.093999999999999773e+02 9.840000000000000000e+02 2.200000000000000000e+01
5.096000000000000227e+02 9.850000000000000000e+02 2.200000000000000000e+01
5.098000000000000114e+02 9.860000000000000000e+02 2.200000000000000000e+01
5.101999999999999886e+02 9.870000000000000000e+02 2.200000000000000000e+01
5.103999999999999773e+02 9.880000000000000000e+02 2.200000000000000000e+01
5.106000000000000227e+02 9.890000000000000000e+02 2.200000000000000000e+01
5.108000000000000114e+02 9.900000000000000000e+02 2.200000000000000000e+01
5.111999999999999886e+02 9.910000000000000000e+02 2.200000000000000000e+01
5.113999999999999773e+02 9.920000000000000000e+02 2.200000000000000000e+01
5.116000000000000227e+02 9.930000000000000000e+02 2.200000000000000000e+01
5.118000000000000114e+02 9.940000000000000000e+02 2.200000000000000000e+01
5.120000000000000000e+02 9.950000000000000000e+02 2.200000000000000000e+01
5.120000000000000000e+02 9.960000000000000000e+02 2.200000000000000000e+01
5.120000000000000000e+02 9.970000000000000000e+02 2.200000000000000000e+01
5.120000000000000000e+02 9.980000000000000000e+02 2.200000000000000000e+01
5.118000000000000114e+02 9.987999999999999545e+02 2.200000000000000000e+01
5.116000000000000227e+02 9.996000000000000227e+02 2.200000000000000000e+01
5.113999999999999773e+02 1.000399999999999977e+03 2.200000000000000000e+01
5.111999999999999886e+02 1.001200000000000045e+03 2.200000000000000000e+01
5.108000000000000114e+02 1.002000000000000000e+03 2.200000000000000000e+01
5.106000000000000227e+02 1.003000000000000000e+03 2.200000000000000000e+01
5.103999999999999773e+02 1.004000000000000000e+03 2.200000000000000000e+01
5.101999999999999886e+02 1.005000000000000000e+03 2.100000000000000000e+01
5.098000000000000114e+02 1.006000000000000000e+03 2.100000000000000000e+01
5.096000000000000227e+02 1.007000000000000000e+03 2.100000000000000000e+01
5.093999999999999773e+02 1.008000000000000000e+03 2.100000000000000000e+01
5.091999999999999886e+02 1.009000000000000000e+03 2.100000000000000000e+01
5.088000000000000114e+02 1.010000000000000000e+03 2.100000000000000000e+01
5.086000000000000227e+02 1.011000000000000000e+03 2.100000000000000000e+01
5.083999999999999773e+02 1.012000000000000000e+03 2.100000000000000000e+01
5.081999999999999886e+02 1.013000000000000000e+03 2.100000000000000000e+01
5.080000000000000000e+02 1.014000000000000000e+03 2.100000000000000000e+01
5.078000000000000114e+02 1.014799999999999955e+03 2.100000000000000000e+01
5.076000000000000227e+02 1.015600000000000023e+03 2.100000000000000000e+01
5.073999999999999773e+02 1.016399999999999977e+03 2.100000000000000000e+01
5.071999999999999886e+02 1.017200000000000045e+03 2.100000000000000000e+01
5.070000000000000000e+02 1.018000000000000000e+03 2.100000000000000000e+01
5.070000000000000000e+02 1.019000000000000000e+03 2.100000000000000000e+01
5.070000000000000000e+02 1.020000000000000000e+03 2.100000000000000000e+01
5.070000000000000000e+02 1.021000000000000000e+03 2.100000000000000000e+01
5.070000000000000000e+02 1.022000000000000000e+03 2.100000000000000000e+01
5.070000000000000000e+02 1.023000000000000000e+03 2.100000000000000000e+01
5.070000000000000000e+02 1.024000000000000000e+03 2.100000000000000000e+01
5.070000000000000000e+02 1.025000000000000000e+03 2.100000000000000000e+01
5.070000000000000000e+02 1.026000000000000000e+03 2.100000000000000000e+01
5.070000000000000000e+02 1.027000000000000000e+03 2.100000000000000000e+01
5.070000000000000000e+02 1.028000000000000000e+03 2.100000000000000000e+01
5.070000000000000000e+02 1.029000000000000000e+03 2.100000000000000000e+01
5.070000000000000000e+02 1.030000000000000000e+03 2.100000000000000000e+01
5.070000000000000000e+02 1.031000000000000000e+03 2.100000000000000000e+01
5.070000000000000000e+02 1.032000000000000000e+03 2.100000000000000000e+01
5.070000000000000000e+02 1.033000000000000000e+03 2.100000000000000000e+01
5.070000000000000000e+02 1.034000000000000000e+03 2.100000000000000000e+01
5.070000000000000000e+02 1.035000000000000000e+03 2.100000000000000000e+01
5.070000000000000000e+02 1.036000000000000000e+03 2.100000000000000000e+01
5.071999999999999886e+02 1.037000000000000000e+03 2.100000000000000000e+01
5.072500000000000000e+02 1.037500000000000000e+03 2.100000000000000000e+01
