1.064799999999999955e+03 5.392000000000000455e+02 1.500000000000000000e+01
1.065400000000000091e+03 5.397999999999999545e+02 1.500000000000000000e+01
1.066200000000000045e+03 5.403999999999999773e+02 1.500000000000000000e+01
1.067000000000000000e+03 5.412000000000000455e+02 1.500000000000000000e+01
1.068000000000000000e+03 5.420000000000000000e+02 1.500000000000000000e+01
1.069000000000000000e+03 5.430000000000000000e+02 1.500000000000000000e+01
1.070000000000000000e+03 5.440000000000000000e+02 1.400000000000000000e+01
1.071000000000000000e+03 5.450000000000000000e+02 1.400000000000000000e+01
1.072000000000000000e+03 5.460000000000000000e+02 1.400000000000000000e+01
1.072799999999999955e+03 5.470000000000000000e+02 1.400000000000000000e+01
1.073599999999999909e+03 5.477999999999999545e+02 1.400000000000000000e+01
1.074200000000000045e+03 5.486000000000000227e+02 1.400000000000000000e+01
1.074799999999999955e+03 5.492000000000000455e+02 1.400000000000000000e+01
1.075200000000000045e+03 5.497999999999999545e+02 1.400000000000000000e+01
1.075799999999999955e+03 5.502000000000000455e+02 1.400000000000000000e+01
1.076200000000000045e+03 5.507999999999999545e+02 1.400000000000000000e+01
1.076799999999999955e+03 5.513999999999999773e+02 1.400000000000000000e+01
1.077200000000000045e+03 5.522000000000000455e+02 1.400000000000000000e+01
1.077799999999999955e+03 5.527999999999999545e+02 1.400000000000000000e+01
1.078200000000000045e+03 5.536000000000000227e+02 1.400000000000000000e+01
1.078799999999999955e+03 5.543999999999999773e+02 1.400000000000000000e+01
1.079400000000000091e+03 5.552000000000000455e+02 1.400000000000000000e+01
1.080000000000000000e+03 5.560000000000000000e+02 1.400000000000000000e+01
1.080599999999999909e+03 5.567999999999999545e+02 1.400000000000000000e+01
1.081200000000000045e+03 5.576000000000000227e+02 1.400000000000000000e+01
1.081599999999999909e+03 5.583999999999999773e+02 1.400000000000000000e+01
1.082000000000000000e+03 5.590000000000000000e+02 1.400000000000000000e+01
1.082400000000000091e+03 5.596000000000000227e+02 1.400000000000000000e+01
1.082799999999999955e+03 5.602000000000000455e+02 1.400000000000000000e+01
1.083200000000000045e+03 5.607999999999999545e+02 1.400000000000000000e+01
1.083599999999999909e+03 5.613999999999999773e+02 1.400000000000000000e+01
1.084000000000000000e+03 5.620000000000000000e+02 1.400000000000000000e+01
1.084400000000000091e+03 5.626000000000000227e+02 1.400000000000000000e+01
1.084799999999999955e+03 5.633999999999999773e+02 1.400000000000000000e+01
1.085200000000000045e+03 5.642000000000000455e+02 1.400000000000000000e+01
1.085799999999999955e+03 5.647999999999999545e+02 1.400000000000000000e+01
1.086200000000000045e+03 5.656000000000000227e+02 1.400000000000000000e+01
1.086799999999999955e+03 5.663999999999999773e+02 1.400000000000000000e+01
1.087200000000000045e+03 5.672000000000000455e+02 1.400000000000000000e+01
1.087799999999999955e+03 5.677999999999999545e+02 1.400000000000000000e+01
1.088200000000000045e+03 5.686000000000000227e+02 1.400000000000000000e+01
1.088799999999999955e+03 5.692000000000000455e+02 1.400000000000000000e+01
1.089200000000000045e+03 5.697999999999999545e+02 1.400000000000000000e+01
1.089799999999999955e+03 5.703999999999999773e+02 1.400000000000000000e+01
1.090200000000000045e+03 5.712000000000000455e+02 1.400000000000000000e+01
1.090799999999999955e+03 5.717999999999999545e+02 1.400000000000000000e+01
1.091200000000000045e+03 5.726000000000000227e+02 1.400000000000000000e+01
1.091799999999999955e+03 5.733999999999999773e+02 1.400000000000000000e+01
1.092200000000000045e+03 5.742000000000000455e+02 1.400000000000000000e+01
1.092799999999999955e+03 5.747999999999999545e+02 1.400000000000000000e+01
1.093200000000000045e+03 5.756000000000000227e+02 1.400000000000000000e+01
1.093599999999999909e+03 5.763999999999999773e+02 1.400000000000000000e+01
1.094000000000000000e+03 5.770000000000000000e+02 1.400000000000000000e+01
1.094400000000000091e+03 5.776000000000000227e+02 1.400000000000000000e+01
1.094799999999999955e+03 5.783999999999999773e+02 1.400000000000000000e+01
1.095200000000000045e+03 5.792000000000000455e+02 1.400000000000000000e+01
1.095799999999999955e+03 5.797999999999999545e+02 1.400000000000000000e+01
1.096200000000000045e+03 5.806000000000000227e+02 1.400000000000000000e+01
1.096799999999999955e+03 5.813999999999999773e+02 1.400000000000000000e+01
1.097200000000000045e+03 5.822000000000000455e+02 1.400000000000000000e+01
1.097799999999999955e+03 5.827999999999999545e+02 1.400000000000000000e+01
1.098200000000000045e+03 5.836000000000000227e+02 1.400000000000000000e+01
1.098799999999999955e+03 5.843999999999999773e+02 1.400000000000000000e+01
1.099200000000000045e+03 5.852000000000000455e+02 1.400000000000000000e+01
1.099799999999999955e+03 5.857999999999999545e+02 1.400000000000000000e+01
1.100200000000000045e+03 5.866000000000000227e+02 1.400000000000000000e+01
1.100799999999999955e+03 5.873999999999999773e+02 1.400000000000000000e+01
1.101200000000000045e+03 5.882000000000000455e+02 1.400000000000000000e+01
1.101799999999999955e+03 5.887999999999999545e+02 1.400000000000000000e+01
1.102200000000000045e+03 5.896000000000000227e+02 1.400000000000000000e+01
1.102799999999999955e+03 5.902000000000000455e+02 1.400000000000000000e+01
1.103200000000000045e+03 5.907999999999999545e+02 1.400000000000000000e+01
1.103599999999999909e+03 5.913999999999999773e+02 1.400000000000000000e+01
1.104000000000000000e+03 5.920000000000000000e+02 1.400000000000000000e+01
1.104400000000000091e+03 5.926000000000000227e+02 1.400000000000000000e+01
1.104599999999999909e+03 5.933999999999999773e+02 1.400000000000000000e+01
1.105000000000000000e+03 5.940000000000000000e+02 1.400000000000000000e+01
1.105400000000000091e+03 5.946000000000000227e+02 1.400000000000000000e+01
1.105599999999999909e+03 5.953999999999999773e+02 1.400000000000000000e+01
1.106000000000000000e+03 5.960000000000000000e+02 1.400000000000000000e+01
1.106400000000000091e+03 5.966000000000000227e+02 1.400000000000000000e+01
1.106599999999999909e+03 5.973999999999999773e+02 1.400000000000000000e+01
1.107000000000000000e+03 5.982000000000000455e+02 1.400000000000000000e+01
1.107400000000000091e+03 5.990000000000000000e+02 1.400000000000000000e+01
1.107599999999999909e+03 6.000000000000000000e+02 1.400000000000000000e+01
1.108000000000000000e+03 6.010000000000000000e+02 1.400000000000000000e+01
1.108250000000000000e+03 6.015000000000000000e+02 1.400000000000000000e+01
