4.190000000000000000e+02 1.552000000000000000e+03 3.500000000000000000e+01
4.200000000000000000e+02 1.552000000000000000e+03 3.500000000000000000e+01
4.210000000000000000e+02 1.552000000000000000e+03 3.500000000000000000e+01
4.220000000000000000e+02 1.552000000000000000e+03 3.500000000000000000e+01
4.230000000000000000e+02 1.552000000000000000e+03 3.500000000000000000e+01
4.238000000000000114e+02 1.552200000000000045e+03 3.500000000000000000e+01
4.246000000000000227e+02 1.552400000000000091e+03 3.500000000000000000e+01
4.253999999999999773e+02 1.552599999999999909e+03 3.500000000000000000e+01
4.261999999999999886e+02 1.552799999999999955e+03 3.500000000000000000e+01
4.270000000000000000e+02 1.553000000000000000e+03 3.500000000000000000e+01
4.280000000000000000e+02 1.553000000000000000e+03 3.500000000000000000e+01
4.290000000000000000e+02 1.553000000000000000e+03 3.500000000000000000e+01
4.300000000000000000e+02 1.553200000000000045e+03 3.400000000000000000e+01
4.310000000000000000e+02 1.553400000000000091e+03 3.400000000000000000e+01
4.320000000000000000e+02 1.553599999999999909e+03 3.400000000000000000e+01
4.330000000000000000e+02 1.553799999999999955e+03 3.300000000000000000e+01
4.335000000000000000e+02 1.554000000000000000e+03 3.300000000000000000e+01
