1.049400000000000091e+03 7.643999999999999773e+02 1.400000000000000000e+01
1.049599999999999909e+03 7.636000000000000227e+02 1.400000000000000000e+01
1.049799999999999955e+03 7.627999999999999545e+02 1.400000000000000000e+01
1.050200000000000045e+03 7.622000000000000455e+02 1.400000000000000000e+01
1.050400000000000091e+03 7.613999999999999773e+02 1.400000000000000000e+01
1.050799999999999955e+03 7.606000000000000227e+02 1.400000000000000000e+01
1.051200000000000045e+03 7.597999999999999545e+02 1.400000000000000000e+01
1.051799999999999955e+03 7.590000000000000000e+02 1.400000000000000000e+01
1.052200000000000045e+03 7.580000000000000000e+02 1.400000000000000000e+01
1.052799999999999955e+03 7.572000000000000455e+02 1.400000000000000000e+01
1.053200000000000045e+03 7.563999999999999773e+02 1.400000000000000000e+01
1.053799999999999955e+03 7.557999999999999545e+02 1.400000000000000000e+01
1.054200000000000045e+03 7.552000000000000455e+02 1.400000000000000000e+01
1.054799999999999955e+03 7.546000000000000227e+02 1.400000000000000000e+01
1.055400000000000091e+03 7.540000000000000000e+02 1.400000000000000000e+01
1.056000000000000000e+03 7.533999999999999773e+02 1.400000000000000000e+01
1.056599999999999909e+03 7.527999999999999545e+02 1.400000000000000000e+01
1.057200000000000045e+03 7.522000000000000455e+02 1.400000000000000000e+01
1.057799999999999955e+03 7.517999999999999545e+02 1.400000000000000000e+01
1.058200000000000045e+03 7.512000000000000455e+02 1.400000000000000000e+01
1.058799999999999955e+03 7.507999999999999545e+02 1.400000000000000000e+01
1.059400000000000091e+03 7.502000000000000455e+02 1.400000000000000000e+01
1.060200000000000045e+03 7.497999999999999545e+02 1.400000000000000000e+01
1.061000000000000000e+03 7.492000000000000455e+02 1.400000000000000000e+01
1.062000000000000000e+03 7.487999999999999545e+02 1.400000000000000000e+01
1.063000000000000000e+03 7.483999999999999773e+02 1.400000000000000000e+01
1.063799999999999955e+03 7.480000000000000000e+02 1.400000000000000000e+01
1.064599999999999909e+03 7.476000000000000227e+02 1.400000000000000000e+01
1.065400000000000091e+03 7.473999999999999773e+02 1.400000000000000000e+01
1.066200000000000045e+03 7.472000000000000455e+02 1.400000000000000000e+01
1.066799999999999955e+03 7.467999999999999545e+02 1.400000000000000000e+01
1.067599999999999909e+03 7.466000000000000227e+02 1.400000000000000000e+01
1.068400000000000091e+03 7.463999999999999773e+02 1.400000000000000000e+01
1.069200000000000045e+03 7.462000000000000455e+02 1.400000000000000000e+01
1.070000000000000000e+03 7.460000000000000000e+02 1.400000000000000000e+01
1.071000000000000000e+03 7.460000000000000000e+02 1.400000000000000000e+01
1.071799999999999955e+03 7.457999999999999545e+02 1.400000000000000000e+01
1.072599999999999909e+03 7.456000000000000227e+02 1.400000000000000000e+01
1.073400000000000091e+03 7.453999999999999773e+02 1.400000000000000000e+01
1.074200000000000045e+03 7.452000000000000455e+02 1.400000000000000000e+01
1.075000000000000000e+03 7.450000000000000000e+02 1.400000000000000000e+01
1.076000000000000000e+03 7.450000000000000000e+02 1.400000000000000000e+01
1.077000000000000000e+03 7.450000000000000000e+02 1.400000000000000000e+01
1.078000000000000000e+03 7.450000000000000000e+02 1.400000000000000000e+01
1.079000000000000000e+03 7.450000000000000000e+02 1.400000000000000000e+01
1.080000000000000000e+03 7.450000000000000000e+02 1.400000000000000000e+01
1.080799999999999955e+03 7.450000000000000000e+02 1.400000000000000000e+01
1.081599999999999909e+03 7.450000000000000000e+02 1.500000000000000000e+01
1.082400000000000091e+03 7.450000000000000000e+02 1.500000000000000000e+01
1.083000000000000000e+03 7.447999999999999545e+02 1.500000000000000000e+01
1.083599999999999909e+03 7.446000000000000227e+02 1.500000000000000000e+01
1.084400000000000091e+03 7.443999999999999773e+02 1.500000000000000000e+01
1.085200000000000045e+03 7.442000000000000455e+02 1.500000000000000000e+01
1.086000000000000000e+03 7.440000000000000000e+02 1.500000000000000000e+01
1.087000000000000000e+03 7.437999999999999545e+02 1.500000000000000000e+01
1.088000000000000000e+03 7.436000000000000227e+02 1.500000000000000000e+01
1.089000000000000000e+03 7.433999999999999773e+02 1.500000000000000000e+01
1.089799999999999955e+03 7.430000000000000000e+02 1.500000000000000000e+01
1.090599999999999909e+03 7.426000000000000227e+02 1.500000000000000000e+01
1.091400000000000091e+03 7.423999999999999773e+02 1.500000000000000000e+01
1.092000000000000000e+03 7.420000000000000000e+02 1.500000000000000000e+01
1.092599999999999909e+03 7.416000000000000227e+02 1.500000000000000000e+01
1.093400000000000091e+03 7.413999999999999773e+02 1.500000000000000000e+01
1.094000000000000000e+03 7.410000000000000000e+02 1.500000000000000000e+01
1.094599999999999909e+03 7.406000000000000227e+02 1.500000000000000000e+01
1.095400000000000091e+03 7.403999999999999773e+02 1.500000000000000000e+01
1.096000000000000000e+03 7.400000000000000000e+02 1.500000000000000000e+01
1.096599999999999909e+03 7.396000000000000227e+02 1.500000000000000000e+01
1.097200000000000045e+03 7.392000000000000455e+02 1.500000000000000000e+01
1.097799999999999955e+03 7.387999999999999545e+02 1.500000000000000000e+01
1.098400000000000091e+03 7.382000000000000455e+02 1.500000000000000000e+01
1.099200000000000045e+03 7.376000000000000227e+02 1.500000000000000000e+01
1.100000000000000000e+03 7.367999999999999545e+02 1.500000000000000000e+01
1.100799999999999955e+03 7.360000000000000000e+02 1.500000000000000000e+01
1.101599999999999909e+03 7.352000000000000455e+02 1.500000000000000000e+01
1.102200000000000045e+03 7.343999999999999773e+02 1.500000000000000000e+01
1.102599999999999909e+03 7.336000000000000227e+02 1.500000000000000000e+01
1.103000000000000000e+03 7.330000000000000000e+02 1.500000000000000000e+01
1.103400000000000091e+03 7.323999999999999773e+02 1.500000000000000000e+01
1.103599999999999909e+03 7.316000000000000227e+02 1.500000000000000000e+01
1.103799999999999955e+03 7.307999999999999545e+02 1.500000000000000000e+01
1.104000000000000000e+03 7.300000000000000000e+02 1.500000000000000000e+01
1.104200000000000045e+03 7.292000000000000455e+02 1.500000000000000000e+01
1.104400000000000091e+03 7.283999999999999773e+02 1.500000000000000000e+01
1.104599999999999909e+03 7.276000000000000227e+02 1.500000000000000000e+01
1.104799999999999955e+03 7.267999999999999545e+02 1.500000000000000000e+01
1.105000000000000000e+03 7.260000000000000000e+02 1.500000000000000000e+01
1.105000000000000000e+03 7.250000000000000000e+02 1.500000000000000000e+01
1.105000000000000000e+03 7.240000000000000000e+02 1.500000000000000000e+01
1.105000000000000000e+03 7.230000000000000000e+02 1.500000000000000000e+01
1.105000000000000000e+03 7.220000000000000000e+02 1.500000000000000000e+01
1.105200000000000045e+03 7.210000000000000000e+02 1.500000000000000000e+01
1.105400000000000091e+03 7.200000000000000000e+02 1.500000000000000000e+01
1.105599999999999909e+03 7.190000000000000000e+02 1.500000000000000000e+01
1.105799999999999955e+03 7.180000000000000000e+02 1.500000000000000000e+01
1.106000000000000000e+03 7.170000000000000000e+02 1.500000000000000000e+01
1.106000000000000000e+03 7.160000000000000000e+02 1.500000000000000000e+01
1.106200000000000045e+03 7.150000000000000000e+02 1.500000000000000000e+01
1.106400000000000091e+03 7.140000000000000000e+02 1.500000000000000000e+01
1.106599999999999909e+03 7.130000000000000000e+02 1.500000000000000000e+01
1.106799999999999955e+03 7.120000000000000000e+02 1.500000000000000000e+01
1.107000000000000000e+03 7.110000000000000000e+02 1.500000000000000000e+01
1.107000000000000000e+03 7.100000000000000000e+02 1.500000000000000000e+01
1.107200000000000045e+03 7.092000000000000455e+02 1.500000000000000000e+01
1.107400000000000091e+03 7.083999999999999773e+02 1.500000000000000000e+01
1.107599999999999909e+03 7.076000000000000227e+02 1.500000000000000000e+01
1.107799999999999955e+03 7.067999999999999545e+02 1.500000000000000000e+01
1.108000000000000000e+03 7.060000000000000000e+02 1.500000000000000000e+01
1.108000000000000000e+03 7.050000000000000000e+02 1.500000000000000000e+01
1.108000000000000000e+03 7.040000000000000000e+02 1.500000000000000000e+01
1.108000000000000000e+03 7.030000000000000000e+02 1.500000000000000000e+01
1.108000000000000000e+03 7.020000000000000000e+02 1.500000000000000000e+01
1.108000000000000000e+03 7.010000000000000000e+02 1.500000000000000000e+01
1.108000000000000000e+03 7.000000000000000000e+02 1.500000000000000000e+01
1.108000000000000000e+03 6.990000000000000000e+02 1.500000000000000000e+01
1.108000000000000000e+03 6.980000000000000000e+02 1.500000000000000000e+01
1.108000000000000000e+03 6.970000000000000000e+02 1.500000000000000000e+01
1.108200000000000045e+03 6.962000000000000455e+02 1.500000000000000000e+01
1.108250000000000000e+03 6.957500000000000000e+02 1.500000000000000000e+01
