6.032000000000000455e+02 3.028000000000000114e+02 9.000000000000000000e+00
6.037999999999999545e+02 3.031999999999999886e+02 9.000000000000000000e+00
6.042000000000000455e+02 3.038000000000000114e+02 9.000000000000000000e+00
6.047999999999999545e+02 3.041999999999999886e+02 9.000000000000000000e+00
6.053999999999999773e+02 3.046000000000000227e+02 9.000000000000000000e+00
6.060000000000000000e+02 3.050000000000000000e+02 9.000000000000000000e+00
6.066000000000000227e+02 3.053999999999999773e+02 8.000000000000000000e+00
6.072000000000000455e+02 3.058000000000000114e+02 8.000000000000000000e+00
6.077999999999999545e+02 3.061999999999999886e+02 8.000000000000000000e+00
6.083999999999999773e+02 3.066000000000000227e+02 8.000000000000000000e+00
6.090000000000000000e+02 3.070000000000000000e+02 8.000000000000000000e+00
6.096000000000000227e+02 3.073999999999999773e+02 8.000000000000000000e+00
6.100000000000000000e+02 3.075000000000000000e+02 8.000000000000000000e+00
