4.836000000000000227e+02 4.460000000000000000e+02 1.000000000000000000e+00
4.833999999999999773e+02 4.470000000000000000e+02 1.000000000000000000e+00
4.831999999999999886e+02 4.480000000000000000e+02 1.000000000000000000e+00
4.830000000000000000e+02 4.490000000000000000e+02 1.000000000000000000e+00
4.830000000000000000e+02 4.500000000000000000e+02 1.000000000000000000e+00
4.830000000000000000e+02 4.508000000000000114e+02 1.000000000000000000e+00
4.830000000000000000e+02 4.516000000000000227e+02 2.000000000000000000e+00
4.828000000000000114e+02 4.521999999999999886e+02 2.000000000000000000e+00
4.826000000000000227e+02 4.528000000000000114e+02 2.000000000000000000e+00
4.823999999999999773e+02 4.533999999999999773e+02 2.000000000000000000e+00
4.821999999999999886e+02 4.541999999999999886e+02 2.000000000000000000e+00
4.818000000000000114e+02 4.550000000000000000e+02 2.000000000000000000e+00
4.816000000000000227e+02 4.560000000000000000e+02 2.000000000000000000e+00
4.813999999999999773e+02 4.570000000000000000e+02 2.000000000000000000e+00
4.810000000000000000e+02 4.578000000000000114e+02 2.000000000000000000e+00
4.806000000000000227e+02 4.586000000000000227e+02 2.000000000000000000e+00
4.803999999999999773e+02 4.593999999999999773e+02 2.000000000000000000e+00
4.800000000000000000e+02 4.600000000000000000e+02 3.000000000000000000e+00
4.796000000000000227e+02 4.606000000000000227e+02 3.000000000000000000e+00
4.791999999999999886e+02 4.613999999999999773e+02 3.000000000000000000e+00
4.788000000000000114e+02 4.621999999999999886e+02 3.000000000000000000e+00
4.781999999999999886e+02 4.628000000000000114e+02 3.000000000000000000e+00
4.778000000000000114e+02 4.636000000000000227e+02 3.000000000000000000e+00
4.773999999999999773e+02 4.643999999999999773e+02 3.000000000000000000e+00
4.770000000000000000e+02 4.650000000000000000e+02 3.000000000000000000e+00
4.766000000000000227e+02 4.656000000000000227e+02 3.000000000000000000e+00
4.761999999999999886e+02 4.663999999999999773e+02 3.000000000000000000e+00
4.758000000000000114e+02 4.670000000000000000e+02 3.000000000000000000e+00
4.753999999999999773e+02 4.676000000000000227e+02 4.000000000000000000e+00
4.750000000000000000e+02 4.681999999999999886e+02 4.000000000000000000e+00
4.746000000000000227e+02 4.688000000000000114e+02 4.000000000000000000e+00
4.741999999999999886e+02 4.691999999999999886e+02 4.000000000000000000e+00
4.738000000000000114e+02 4.698000000000000114e+02 4.000000000000000000e+00
4.731999999999999886e+02 4.703999999999999773e+02 4.000000000000000000e+00
4.726000000000000227e+02 4.711999999999999886e+02 4.000000000000000000e+00
4.718000000000000114e+02 4.720000000000000000e+02 4.000000000000000000e+00
4.710000000000000000e+02 4.730000000000000000e+02 4.000000000000000000e+00
4.700000000000000000e+02 4.738000000000000114e+02 4.000000000000000000e+00
4.691999999999999886e+02 4.746000000000000227e+02 4.000000000000000000e+00
4.683999999999999773e+02 4.751999999999999886e+02 4.000000000000000000e+00
4.678000000000000114e+02 4.758000000000000114e+02 4.000000000000000000e+00
4.671999999999999886e+02 4.761999999999999886e+02 4.000000000000000000e+00
4.668000000000000114e+02 4.768000000000000114e+02 4.000000000000000000e+00
4.661999999999999886e+02 4.771999999999999886e+02 4.000000000000000000e+00
4.658000000000000114e+02 4.778000000000000114e+02 4.000000000000000000e+00
4.651999999999999886e+02 4.783999999999999773e+02 4.000000000000000000e+00
4.646000000000000227e+02 4.791999999999999886e+02 4.000000000000000000e+00
4.638000000000000114e+02 4.800000000000000000e+02 4.000000000000000000e+00
4.631999999999999886e+02 4.810000000000000000e+02 4.000000000000000000e+00
4.623999999999999773e+02 4.818000000000000114e+02 4.000000000000000000e+00
4.618000000000000114e+02 4.826000000000000227e+02 4.000000000000000000e+00
4.611999999999999886e+02 4.831999999999999886e+02 4.000000000000000000e+00
4.608000000000000114e+02 4.838000000000000114e+02 4.000000000000000000e+00
4.601999999999999886e+02 4.841999999999999886e+02 4.000000000000000000e+00
4.598000000000000114e+02 4.848000000000000114e+02 4.000000000000000000e+00
4.591999999999999886e+02 4.851999999999999886e+02 4.000000000000000000e+00
4.588000000000000114e+02 4.858000000000000114e+02 4.000000000000000000e+00
4.581999999999999886e+02 4.861999999999999886e+02 4.000000000000000000e+00
4.578000000000000114e+02 4.868000000000000114e+02 4.000000000000000000e+00
4.571999999999999886e+02 4.871999999999999886e+02 4.000000000000000000e+00
4.568000000000000114e+02 4.878000000000000114e+02 4.000000000000000000e+00
4.561999999999999886e+02 4.881999999999999886e+02 4.000000000000000000e+00
4.556000000000000227e+02 4.886000000000000227e+02 4.000000000000000000e+00
4.550000000000000000e+02 4.890000000000000000e+02 4.000000000000000000e+00
4.543999999999999773e+02 4.893999999999999773e+02 4.000000000000000000e+00
4.538000000000000114e+02 4.898000000000000114e+02 4.000000000000000000e+00
4.531999999999999886e+02 4.901999999999999886e+02 4.000000000000000000e+00
4.526000000000000227e+02 4.906000000000000227e+02 4.000000000000000000e+00
4.520000000000000000e+02 4.910000000000000000e+02 4.000000000000000000e+00
4.513999999999999773e+02 4.913999999999999773e+02 4.000000000000000000e+00
4.508000000000000114e+02 4.918000000000000114e+02 4.000000000000000000e+00
4.501999999999999886e+02 4.921999999999999886e+02 4.000000000000000000e+00
4.496000000000000227e+02 4.928000000000000114e+02 4.000000000000000000e+00
4.488000000000000114e+02 4.931999999999999886e+02 4.000000000000000000e+00
4.481999999999999886e+02 4.938000000000000114e+02 4.000000000000000000e+00
4.473999999999999773e+02 4.943999999999999773e+02 4.000000000000000000e+00
4.468000000000000114e+02 4.951999999999999886e+02 4.000000000000000000e+00
4.461999999999999886e+02 4.958000000000000114e+02 4.000000000000000000e+00
4.458000000000000114e+02 4.966000000000000227e+02 4.000000000000000000e+00
4.453999999999999773e+02 4.973999999999999773e+02 4.000000000000000000e+00
4.450000000000000000e+02 4.980000000000000000e+02 4.000000000000000000e+00
4.446000000000000227e+02 4.986000000000000227e+02 4.000000000000000000e+00
4.443999999999999773e+02 4.991999999999999886e+02 4.000000000000000000e+00
4.441999999999999886e+02 4.998000000000000114e+02 5.000000000000000000e+00
4.440000000000000000e+02 5.003999999999999773e+02 5.000000000000000000e+00
4.438000000000000114e+02 5.010000000000000000e+02 5.000000000000000000e+00
4.436000000000000227e+02 5.016000000000000227e+02 5.000000000000000000e+00
4.433999999999999773e+02 5.023999999999999773e+02 5.000000000000000000e+00
4.431999999999999886e+02 5.031999999999999886e+02 5.000000000000000000e+00
4.430000000000000000e+02 5.040000000000000000e+02 5.000000000000000000e+00
4.428000000000000114e+02 5.048000000000000114e+02 5.000000000000000000e+00
4.426000000000000227e+02 5.056000000000000227e+02 5.000000000000000000e+00
4.423999999999999773e+02 5.063999999999999773e+02 5.000000000000000000e+00
4.421999999999999886e+02 5.071999999999999886e+02 5.000000000000000000e+00
4.420000000000000000e+02 5.080000000000000000e+02 5.000000000000000000e+00
4.418000000000000114e+02 5.088000000000000114e+02 5.000000000000000000e+00
4.416000000000000227e+02 5.096000000000000227e+02 5.000000000000000000e+00
4.411999999999999886e+02 5.103999999999999773e+02 5.000000000000000000e+00
4.408000000000000114e+02 5.111999999999999886e+02 5.000000000000000000e+00
4.401999999999999886e+02 5.118000000000000114e+02 5.000000000000000000e+00
4.396000000000000227e+02 5.126000000000000227e+02 5.000000000000000000e+00
4.388000000000000114e+02 5.132000000000000455e+02 5.000000000000000000e+00
4.381999999999999886e+02 5.137999999999999545e+02 5.000000000000000000e+00
4.373999999999999773e+02 5.142000000000000455e+02 5.000000000000000000e+00
4.366000000000000227e+02 5.146000000000000227e+02 5.000000000000000000e+00
4.358000000000000114e+02 5.150000000000000000e+02 5.000000000000000000e+00
4.350000000000000000e+02 5.153999999999999773e+02 5.000000000000000000e+00
4.341999999999999886e+02 5.157999999999999545e+02 5.000000000000000000e+00
4.333999999999999773e+02 5.162000000000000455e+02 5.000000000000000000e+00
4.326000000000000227e+02 5.167999999999999545e+02 5.000000000000000000e+00
4.320000000000000000e+02 5.173999999999999773e+02 5.000000000000000000e+00
4.313999999999999773e+02 5.180000000000000000e+02 5.000000000000000000e+00
4.308000000000000114e+02 5.186000000000000227e+02 5.000000000000000000e+00
4.303999999999999773e+02 5.193999999999999773e+02 5.000000000000000000e+00
4.300000000000000000e+02 5.200000000000000000e+02 5.000000000000000000e+00
4.296000000000000227e+02 5.206000000000000227e+02 5.000000000000000000e+00
4.293999999999999773e+02 5.213999999999999773e+02 5.000000000000000000e+00
4.291999999999999886e+02 5.222000000000000455e+02 5.000000000000000000e+00
4.290000000000000000e+02 5.230000000000000000e+02 5.000000000000000000e+00
4.290000000000000000e+02 5.240000000000000000e+02 5.000000000000000000e+00
4.290000000000000000e+02 5.250000000000000000e+02 5.000000000000000000e+00
4.290000000000000000e+02 5.260000000000000000e+02 5.000000000000000000e+00
4.290000000000000000e+02 5.270000000000000000e+02 5.000000000000000000e+00
4.288000000000000114e+02 5.277999999999999545e+02 6.000000000000000000e+00
4.286000000000000227e+02 5.286000000000000227e+02 6.000000000000000000e+00
4.281999999999999886e+02 5.293999999999999773e+02 6.000000000000000000e+00
4.278000000000000114e+02 5.302000000000000455e+02 6.000000000000000000e+00
4.271999999999999886e+02 5.307999999999999545e+02 6.000000000000000000e+00
4.268000000000000114e+02 5.316000000000000227e+02 6.000000000000000000e+00
4.263999999999999773e+02 5.323999999999999773e+02 6.000000000000000000e+00
4.260000000000000000e+02 5.330000000000000000e+02 6.000000000000000000e+00
4.256000000000000227e+02 5.336000000000000227e+02 6.000000000000000000e+00
4.251999999999999886e+02 5.342000000000000455e+02 6.000000000000000000e+00
4.248000000000000114e+02 5.347999999999999545e+02 6.000000000000000000e+00
4.241999999999999886e+02 5.352000000000000455e+02 6.000000000000000000e+00
4.238000000000000114e+02 5.357999999999999545e+02 6.000000000000000000e+00
4.231999999999999886e+02 5.362000000000000455e+02 6.000000000000000000e+00
4.228000000000000114e+02 5.367999999999999545e+02 6.000000000000000000e+00
4.221999999999999886e+02 5.372000000000000455e+02 6.000000000000000000e+00
4.216000000000000227e+02 5.377999999999999545e+02 6.000000000000000000e+00
4.208000000000000114e+02 5.382000000000000455e+02 6.000000000000000000e+00
4.200000000000000000e+02 5.387999999999999545e+02 6.000000000000000000e+00
4.190000000000000000e+02 5.392000000000000455e+02 6.000000000000000000e+00
4.185000000000000000e+02 5.395000000000000000e+02 6.000000000000000000e+00
