7.990000000000000000e+02 7.000000000000000000e+02 1.400000000000000000e+01
7.987999999999999545e+02 6.990000000000000000e+02 1.400000000000000000e+01
7.986000000000000227e+02 6.980000000000000000e+02 1.400000000000000000e+01
7.983999999999999773e+02 6.970000000000000000e+02 1.400000000000000000e+01
7.982000000000000455e+02 6.960000000000000000e+02 1.400000000000000000e+01
7.980000000000000000e+02 6.950000000000000000e+02 1.400000000000000000e+01
7.977999999999999545e+02 6.942000000000000455e+02 1.400000000000000000e+01
7.976000000000000227e+02 6.933999999999999773e+02 1.400000000000000000e+01
7.973999999999999773e+02 6.926000000000000227e+02 1.400000000000000000e+01
7.972000000000000455e+02 6.917999999999999545e+02 1.400000000000000000e+01
7.967999999999999545e+02 6.912000000000000455e+02 1.400000000000000000e+01
7.966000000000000227e+02 6.903999999999999773e+02 1.400000000000000000e+01
7.963999999999999773e+02 6.896000000000000227e+02 1.400000000000000000e+01
7.962000000000000455e+02 6.887999999999999545e+02 1.400000000000000000e+01
7.960000000000000000e+02 6.880000000000000000e+02 1.400000000000000000e+01
7.957999999999999545e+02 6.872000000000000455e+02 1.400000000000000000e+01
7.956000000000000227e+02 6.863999999999999773e+02 1.400000000000000000e+01
7.953999999999999773e+02 6.856000000000000227e+02 1.400000000000000000e+01
7.952000000000000455e+02 6.847999999999999545e+02 1.400000000000000000e+01
7.947999999999999545e+02 6.840000000000000000e+02 1.400000000000000000e+01
7.946000000000000227e+02 6.830000000000000000e+02 1.400000000000000000e+01
7.943999999999999773e+02 6.820000000000000000e+02 1.400000000000000000e+01
7.942000000000000455e+02 6.810000000000000000e+02 1.400000000000000000e+01
7.937999999999999545e+02 6.802000000000000455e+02 1.400000000000000000e+01
7.936000000000000227e+02 6.793999999999999773e+02 1.400000000000000000e+01
7.933999999999999773e+02 6.786000000000000227e+02 1.300000000000000000e+01
7.932000000000000455e+02 6.777999999999999545e+02 1.300000000000000000e+01
7.930000000000000000e+02 6.770000000000000000e+02 1.300000000000000000e+01
7.927999999999999545e+02 6.760000000000000000e+02 1.300000000000000000e+01
7.926000000000000227e+02 6.750000000000000000e+02 1.300000000000000000e+01
7.923999999999999773e+02 6.740000000000000000e+02 1.300000000000000000e+01
7.922000000000000455e+02 6.730000000000000000e+02 1.300000000000000000e+01
7.920000000000000000e+02 6.720000000000000000e+02 1.300000000000000000e+01
7.920000000000000000e+02 6.710000000000000000e+02 1.300000000000000000e+01
7.917999999999999545e+02 6.700000000000000000e+02 1.300000000000000000e+01
7.916000000000000227e+02 6.690000000000000000e+02 1.300000000000000000e+01
7.913999999999999773e+02 6.680000000000000000e+02 1.300000000000000000e+01
7.912000000000000455e+02 6.670000000000000000e+02 1.300000000000000000e+01
7.910000000000000000e+02 6.660000000000000000e+02 1.300000000000000000e+01
7.910000000000000000e+02 6.650000000000000000e+02 1.300000000000000000e+01
7.910000000000000000e+02 6.640000000000000000e+02 1.300000000000000000e+01
7.910000000000000000e+02 6.630000000000000000e+02 1.300000000000000000e+01
7.910000000000000000e+02 6.620000000000000000e+02 1.300000000000000000e+01
7.912000000000000455e+02 6.612000000000000455e+02 1.300000000000000000e+01
7.913999999999999773e+02 6.603999999999999773e+02 1.300000000000000000e+01
7.916000000000000227e+02 6.596000000000000227e+02 1.300000000000000000e+01
7.917999999999999545e+02 6.587999999999999545e+02 1.300000000000000000e+01
7.922000000000000455e+02 6.582000000000000455e+02 1.300000000000000000e+01
7.923999999999999773e+02 6.573999999999999773e+02 1.300000000000000000e+01
7.927999999999999545e+02 6.567999999999999545e+02 1.300000000000000000e+01
7.933999999999999773e+02 6.562000000000000455e+02 1.300000000000000000e+01
7.942000000000000455e+02 6.557999999999999545e+02 1.300000000000000000e+01
7.950000000000000000e+02 6.553999999999999773e+02 1.300000000000000000e+01
7.960000000000000000e+02 6.552000000000000455e+02 1.300000000000000000e+01
7.970000000000000000e+02 6.550000000000000000e+02 1.300000000000000000e+01
7.977999999999999545e+02 6.547999999999999545e+02 1.300000000000000000e+01
7.986000000000000227e+02 6.546000000000000227e+02 1.300000000000000000e+01
7.993999999999999773e+02 6.543999999999999773e+02 1.300000000000000000e+01
8.002000000000000455e+02 6.542000000000000455e+02 1.300000000000000000e+01
8.010000000000000000e+02 6.540000000000000000e+02 1.300000000000000000e+01
8.017999999999999545e+02 6.540000000000000000e+02 1.300000000000000000e+01
8.026000000000000227e+02 6.540000000000000000e+02 1.400000000000000000e+01
8.033999999999999773e+02 6.540000000000000000e+02 1.400000000000000000e+01
8.042000000000000455e+02 6.540000000000000000e+02 1.400000000000000000e+01
8.047999999999999545e+02 6.537999999999999545e+02 1.400000000000000000e+01
8.056000000000000227e+02 6.536000000000000227e+02 1.400000000000000000e+01
8.063999999999999773e+02 6.533999999999999773e+02 1.400000000000000000e+01
8.070000000000000000e+02 6.530000000000000000e+02 1.400000000000000000e+01
8.076000000000000227e+02 6.526000000000000227e+02 1.400000000000000000e+01
8.082000000000000455e+02 6.522000000000000455e+02 1.400000000000000000e+01
8.086000000000000227e+02 6.517999999999999545e+02 1.400000000000000000e+01
8.087999999999999545e+02 6.512000000000000455e+02 1.500000000000000000e+01
8.092000000000000455e+02 6.507999999999999545e+02 1.500000000000000000e+01
8.093999999999999773e+02 6.502000000000000455e+02 1.500000000000000000e+01
8.096000000000000227e+02 6.496000000000000227e+02 1.500000000000000000e+01
8.097999999999999545e+02 6.487999999999999545e+02 1.500000000000000000e+01
8.100000000000000000e+02 6.480000000000000000e+02 1.500000000000000000e+01
8.100000000000000000e+02 6.470000000000000000e+02 1.500000000000000000e+01
8.100000000000000000e+02 6.460000000000000000e+02 1.500000000000000000e+01
8.100000000000000000e+02 6.450000000000000000e+02 1.500000000000000000e+01
8.100000000000000000e+02 6.440000000000000000e+02 1.500000000000000000e+01
8.100000000000000000e+02 6.430000000000000000e+02 1.500000000000000000e+01
8.102000000000000455e+02 6.422000000000000455e+02 1.500000000000000000e+01
8.103999999999999773e+02 6.413999999999999773e+02 1.500000000000000000e+01
8.106000000000000227e+02 6.406000000000000227e+02 1.500000000000000000e+01
8.107999999999999545e+02 6.397999999999999545e+02 1.500000000000000000e+01
8.110000000000000000e+02 6.390000000000000000e+02 1.500000000000000000e+01
8.110000000000000000e+02 6.382000000000000455e+02 1.500000000000000000e+01
8.110000000000000000e+02 6.373999999999999773e+02 1.600000000000000000e+01
8.112000000000000455e+02 6.367999999999999545e+02 1.600000000000000000e+01
8.113999999999999773e+02 6.362000000000000455e+02 1.600000000000000000e+01
8.116000000000000227e+02 6.356000000000000227e+02 1.600000000000000000e+01
8.120000000000000000e+02 6.350000000000000000e+02 1.600000000000000000e+01
8.123999999999999773e+02 6.343999999999999773e+02 1.600000000000000000e+01
8.126000000000000227e+02 6.337999999999999545e+02 1.600000000000000000e+01
8.130000000000000000e+02 6.332000000000000455e+02 1.700000000000000000e+01
8.133999999999999773e+02 6.326000000000000227e+02 1.700000000000000000e+01
8.137999999999999545e+02 6.320000000000000000e+02 1.700000000000000000e+01
8.142000000000000455e+02 6.313999999999999773e+02 1.700000000000000000e+01
8.145000000000000000e+02 6.310000000000000000e+02 1.800000000000000000e+01
