7.576000000000000227e+02 4.923999999999999773e+02 1.400000000000000000e+01
7.580000000000000000e+02 4.931999999999999886e+02 1.400000000000000000e+01
7.583999999999999773e+02 4.940000000000000000e+02 1.400000000000000000e+01
7.587999999999999545e+02 4.950000000000000000e+02 1.400000000000000000e+01
7.592000000000000455e+02 4.960000000000000000e+02 1.400000000000000000e+01
7.596000000000000227e+02 4.970000000000000000e+02 1.400000000000000000e+01
7.600000000000000000e+02 4.978000000000000114e+02 1.400000000000000000e+01
7.603999999999999773e+02 4.986000000000000227e+02 1.400000000000000000e+01
7.606000000000000227e+02 4.993999999999999773e+02 1.400000000000000000e+01
7.607999999999999545e+02 5.001999999999999886e+02 1.400000000000000000e+01
7.612000000000000455e+02 5.008000000000000114e+02 1.400000000000000000e+01
7.613999999999999773e+02 5.016000000000000227e+02 1.400000000000000000e+01
7.616000000000000227e+02 5.023999999999999773e+02 1.400000000000000000e+01
7.620000000000000000e+02 5.031999999999999886e+02 1.400000000000000000e+01
7.623999999999999773e+02 5.040000000000000000e+02 1.400000000000000000e+01
7.626000000000000227e+02 5.050000000000000000e+02 1.400000000000000000e+01
7.630000000000000000e+02 5.058000000000000114e+02 1.400000000000000000e+01
7.633999999999999773e+02 5.066000000000000227e+02 1.400000000000000000e+01
7.636000000000000227e+02 5.073999999999999773e+02 1.400000000000000000e+01
7.637999999999999545e+02 5.081999999999999886e+02 1.400000000000000000e+01
7.642000000000000455e+02 5.088000000000000114e+02 1.400000000000000000e+01
7.643999999999999773e+02 5.096000000000000227e+02 1.400000000000000000e+01
7.646000000000000227e+02 5.103999999999999773e+02 1.400000000000000000e+01
7.650000000000000000e+02 5.111999999999999886e+02 1.400000000000000000e+01
7.653999999999999773e+02 5.120000000000000000e+02 1.400000000000000000e+01
7.657999999999999545e+02 5.130000000000000000e+02 1.400000000000000000e+01
7.662000000000000455e+02 5.140000000000000000e+02 1.400000000000000000e+01
7.667999999999999545e+02 5.150000000000000000e+02 1.400000000000000000e+01
7.670000000000000000e+02 5.155000000000000000e+02 1.500000000000000000e+01
