2.640000000000000000e+02 1.322000000000000000e+03 2.700000000000000000e+01
2.640000000000000000e+02 1.323000000000000000e+03 2.700000000000000000e+01
2.640000000000000000e+02 1.324000000000000000e+03 2.700000000000000000e+01
2.640000000000000000e+02 1.324799999999999955e+03 2.700000000000000000e+01
2.640000000000000000e+02 1.325599999999999909e+03 2.800000000000000000e+01
2.640000000000000000e+02 1.326400000000000091e+03 2.800000000000000000e+01
2.640000000000000000e+02 1.327200000000000045e+03 2.800000000000000000e+01
2.640000000000000000e+02 1.328000000000000000e+03 2.800000000000000000e+01
2.640000000000000000e+02 1.329000000000000000e+03 2.800000000000000000e+01
2.640000000000000000e+02 1.330000000000000000e+03 2.800000000000000000e+01
2.640000000000000000e+02 1.331000000000000000e+03 2.800000000000000000e+01
2.640000000000000000e+02 1.332000000000000000e+03 2.800000000000000000e+01
2.640000000000000000e+02 1.333000000000000000e+03 2.800000000000000000e+01
2.640000000000000000e+02 1.334000000000000000e+03 2.800000000000000000e+01
2.640000000000000000e+02 1.335000000000000000e+03 2.800000000000000000e+01
2.640000000000000000e+02 1.336000000000000000e+03 2.800000000000000000e+01
2.640000000000000000e+02 1.337000000000000000e+03 2.800000000000000000e+01
2.640000000000000000e+02 1.338000000000000000e+03 2.800000000000000000e+01
2.640000000000000000e+02 1.339000000000000000e+03 2.800000000000000000e+01
2.641999999999999886e+02 1.339799999999999955e+03 2.800000000000000000e+01
2.643999999999999773e+02 1.340599999999999909e+03 2.800000000000000000e+01
2.646000000000000227e+02 1.341400000000000091e+03 2.800000000000000000e+01
2.648000000000000114e+02 1.342200000000000045e+03 2.800000000000000000e+01
2.650000000000000000e+02 1.343000000000000000e+03 2.800000000000000000e+01
2.650000000000000000e+02 1.344000000000000000e+03 2.800000000000000000e+01
2.650000000000000000e+02 1.345000000000000000e+03 2.800000000000000000e+01
2.651999999999999886e+02 1.345799999999999955e+03 2.800000000000000000e+01
2.653999999999999773e+02 1.346599999999999909e+03 2.800000000000000000e+01
2.656000000000000227e+02 1.347400000000000091e+03 2.800000000000000000e+01
2.658000000000000114e+02 1.348200000000000045e+03 2.800000000000000000e+01
2.660000000000000000e+02 1.349000000000000000e+03 2.800000000000000000e+01
2.661999999999999886e+02 1.349799999999999955e+03 2.800000000000000000e+01
2.663999999999999773e+02 1.350599999999999909e+03 2.800000000000000000e+01
2.666000000000000227e+02 1.351400000000000091e+03 2.800000000000000000e+01
2.670000000000000000e+02 1.352200000000000045e+03 2.800000000000000000e+01
2.673999999999999773e+02 1.353000000000000000e+03 2.800000000000000000e+01
2.676000000000000227e+02 1.354000000000000000e+03 2.800000000000000000e+01
2.680000000000000000e+02 1.354799999999999955e+03 2.800000000000000000e+01
2.683999999999999773e+02 1.355599999999999909e+03 2.800000000000000000e+01
2.686000000000000227e+02 1.356400000000000091e+03 2.800000000000000000e+01
2.690000000000000000e+02 1.357000000000000000e+03 2.800000000000000000e+01
2.693999999999999773e+02 1.357599999999999909e+03 2.800000000000000000e+01
2.698000000000000114e+02 1.358200000000000045e+03 2.800000000000000000e+01
2.701999999999999886e+02 1.358799999999999955e+03 2.800000000000000000e+01
2.706000000000000227e+02 1.359400000000000091e+03 2.800000000000000000e+01
2.710000000000000000e+02 1.360000000000000000e+03 2.800000000000000000e+01
2.713999999999999773e+02 1.360599999999999909e+03 2.800000000000000000e+01
2.718000000000000114e+02 1.361200000000000045e+03 2.800000000000000000e+01
2.721999999999999886e+02 1.361799999999999955e+03 2.800000000000000000e+01
2.728000000000000114e+02 1.362400000000000091e+03 2.800000000000000000e+01
2.731999999999999886e+02 1.363000000000000000e+03 2.800000000000000000e+01
2.736000000000000227e+02 1.363599999999999909e+03 2.900000000000000000e+01
2.740000000000000000e+02 1.364200000000000045e+03 2.900000000000000000e+01
2.743999999999999773e+02 1.364799999999999955e+03 2.900000000000000000e+01
2.748000000000000114e+02 1.365200000000000045e+03 2.900000000000000000e+01
2.751999999999999886e+02 1.365799999999999955e+03 2.900000000000000000e+01
2.758000000000000114e+02 1.366200000000000045e+03 2.900000000000000000e+01
2.761999999999999886e+02 1.366799999999999955e+03 2.900000000000000000e+01
2.768000000000000114e+02 1.367400000000000091e+03 2.900000000000000000e+01
2.771999999999999886e+02 1.368200000000000045e+03 2.900000000000000000e+01
2.778000000000000114e+02 1.368799999999999955e+03 2.900000000000000000e+01
2.781999999999999886e+02 1.369599999999999909e+03 2.900000000000000000e+01
2.788000000000000114e+02 1.370400000000000091e+03 2.900000000000000000e+01
2.791999999999999886e+02 1.371200000000000045e+03 2.900000000000000000e+01
2.798000000000000114e+02 1.371799999999999955e+03 2.900000000000000000e+01
2.801999999999999886e+02 1.372599999999999909e+03 2.900000000000000000e+01
2.808000000000000114e+02 1.373200000000000045e+03 2.900000000000000000e+01
2.811999999999999886e+02 1.373799999999999955e+03 2.900000000000000000e+01
2.818000000000000114e+02 1.374200000000000045e+03 2.900000000000000000e+01
2.821999999999999886e+02 1.374799999999999955e+03 2.900000000000000000e+01
2.828000000000000114e+02 1.375200000000000045e+03 2.900000000000000000e+01
2.831999999999999886e+02 1.375799999999999955e+03 2.900000000000000000e+01
2.838000000000000114e+02 1.376200000000000045e+03 2.900000000000000000e+01
2.841999999999999886e+02 1.376799999999999955e+03 2.900000000000000000e+01
2.848000000000000114e+02 1.377200000000000045e+03 2.900000000000000000e+01
2.851999999999999886e+02 1.377799999999999955e+03 2.900000000000000000e+01
2.858000000000000114e+02 1.378200000000000045e+03 2.900000000000000000e+01
2.861999999999999886e+02 1.378799999999999955e+03 2.900000000000000000e+01
2.868000000000000114e+02 1.379200000000000045e+03 2.900000000000000000e+01
2.871999999999999886e+02 1.379799999999999955e+03 2.900000000000000000e+01
2.878000000000000114e+02 1.380200000000000045e+03 2.900000000000000000e+01
2.883999999999999773e+02 1.380799999999999955e+03 2.900000000000000000e+01
2.891999999999999886e+02 1.381400000000000091e+03 2.900000000000000000e+01
2.900000000000000000e+02 1.382200000000000045e+03 2.900000000000000000e+01
2.910000000000000000e+02 1.383000000000000000e+03 2.900000000000000000e+01
2.918000000000000114e+02 1.384000000000000000e+03 2.900000000000000000e+01
2.926000000000000227e+02 1.384799999999999955e+03 2.900000000000000000e+01
2.931999999999999886e+02 1.385599999999999909e+03 2.900000000000000000e+01
2.938000000000000114e+02 1.386400000000000091e+03 2.900000000000000000e+01
2.941999999999999886e+02 1.387200000000000045e+03 2.900000000000000000e+01
2.946000000000000227e+02 1.388000000000000000e+03 2.900000000000000000e+01
2.950000000000000000e+02 1.388799999999999955e+03 2.900000000000000000e+01
2.953999999999999773e+02 1.389599999999999909e+03 2.900000000000000000e+01
2.956000000000000227e+02 1.390400000000000091e+03 3.000000000000000000e+01
2.958000000000000114e+02 1.391200000000000045e+03 3.000000000000000000e+01
2.960000000000000000e+02 1.392000000000000000e+03 3.000000000000000000e+01
2.961999999999999886e+02 1.392799999999999955e+03 3.000000000000000000e+01
2.963999999999999773e+02 1.393599999999999909e+03 3.000000000000000000e+01
2.966000000000000227e+02 1.394400000000000091e+03 3.000000000000000000e+01
2.968000000000000114e+02 1.395200000000000045e+03 3.000000000000000000e+01
2.971999999999999886e+02 1.396000000000000000e+03 3.000000000000000000e+01
2.973999999999999773e+02 1.397000000000000000e+03 3.000000000000000000e+01
2.976000000000000227e+02 1.398000000000000000e+03 3.000000000000000000e+01
2.980000000000000000e+02 1.398799999999999955e+03 3.000000000000000000e+01
2.983999999999999773e+02 1.399599999999999909e+03 3.000000000000000000e+01
2.986000000000000227e+02 1.400400000000000091e+03 3.000000000000000000e+01
2.990000000000000000e+02 1.401000000000000000e+03 3.000000000000000000e+01
2.993999999999999773e+02 1.401799999999999955e+03 3.000000000000000000e+01
2.998000000000000114e+02 1.402599999999999909e+03 3.000000000000000000e+01
3.001999999999999886e+02 1.403400000000000091e+03 3.000000000000000000e+01
3.006000000000000227e+02 1.404200000000000045e+03 3.000000000000000000e+01
3.010000000000000000e+02 1.405000000000000000e+03 3.000000000000000000e+01
3.013999999999999773e+02 1.405599999999999909e+03 3.000000000000000000e+01
3.016000000000000227e+02 1.406400000000000091e+03 3.000000000000000000e+01
3.020000000000000000e+02 1.407000000000000000e+03 3.000000000000000000e+01
3.023999999999999773e+02 1.407599999999999909e+03 3.000000000000000000e+01
3.026000000000000227e+02 1.408400000000000091e+03 3.000000000000000000e+01
3.030000000000000000e+02 1.409000000000000000e+03 3.000000000000000000e+01
3.033999999999999773e+02 1.409599999999999909e+03 3.000000000000000000e+01
3.038000000000000114e+02 1.410400000000000091e+03 3.000000000000000000e+01
3.041999999999999886e+02 1.411200000000000045e+03 3.100000000000000000e+01
3.048000000000000114e+02 1.411799999999999955e+03 3.100000000000000000e+01
3.051999999999999886e+02 1.412599999999999909e+03 3.100000000000000000e+01
3.058000000000000114e+02 1.413200000000000045e+03 3.100000000000000000e+01
3.061999999999999886e+02 1.413799999999999955e+03 3.200000000000000000e+01
3.068000000000000114e+02 1.414200000000000045e+03 3.200000000000000000e+01
3.071999999999999886e+02 1.414799999999999955e+03 3.200000000000000000e+01
3.076000000000000227e+02 1.415200000000000045e+03 3.200000000000000000e+01
3.080000000000000000e+02 1.415799999999999955e+03 3.300000000000000000e+01
3.086000000000000227e+02 1.416400000000000091e+03 3.300000000000000000e+01
3.090000000000000000e+02 1.417000000000000000e+03 3.300000000000000000e+01
3.096000000000000227e+02 1.417599999999999909e+03 3.400000000000000000e+01
3.101999999999999886e+02 1.418200000000000045e+03 3.400000000000000000e+01
3.108000000000000114e+02 1.418799999999999955e+03 3.500000000000000000e+01
3.111999999999999886e+02 1.419400000000000091e+03 3.500000000000000000e+01
3.118000000000000114e+02 1.420000000000000000e+03 3.500000000000000000e+01
3.123999999999999773e+02 1.420599999999999909e+03 3.600000000000000000e+01
3.130000000000000000e+02 1.421200000000000045e+03 3.600000000000000000e+01
3.136000000000000227e+02 1.421799999999999955e+03 3.700000000000000000e+01
3.143999999999999773e+02 1.422400000000000091e+03 3.700000000000000000e+01
3.147500000000000000e+02 1.422750000000000000e+03 3.800000000000000000e+01
