8.090000000000000000e+02 3.100000000000000000e+01 1.900000000000000000e+01
8.087999999999999545e+02 3.180000000000000071e+01 1.900000000000000000e+01
8.086000000000000227e+02 3.260000000000000142e+01 1.900000000000000000e+01
8.083999999999999773e+02 3.339999999999999858e+01 1.900000000000000000e+01
8.082000000000000455e+02 3.420000000000000284e+01 1.900000000000000000e+01
8.080000000000000000e+02 3.500000000000000000e+01 1.900000000000000000e+01
8.080000000000000000e+02 3.600000000000000000e+01 1.900000000000000000e+01
8.080000000000000000e+02 3.700000000000000000e+01 1.900000000000000000e+01
8.080000000000000000e+02 3.800000000000000000e+01 1.900000000000000000e+01
8.080000000000000000e+02 3.900000000000000000e+01 1.900000000000000000e+01
8.080000000000000000e+02 4.000000000000000000e+01 1.900000000000000000e+01
8.080000000000000000e+02 4.100000000000000000e+01 1.900000000000000000e+01
8.080000000000000000e+02 4.200000000000000000e+01 1.900000000000000000e+01
8.082000000000000455e+02 4.300000000000000000e+01 1.900000000000000000e+01
8.083999999999999773e+02 4.400000000000000000e+01 1.900000000000000000e+01
8.086000000000000227e+02 4.500000000000000000e+01 1.900000000000000000e+01
8.090000000000000000e+02 4.579999999999999716e+01 1.900000000000000000e+01
8.093999999999999773e+02 4.660000000000000142e+01 1.900000000000000000e+01
8.096000000000000227e+02 4.739999999999999858e+01 1.900000000000000000e+01
8.100000000000000000e+02 4.820000000000000284e+01 1.900000000000000000e+01
8.103999999999999773e+02 4.900000000000000000e+01 1.900000000000000000e+01
8.106000000000000227e+02 5.000000000000000000e+01 1.900000000000000000e+01
8.110000000000000000e+02 5.079999999999999716e+01 1.900000000000000000e+01
8.113999999999999773e+02 5.160000000000000142e+01 1.900000000000000000e+01
8.116000000000000227e+02 5.239999999999999858e+01 1.900000000000000000e+01
8.120000000000000000e+02 5.320000000000000284e+01 1.900000000000000000e+01
8.123999999999999773e+02 5.400000000000000000e+01 1.900000000000000000e+01
8.126000000000000227e+02 5.500000000000000000e+01 1.900000000000000000e+01
8.130000000000000000e+02 5.579999999999999716e+01 1.900000000000000000e+01
8.133999999999999773e+02 5.660000000000000142e+01 1.900000000000000000e+01
8.136000000000000227e+02 5.720000000000000284e+01 1.900000000000000000e+01
8.140000000000000000e+02 5.779999999999999716e+01 2.000000000000000000e+01
8.143999999999999773e+02 5.839999999999999858e+01 1.900000000000000000e+01
8.147999999999999545e+02 5.920000000000000284e+01 1.900000000000000000e+01
8.152000000000000455e+02 6.000000000000000000e+01 1.900000000000000000e+01
8.157999999999999545e+02 6.079999999999999716e+01 1.900000000000000000e+01
8.162000000000000455e+02 6.160000000000000142e+01 1.900000000000000000e+01
8.167999999999999545e+02 6.239999999999999858e+01 1.900000000000000000e+01
8.172000000000000455e+02 6.320000000000000284e+01 1.900000000000000000e+01
8.177999999999999545e+02 6.379999999999999716e+01 1.900000000000000000e+01
8.182000000000000455e+02 6.459999999999999432e+01 1.900000000000000000e+01
8.187999999999999545e+02 6.540000000000000568e+01 1.900000000000000000e+01
8.192000000000000455e+02 6.620000000000000284e+01 1.900000000000000000e+01
8.197999999999999545e+02 6.679999999999999716e+01 1.900000000000000000e+01
8.202000000000000455e+02 6.759999999999999432e+01 1.900000000000000000e+01
8.207999999999999545e+02 6.840000000000000568e+01 1.900000000000000000e+01
8.212000000000000455e+02 6.920000000000000284e+01 1.900000000000000000e+01
8.217999999999999545e+02 6.979999999999999716e+01 1.900000000000000000e+01
8.222000000000000455e+02 7.059999999999999432e+01 1.900000000000000000e+01
8.227999999999999545e+02 7.140000000000000568e+01 1.900000000000000000e+01
8.232000000000000455e+02 7.220000000000000284e+01 1.900000000000000000e+01
8.236000000000000227e+02 7.300000000000000000e+01 1.900000000000000000e+01
8.237999999999999545e+02 7.400000000000000000e+01 1.900000000000000000e+01
8.240000000000000000e+02 7.500000000000000000e+01 1.900000000000000000e+01
8.242000000000000455e+02 7.579999999999999716e+01 1.900000000000000000e+01
8.243999999999999773e+02 7.659999999999999432e+01 1.900000000000000000e+01
8.246000000000000227e+02 7.740000000000000568e+01 1.900000000000000000e+01
8.247999999999999545e+02 7.820000000000000284e+01 1.900000000000000000e+01
8.250000000000000000e+02 7.900000000000000000e+01 2.000000000000000000e+01
8.250000000000000000e+02 8.000000000000000000e+01 2.000000000000000000e+01
8.250000000000000000e+02 8.100000000000000000e+01 2.000000000000000000e+01
8.250000000000000000e+02 8.200000000000000000e+01 2.000000000000000000e+01
8.250000000000000000e+02 8.300000000000000000e+01 2.000000000000000000e+01
8.250000000000000000e+02 8.400000000000000000e+01 2.000000000000000000e+01
8.250000000000000000e+02 8.500000000000000000e+01 2.000000000000000000e+01
8.250000000000000000e+02 8.600000000000000000e+01 2.100000000000000000e+01
8.250000000000000000e+02 8.700000000000000000e+01 2.100000000000000000e+01
8.250000000000000000e+02 8.800000000000000000e+01 2.100000000000000000e+01
8.250000000000000000e+02 8.900000000000000000e+01 2.100000000000000000e+01
8.252000000000000455e+02 8.979999999999999716e+01 2.100000000000000000e+01
8.253999999999999773e+02 9.059999999999999432e+01 2.100000000000000000e+01
8.256000000000000227e+02 9.140000000000000568e+01 2.100000000000000000e+01
8.257999999999999545e+02 9.220000000000000284e+01 2.100000000000000000e+01
8.260000000000000000e+02 9.300000000000000000e+01 2.100000000000000000e+01
8.260000000000000000e+02 9.400000000000000000e+01 2.100000000000000000e+01
8.260000000000000000e+02 9.500000000000000000e+01 2.100000000000000000e+01
8.260000000000000000e+02 9.600000000000000000e+01 2.100000000000000000e+01
8.262000000000000455e+02 9.679999999999999716e+01 2.100000000000000000e+01
8.263999999999999773e+02 9.759999999999999432e+01 2.100000000000000000e+01
8.266000000000000227e+02 9.840000000000000568e+01 2.200000000000000000e+01
8.267999999999999545e+02 9.920000000000000284e+01 2.200000000000000000e+01
8.272000000000000455e+02 1.000000000000000000e+02 2.200000000000000000e+01
8.273999999999999773e+02 1.010000000000000000e+02 2.200000000000000000e+01
8.276000000000000227e+02 1.020000000000000000e+02 2.200000000000000000e+01
8.277999999999999545e+02 1.030000000000000000e+02 2.200000000000000000e+01
8.282000000000000455e+02 1.037999999999999972e+02 2.200000000000000000e+01
8.283999999999999773e+02 1.045999999999999943e+02 2.200000000000000000e+01
8.286000000000000227e+02 1.054000000000000057e+02 2.200000000000000000e+01
8.287999999999999545e+02 1.062000000000000028e+02 2.200000000000000000e+01
8.290000000000000000e+02 1.065000000000000000e+02 2.200000000000000000e+01
