8.030000000000000000e+02 1.691799999999999955e+03 3.300000000000000000e+01
8.030000000000000000e+02 1.692599999999999909e+03 3.400000000000000000e+01
8.030000000000000000e+02 1.693400000000000091e+03 3.400000000000000000e+01
8.030000000000000000e+02 1.694200000000000045e+03 3.400000000000000000e+01
8.030000000000000000e+02 1.695000000000000000e+03 3.400000000000000000e+01
8.030000000000000000e+02 1.696000000000000000e+03 3.400000000000000000e+01
8.030000000000000000e+02 1.697000000000000000e+03 3.400000000000000000e+01
8.030000000000000000e+02 1.698000000000000000e+03 3.400000000000000000e+01
8.030000000000000000e+02 1.699000000000000000e+03 3.400000000000000000e+01
8.030000000000000000e+02 1.700000000000000000e+03 3.400000000000000000e+01
8.030000000000000000e+02 1.701000000000000000e+03 3.400000000000000000e+01
8.030000000000000000e+02 1.702000000000000000e+03 3.400000000000000000e+01
8.030000000000000000e+02 1.703000000000000000e+03 3.400000000000000000e+01
8.030000000000000000e+02 1.704000000000000000e+03 3.400000000000000000e+01
8.030000000000000000e+02 1.705000000000000000e+03 3.400000000000000000e+01
8.030000000000000000e+02 1.706000000000000000e+03 3.400000000000000000e+01
8.030000000000000000e+02 1.707000000000000000e+03 3.400000000000000000e+01
8.030000000000000000e+02 1.708000000000000000e+03 3.400000000000000000e+01
8.030000000000000000e+02 1.709000000000000000e+03 3.400000000000000000e+01
8.030000000000000000e+02 1.710000000000000000e+03 3.400000000000000000e+01
8.030000000000000000e+02 1.711000000000000000e+03 3.400000000000000000e+01
8.030000000000000000e+02 1.711799999999999955e+03 3.300000000000000000e+01
8.027999999999999545e+02 1.712599999999999909e+03 3.400000000000000000e+01
8.026000000000000227e+02 1.713400000000000091e+03 3.300000000000000000e+01
8.023999999999999773e+02 1.714200000000000045e+03 3.300000000000000000e+01
8.020000000000000000e+02 1.715000000000000000e+03 3.300000000000000000e+01
8.016000000000000227e+02 1.716000000000000000e+03 3.300000000000000000e+01
8.013999999999999773e+02 1.717000000000000000e+03 3.300000000000000000e+01
8.012000000000000455e+02 1.718000000000000000e+03 3.300000000000000000e+01
8.010000000000000000e+02 1.719000000000000000e+03 3.300000000000000000e+01
8.010000000000000000e+02 1.720000000000000000e+03 3.300000000000000000e+01
8.010000000000000000e+02 1.720500000000000000e+03 3.300000000000000000e+01
