4.326000000000000227e+02 6.576000000000000227e+02 2.100000000000000000e+01
4.330000000000000000e+02 6.570000000000000000e+02 2.100000000000000000e+01
4.333999999999999773e+02 6.563999999999999773e+02 2.100000000000000000e+01
4.338000000000000114e+02 6.557999999999999545e+02 2.100000000000000000e+01
4.341999999999999886e+02 6.552000000000000455e+02 2.100000000000000000e+01
4.348000000000000114e+02 6.547999999999999545e+02 2.100000000000000000e+01
4.353999999999999773e+02 6.542000000000000455e+02 2.100000000000000000e+01
4.360000000000000000e+02 6.537999999999999545e+02 2.100000000000000000e+01
4.366000000000000227e+02 6.533999999999999773e+02 2.000000000000000000e+01
4.373999999999999773e+02 6.532000000000000455e+02 2.000000000000000000e+01
4.381999999999999886e+02 6.530000000000000000e+02 2.000000000000000000e+01
4.390000000000000000e+02 6.530000000000000000e+02 2.000000000000000000e+01
4.400000000000000000e+02 6.530000000000000000e+02 2.000000000000000000e+01
4.408000000000000114e+02 6.532000000000000455e+02 2.000000000000000000e+01
4.416000000000000227e+02 6.533999999999999773e+02 2.000000000000000000e+01
4.423999999999999773e+02 6.536000000000000227e+02 1.900000000000000000e+01
4.430000000000000000e+02 6.540000000000000000e+02 1.900000000000000000e+01
4.436000000000000227e+02 6.543999999999999773e+02 1.900000000000000000e+01
4.443999999999999773e+02 6.546000000000000227e+02 1.900000000000000000e+01
4.450000000000000000e+02 6.550000000000000000e+02 1.900000000000000000e+01
4.456000000000000227e+02 6.553999999999999773e+02 1.900000000000000000e+01
4.463999999999999773e+02 6.556000000000000227e+02 1.900000000000000000e+01
4.470000000000000000e+02 6.560000000000000000e+02 1.900000000000000000e+01
4.476000000000000227e+02 6.563999999999999773e+02 1.900000000000000000e+01
4.480000000000000000e+02 6.565000000000000000e+02 1.900000000000000000e+01
