1.280200000000000045e+03 1.824200000000000045e+03 1.800000000000000000e+01
1.280799999999999955e+03 1.823799999999999955e+03 1.800000000000000000e+01
1.281200000000000045e+03 1.823200000000000045e+03 1.800000000000000000e+01
1.281799999999999955e+03 1.822799999999999955e+03 1.800000000000000000e+01
1.282200000000000045e+03 1.822200000000000045e+03 1.800000000000000000e+01
1.282799999999999955e+03 1.821799999999999955e+03 1.800000000000000000e+01
1.283200000000000045e+03 1.821200000000000045e+03 1.800000000000000000e+01
1.283799999999999955e+03 1.820799999999999955e+03 1.800000000000000000e+01
1.284200000000000045e+03 1.820200000000000045e+03 1.800000000000000000e+01
1.284799999999999955e+03 1.819799999999999955e+03 1.800000000000000000e+01
1.285200000000000045e+03 1.819200000000000045e+03 1.800000000000000000e+01
1.285799999999999955e+03 1.818599999999999909e+03 1.800000000000000000e+01
1.286400000000000091e+03 1.817799999999999955e+03 1.800000000000000000e+01
1.287000000000000000e+03 1.817000000000000000e+03 1.800000000000000000e+01
1.287599999999999909e+03 1.816200000000000045e+03 1.800000000000000000e+01
1.288400000000000091e+03 1.815400000000000091e+03 1.800000000000000000e+01
1.289200000000000045e+03 1.814799999999999955e+03 1.800000000000000000e+01
1.289799999999999955e+03 1.814200000000000045e+03 1.800000000000000000e+01
1.290599999999999909e+03 1.813799999999999955e+03 1.800000000000000000e+01
1.291400000000000091e+03 1.813400000000000091e+03 1.800000000000000000e+01
1.292000000000000000e+03 1.813000000000000000e+03 1.800000000000000000e+01
1.292599999999999909e+03 1.812599999999999909e+03 1.800000000000000000e+01
1.293400000000000091e+03 1.812400000000000091e+03 1.800000000000000000e+01
1.294200000000000045e+03 1.812200000000000045e+03 1.800000000000000000e+01
1.295000000000000000e+03 1.812000000000000000e+03 1.800000000000000000e+01
1.295799999999999955e+03 1.812000000000000000e+03 1.800000000000000000e+01
1.296599999999999909e+03 1.812000000000000000e+03 1.700000000000000000e+01
1.297400000000000091e+03 1.812000000000000000e+03 1.700000000000000000e+01
1.298200000000000045e+03 1.812000000000000000e+03 1.700000000000000000e+01
1.299000000000000000e+03 1.812000000000000000e+03 1.700000000000000000e+01
1.300000000000000000e+03 1.812000000000000000e+03 1.700000000000000000e+01
1.301000000000000000e+03 1.812000000000000000e+03 1.600000000000000000e+01
1.302000000000000000e+03 1.812200000000000045e+03 1.600000000000000000e+01
1.303000000000000000e+03 1.812400000000000091e+03 1.600000000000000000e+01
1.304000000000000000e+03 1.812599999999999909e+03 1.600000000000000000e+01
1.305000000000000000e+03 1.812799999999999955e+03 1.600000000000000000e+01
1.305799999999999955e+03 1.813000000000000000e+03 1.600000000000000000e+01
1.306599999999999909e+03 1.813000000000000000e+03 1.700000000000000000e+01
1.307400000000000091e+03 1.813000000000000000e+03 1.700000000000000000e+01
1.308200000000000045e+03 1.813000000000000000e+03 1.700000000000000000e+01
1.309000000000000000e+03 1.813000000000000000e+03 1.700000000000000000e+01
1.310000000000000000e+03 1.813000000000000000e+03 1.700000000000000000e+01
1.310799999999999955e+03 1.812799999999999955e+03 1.700000000000000000e+01
1.311599999999999909e+03 1.812599999999999909e+03 1.700000000000000000e+01
1.312400000000000091e+03 1.812400000000000091e+03 1.700000000000000000e+01
1.313200000000000045e+03 1.812200000000000045e+03 1.700000000000000000e+01
1.313500000000000000e+03 1.812000000000000000e+03 1.700000000000000000e+01
