1.348400000000000091e+03 1.830400000000000091e+03 1.800000000000000000e+01
1.348599999999999909e+03 1.829799999999999955e+03 1.800000000000000000e+01
1.348799999999999955e+03 1.829200000000000045e+03 1.700000000000000000e+01
1.349200000000000045e+03 1.828799999999999955e+03 1.700000000000000000e+01
1.349400000000000091e+03 1.828200000000000045e+03 1.700000000000000000e+01
1.349799999999999955e+03 1.827799999999999955e+03 1.700000000000000000e+01
1.350200000000000045e+03 1.827200000000000045e+03 1.700000000000000000e+01
1.350599999999999909e+03 1.826599999999999909e+03 1.700000000000000000e+01
1.351000000000000000e+03 1.826000000000000000e+03 1.700000000000000000e+01
1.351400000000000091e+03 1.825400000000000091e+03 1.700000000000000000e+01
1.351799999999999955e+03 1.824599999999999909e+03 1.700000000000000000e+01
1.352200000000000045e+03 1.823799999999999955e+03 1.700000000000000000e+01
1.352799999999999955e+03 1.823200000000000045e+03 1.700000000000000000e+01
1.353200000000000045e+03 1.822400000000000091e+03 1.700000000000000000e+01
1.353799999999999955e+03 1.821799999999999955e+03 1.700000000000000000e+01
1.354000000000000000e+03 1.821500000000000000e+03 1.700000000000000000e+01
