1.381799999999999955e+03 1.762799999999999955e+03 2.200000000000000000e+01
1.381200000000000045e+03 1.763200000000000045e+03 2.200000000000000000e+01
1.380799999999999955e+03 1.763799999999999955e+03 2.200000000000000000e+01
1.380400000000000091e+03 1.764400000000000091e+03 2.200000000000000000e+01
1.380000000000000000e+03 1.765000000000000000e+03 2.200000000000000000e+01
1.379599999999999909e+03 1.765599999999999909e+03 2.200000000000000000e+01
1.379400000000000091e+03 1.766400000000000091e+03 2.200000000000000000e+01
1.379000000000000000e+03 1.767000000000000000e+03 2.200000000000000000e+01
1.378599999999999909e+03 1.767599999999999909e+03 2.200000000000000000e+01
1.378400000000000091e+03 1.768400000000000091e+03 2.200000000000000000e+01
1.378000000000000000e+03 1.769000000000000000e+03 2.200000000000000000e+01
1.377599999999999909e+03 1.769599999999999909e+03 2.100000000000000000e+01
1.377400000000000091e+03 1.770400000000000091e+03 2.100000000000000000e+01
1.377000000000000000e+03 1.771000000000000000e+03 2.100000000000000000e+01
1.376599999999999909e+03 1.771599999999999909e+03 2.100000000000000000e+01
1.376400000000000091e+03 1.772400000000000091e+03 2.000000000000000000e+01
1.376000000000000000e+03 1.773000000000000000e+03 2.000000000000000000e+01
1.375599999999999909e+03 1.773599999999999909e+03 2.000000000000000000e+01
1.375400000000000091e+03 1.774799999999999955e+03 2.000000000000000000e+01
1.375000000000000000e+03 1.775799999999999955e+03 2.000000000000000000e+01
1.374799999999999955e+03 1.776799999999999955e+03 2.000000000000000000e+01
1.374799999999999955e+03 1.778000000000000000e+03 2.000000000000000000e+01
1.374799999999999955e+03 1.779200000000000045e+03 2.000000000000000000e+01
1.375000000000000000e+03 1.779799999999999955e+03 2.000000000000000000e+01
1.375400000000000091e+03 1.780599999999999909e+03 2.000000000000000000e+01
1.375599999999999909e+03 1.781400000000000091e+03 2.000000000000000000e+01
1.375799999999999955e+03 1.782200000000000045e+03 2.000000000000000000e+01
1.376000000000000000e+03 1.783000000000000000e+03 2.000000000000000000e+01
1.376000000000000000e+03 1.784000000000000000e+03 2.000000000000000000e+01
1.375799999999999955e+03 1.784799999999999955e+03 2.000000000000000000e+01
1.375599999999999909e+03 1.785599999999999909e+03 2.000000000000000000e+01
1.375400000000000091e+03 1.786400000000000091e+03 2.000000000000000000e+01
1.375000000000000000e+03 1.787000000000000000e+03 2.000000000000000000e+01
1.374599999999999909e+03 1.787599999999999909e+03 2.000000000000000000e+01
1.374200000000000045e+03 1.788200000000000045e+03 2.000000000000000000e+01
1.373799999999999955e+03 1.788799999999999955e+03 2.000000000000000000e+01
1.373200000000000045e+03 1.789200000000000045e+03 2.000000000000000000e+01
1.372799999999999955e+03 1.789799999999999955e+03 2.000000000000000000e+01
1.372200000000000045e+03 1.790200000000000045e+03 2.000000000000000000e+01
1.371799999999999955e+03 1.790799999999999955e+03 2.000000000000000000e+01
1.371200000000000045e+03 1.791200000000000045e+03 2.000000000000000000e+01
1.370599999999999909e+03 1.791599999999999909e+03 2.000000000000000000e+01
1.370000000000000000e+03 1.792000000000000000e+03 2.000000000000000000e+01
1.369400000000000091e+03 1.792400000000000091e+03 2.000000000000000000e+01
1.368599999999999909e+03 1.792799999999999955e+03 2.000000000000000000e+01
1.367799999999999955e+03 1.793200000000000045e+03 2.000000000000000000e+01
1.367200000000000045e+03 1.793799999999999955e+03 2.000000000000000000e+01
1.366400000000000091e+03 1.794200000000000045e+03 2.000000000000000000e+01
1.365599999999999909e+03 1.794799999999999955e+03 2.000000000000000000e+01
1.365000000000000000e+03 1.795200000000000045e+03 2.000000000000000000e+01
1.364400000000000091e+03 1.795599999999999909e+03 2.100000000000000000e+01
1.363799999999999955e+03 1.796000000000000000e+03 2.100000000000000000e+01
1.363200000000000045e+03 1.796400000000000091e+03 2.100000000000000000e+01
1.362599999999999909e+03 1.796799999999999955e+03 2.100000000000000000e+01
1.361799999999999955e+03 1.797400000000000091e+03 2.100000000000000000e+01
1.361000000000000000e+03 1.798000000000000000e+03 2.100000000000000000e+01
1.360200000000000045e+03 1.798599999999999909e+03 2.100000000000000000e+01
1.359400000000000091e+03 1.799400000000000091e+03 2.100000000000000000e+01
1.358799999999999955e+03 1.800200000000000045e+03 2.100000000000000000e+01
1.358200000000000045e+03 1.800799999999999955e+03 2.100000000000000000e+01
1.357799999999999955e+03 1.801599999999999909e+03 2.100000000000000000e+01
1.357200000000000045e+03 1.802200000000000045e+03 2.100000000000000000e+01
1.356799999999999955e+03 1.802799999999999955e+03 2.100000000000000000e+01
1.356400000000000091e+03 1.803400000000000091e+03 2.100000000000000000e+01
1.356000000000000000e+03 1.804200000000000045e+03 2.100000000000000000e+01
1.355599999999999909e+03 1.805000000000000000e+03 2.100000000000000000e+01
1.355400000000000091e+03 1.806000000000000000e+03 2.100000000000000000e+01
1.355200000000000045e+03 1.807000000000000000e+03 2.100000000000000000e+01
1.355000000000000000e+03 1.808000000000000000e+03 2.100000000000000000e+01
1.355000000000000000e+03 1.809000000000000000e+03 2.100000000000000000e+01
1.355000000000000000e+03 1.810000000000000000e+03 2.100000000000000000e+01
1.355000000000000000e+03 1.811000000000000000e+03 2.100000000000000000e+01
1.355000000000000000e+03 1.812000000000000000e+03 2.100000000000000000e+01
1.355000000000000000e+03 1.813000000000000000e+03 2.100000000000000000e+01
1.355000000000000000e+03 1.814000000000000000e+03 2.100000000000000000e+01
1.355000000000000000e+03 1.815000000000000000e+03 2.100000000000000000e+01
1.355000000000000000e+03 1.816000000000000000e+03 2.100000000000000000e+01
1.355000000000000000e+03 1.817000000000000000e+03 2.100000000000000000e+01
1.354799999999999955e+03 1.817799999999999955e+03 2.100000000000000000e+01
1.354599999999999909e+03 1.818599999999999909e+03 2.100000000000000000e+01
1.354400000000000091e+03 1.819400000000000091e+03 2.100000000000000000e+01
1.354200000000000045e+03 1.820200000000000045e+03 2.100000000000000000e+01
1.353799999999999955e+03 1.820799999999999955e+03 2.100000000000000000e+01
1.353599999999999909e+03 1.821599999999999909e+03 2.100000000000000000e+01
1.353400000000000091e+03 1.822400000000000091e+03 2.100000000000000000e+01
1.353000000000000000e+03 1.823000000000000000e+03 2.100000000000000000e+01
1.352599999999999909e+03 1.823599999999999909e+03 2.100000000000000000e+01
1.352200000000000045e+03 1.824200000000000045e+03 2.100000000000000000e+01
1.351799999999999955e+03 1.824799999999999955e+03 2.100000000000000000e+01
1.351200000000000045e+03 1.825200000000000045e+03 2.100000000000000000e+01
1.350799999999999955e+03 1.825799999999999955e+03 2.100000000000000000e+01
1.350200000000000045e+03 1.826200000000000045e+03 2.100000000000000000e+01
1.349799999999999955e+03 1.827000000000000000e+03 2.100000000000000000e+01
1.349200000000000045e+03 1.827599999999999909e+03 2.100000000000000000e+01
1.348799999999999955e+03 1.828400000000000091e+03 2.100000000000000000e+01
1.348400000000000091e+03 1.829200000000000045e+03 2.100000000000000000e+01
1.348000000000000000e+03 1.830000000000000000e+03 2.100000000000000000e+01
1.347599999999999909e+03 1.830599999999999909e+03 2.100000000000000000e+01
1.347500000000000000e+03 1.831000000000000000e+03 2.100000000000000000e+01
