1.360799999999999955e+03 1.746799999999999955e+03 1.900000000000000000e+01
1.360599999999999909e+03 1.747599999999999909e+03 1.900000000000000000e+01
1.360400000000000091e+03 1.748400000000000091e+03 1.900000000000000000e+01
1.360200000000000045e+03 1.749200000000000045e+03 1.900000000000000000e+01
1.360000000000000000e+03 1.750000000000000000e+03 2.000000000000000000e+01
1.360000000000000000e+03 1.751000000000000000e+03 2.000000000000000000e+01
1.359799999999999955e+03 1.751799999999999955e+03 2.000000000000000000e+01
1.359599999999999909e+03 1.752599999999999909e+03 2.000000000000000000e+01
1.359400000000000091e+03 1.753400000000000091e+03 2.000000000000000000e+01
1.359200000000000045e+03 1.754200000000000045e+03 2.000000000000000000e+01
1.359000000000000000e+03 1.755000000000000000e+03 2.000000000000000000e+01
1.359000000000000000e+03 1.756000000000000000e+03 2.000000000000000000e+01
1.359000000000000000e+03 1.757000000000000000e+03 2.000000000000000000e+01
1.359000000000000000e+03 1.758000000000000000e+03 2.000000000000000000e+01
1.359000000000000000e+03 1.759000000000000000e+03 2.000000000000000000e+01
1.359000000000000000e+03 1.760000000000000000e+03 2.000000000000000000e+01
1.359000000000000000e+03 1.761000000000000000e+03 2.000000000000000000e+01
1.359200000000000045e+03 1.761799999999999955e+03 2.000000000000000000e+01
1.359400000000000091e+03 1.762599999999999909e+03 2.000000000000000000e+01
1.359599999999999909e+03 1.763400000000000091e+03 2.000000000000000000e+01
1.360000000000000000e+03 1.764000000000000000e+03 2.000000000000000000e+01
1.360400000000000091e+03 1.764599999999999909e+03 2.000000000000000000e+01
1.360599999999999909e+03 1.765400000000000091e+03 2.000000000000000000e+01
1.361000000000000000e+03 1.766000000000000000e+03 2.000000000000000000e+01
1.361400000000000091e+03 1.766599999999999909e+03 2.000000000000000000e+01
1.361799999999999955e+03 1.767200000000000045e+03 2.000000000000000000e+01
1.362200000000000045e+03 1.767799999999999955e+03 2.000000000000000000e+01
1.362799999999999955e+03 1.768400000000000091e+03 2.000000000000000000e+01
1.363400000000000091e+03 1.769000000000000000e+03 2.000000000000000000e+01
1.364000000000000000e+03 1.769599999999999909e+03 2.000000000000000000e+01
1.364599999999999909e+03 1.770200000000000045e+03 2.000000000000000000e+01
1.365200000000000045e+03 1.770799999999999955e+03 2.000000000000000000e+01
1.365799999999999955e+03 1.771200000000000045e+03 2.000000000000000000e+01
1.366400000000000091e+03 1.771799999999999955e+03 2.000000000000000000e+01
1.367200000000000045e+03 1.772200000000000045e+03 2.000000000000000000e+01
1.367799999999999955e+03 1.772799999999999955e+03 2.000000000000000000e+01
1.368599999999999909e+03 1.773200000000000045e+03 2.000000000000000000e+01
1.369400000000000091e+03 1.773799999999999955e+03 2.000000000000000000e+01
1.370200000000000045e+03 1.774200000000000045e+03 2.000000000000000000e+01
1.370799999999999955e+03 1.774799999999999955e+03 2.000000000000000000e+01
1.371599999999999909e+03 1.775200000000000045e+03 2.000000000000000000e+01
1.372400000000000091e+03 1.775599999999999909e+03 2.000000000000000000e+01
1.373000000000000000e+03 1.776000000000000000e+03 2.000000000000000000e+01
1.373250000000000000e+03 1.776250000000000000e+03 2.000000000000000000e+01
