1.478200000000000045e+03 1.822000000000000000e+03 2.000000000000000000e+01
1.479000000000000000e+03 1.821599999999999909e+03 2.000000000000000000e+01
1.480000000000000000e+03 1.821400000000000091e+03 2.000000000000000000e+01
1.480799999999999955e+03 1.821000000000000000e+03 2.000000000000000000e+01
1.481599999999999909e+03 1.820599999999999909e+03 2.000000000000000000e+01
1.482400000000000091e+03 1.820400000000000091e+03 2.000000000000000000e+01
1.483000000000000000e+03 1.820000000000000000e+03 2.000000000000000000e+01
1.483599999999999909e+03 1.819599999999999909e+03 2.000000000000000000e+01
1.484400000000000091e+03 1.819400000000000091e+03 2.000000000000000000e+01
1.485200000000000045e+03 1.819000000000000000e+03 2.000000000000000000e+01
1.486000000000000000e+03 1.818599999999999909e+03 2.000000000000000000e+01
1.487000000000000000e+03 1.818400000000000091e+03 2.000000000000000000e+01
1.487799999999999955e+03 1.818000000000000000e+03 2.000000000000000000e+01
1.488599999999999909e+03 1.817599999999999909e+03 2.000000000000000000e+01
1.489400000000000091e+03 1.817400000000000091e+03 2.000000000000000000e+01
1.490000000000000000e+03 1.817000000000000000e+03 2.000000000000000000e+01
1.490599999999999909e+03 1.816599999999999909e+03 2.000000000000000000e+01
1.491000000000000000e+03 1.816500000000000000e+03 2.000000000000000000e+01
