1.490000000000019782e+03 1.742999999999994543e+03 2.200000000000000000e+01
1.490000000000017053e+03 1.743999999999998636e+03 2.200000000000000000e+01
1.490000000000051841e+03 1.744999999999996135e+03 2.200000000000000000e+01
1.489999999999989541e+03 1.746000000000001137e+03 2.200000000000000000e+01
1.489799999999998363e+03 1.747000000000001364e+03 2.200000000000000000e+01
1.489599999999999909e+03 1.748000000000000455e+03 2.200000000000000000e+01
1.489400000000001683e+03 1.749000000000000909e+03 2.200000000000000000e+01
1.489200000000001864e+03 1.749999999999996589e+03 2.200000000000000000e+01
1.488999999999997499e+03 1.751000000000000682e+03 2.200000000000000000e+01
1.488999999999970441e+03 1.752000000000001137e+03 2.200000000000000000e+01
1.488999999999997044e+03 1.752999999999997272e+03 2.200000000000000000e+01
1.488800000000022465e+03 1.753799999999994498e+03 2.200000000000000000e+01
1.488600000000015825e+03 1.754599999999996953e+03 2.200000000000000000e+01
1.488400000000000546e+03 1.755399999999997817e+03 2.200000000000000000e+01
1.488200000000003001e+03 1.756200000000000955e+03 2.200000000000000000e+01
1.487999999999985903e+03 1.757000000000001819e+03 2.200000000000000000e+01
1.488000000000020691e+03 1.757999999999995907e+03 2.200000000000000000e+01
1.487799999999973352e+03 1.758799999999999955e+03 2.200000000000000000e+01
1.487600000000001273e+03 1.759599999999999682e+03 2.200000000000000000e+01
1.487400000000017144e+03 1.760399999999996226e+03 2.200000000000000000e+01
1.487200000000007776e+03 1.761200000000000045e+03 2.200000000000000000e+01
1.486800000000005184e+03 1.761800000000000864e+03 2.200000000000000000e+01
1.486599999999991724e+03 1.762600000000000136e+03 2.200000000000000000e+01
1.486400000000008959e+03 1.763399999999999409e+03 2.200000000000000000e+01
1.486200000000025739e+03 1.764199999999997317e+03 2.200000000000000000e+01
1.485999999999988631e+03 1.765000000000000909e+03 2.200000000000000000e+01
1.485799999999988813e+03 1.765800000000001319e+03 2.200000000000000000e+01
1.485599999999995589e+03 1.766599999999999000e+03 2.200000000000000000e+01
1.485400000000001000e+03 1.767399999999997590e+03 2.200000000000000000e+01
1.485200000000004820e+03 1.768200000000002319e+03 2.200000000000000000e+01
1.484999999999975216e+03 1.769000000000002046e+03 2.200000000000000000e+01
1.484800000000020191e+03 1.769799999999997226e+03 2.200000000000000000e+01
1.484600000000028331e+03 1.770599999999996271e+03 2.200000000000000000e+01
1.484399999999996908e+03 1.771400000000001910e+03 2.200000000000000000e+01
1.484199999999994361e+03 1.772199999999999136e+03 2.200000000000000000e+01
1.483999999999988859e+03 1.773000000000001819e+03 2.200000000000000000e+01
1.483999999999995907e+03 1.774000000000001819e+03 2.200000000000000000e+01
1.483999999999994770e+03 1.774999999999998863e+03 2.200000000000000000e+01
1.484000000000002046e+03 1.775999999999998863e+03 2.200000000000000000e+01
1.484000000000001364e+03 1.776999999999999091e+03 2.200000000000000000e+01
1.484000000000017508e+03 1.777999999999998636e+03 2.200000000000000000e+01
1.484000000000010914e+03 1.778799999999996999e+03 2.200000000000000000e+01
1.483999999999985675e+03 1.779600000000001501e+03 2.100000000000000000e+01
1.483999999999995680e+03 1.780399999999999181e+03 2.100000000000000000e+01
1.484000000000002728e+03 1.781200000000001182e+03 2.100000000000000000e+01
1.484000000000033651e+03 1.781999999999999773e+03 2.100000000000000000e+01
1.484000000000008413e+03 1.782999999999998408e+03 2.100000000000000000e+01
1.483999999999977263e+03 1.784000000000000227e+03 2.100000000000000000e+01
1.483999999999994088e+03 1.785000000000000909e+03 2.100000000000000000e+01
1.484200000000030514e+03 1.785999999999998408e+03 2.100000000000000000e+01
1.484399999999993724e+03 1.786999999999998863e+03 2.100000000000000000e+01
1.484599999999973761e+03 1.788000000000000227e+03 2.100000000000000000e+01
1.484800000000000409e+03 1.788999999999998636e+03 2.100000000000000000e+01
1.484999999999998636e+03 1.789999999999998863e+03 2.100000000000000000e+01
1.485000000000029786e+03 1.790999999999998181e+03 2.100000000000000000e+01
1.485000000000001592e+03 1.791999999999997954e+03 2.100000000000000000e+01
1.485200000000021191e+03 1.792999999999998408e+03 2.100000000000000000e+01
1.485399999999992815e+03 1.794000000000000000e+03 2.100000000000000000e+01
1.485600000000007640e+03 1.794999999999997954e+03 2.000000000000000000e+01
1.485799999999998818e+03 1.796000000000000909e+03 2.000000000000000000e+01
1.486000000000005684e+03 1.796999999999997954e+03 2.000000000000000000e+01
1.486199999999977308e+03 1.797999999999997954e+03 2.000000000000000000e+01
1.486400000000011232e+03 1.799000000000000000e+03 2.000000000000000000e+01
1.486599999999993543e+03 1.799999999999998636e+03 2.000000000000000000e+01
1.486799999999995634e+03 1.800999999999999318e+03 2.000000000000000000e+01
1.487199999999992315e+03 1.801799999999997453e+03 2.000000000000000000e+01
1.487399999999995543e+03 1.802600000000000819e+03 2.000000000000000000e+01
1.487600000000004457e+03 1.803400000000000091e+03 2.000000000000000000e+01
1.487799999999983129e+03 1.804199999999999818e+03 2.000000000000000000e+01
1.488199999999945248e+03 1.804800000000001546e+03 2.000000000000000000e+01
1.488400000000009413e+03 1.805600000000000364e+03 2.000000000000000000e+01
1.488599999999987176e+03 1.806399999999997817e+03 2.000000000000000000e+01
1.488799999999966758e+03 1.807200000000000273e+03 2.000000000000000000e+01
1.489199999999976853e+03 1.807799999999999272e+03 2.000000000000000000e+01
1.489400000000009868e+03 1.808600000000001501e+03 2.000000000000000000e+01
1.489599999999986039e+03 1.809399999999997135e+03 2.000000000000000000e+01
1.490000000000000000e+03 1.810199999999999136e+03 2.000000000000000000e+01
1.490399999999991223e+03 1.811000000000000682e+03 2.000000000000000000e+01
1.490599999999966030e+03 1.812000000000003638e+03 2.000000000000000000e+01
1.490999999999982720e+03 1.812799999999985630e+03 2.000000000000000000e+01
1.491399999999977126e+03 1.813599999999978309e+03 2.000000000000000000e+01
1.491499999999958618e+03 1.813999999999981355e+03 2.000000000000000000e+01
