1.249000000000000000e+03 1.827000000000000000e+03 1.000000000000000000e+01
1.250000000000000000e+03 1.827000000000000000e+03 1.000000000000000000e+01
1.251000000000000000e+03 1.827000000000000000e+03 1.000000000000000000e+01
1.252000000000000000e+03 1.827000000000000000e+03 1.000000000000000000e+01
1.253000000000000000e+03 1.827000000000000000e+03 1.000000000000000000e+01
1.254000000000000000e+03 1.827000000000000000e+03 1.000000000000000000e+01
1.255000000000000000e+03 1.827000000000000000e+03 1.000000000000000000e+01
1.256000000000000000e+03 1.827000000000000000e+03 1.000000000000000000e+01
1.257000000000000000e+03 1.827000000000000000e+03 1.000000000000000000e+01
1.258000000000000000e+03 1.827000000000000000e+03 1.000000000000000000e+01
1.258799999999999955e+03 1.826799999999999955e+03 1.000000000000000000e+01
1.259599999999999909e+03 1.826599999999999909e+03 1.000000000000000000e+01
1.260400000000000091e+03 1.826400000000000091e+03 1.000000000000000000e+01
1.261200000000000045e+03 1.826200000000000045e+03 1.000000000000000000e+01
1.261799999999999955e+03 1.826200000000000045e+03 1.000000000000000000e+01
1.262599999999999909e+03 1.826400000000000091e+03 1.000000000000000000e+01
1.263400000000000091e+03 1.826599999999999909e+03 1.000000000000000000e+01
1.264200000000000045e+03 1.826799999999999955e+03 1.000000000000000000e+01
1.265000000000000000e+03 1.827000000000000000e+03 1.000000000000000000e+01
1.266000000000000000e+03 1.827000000000000000e+03 1.000000000000000000e+01
1.267000000000000000e+03 1.827000000000000000e+03 1.100000000000000000e+01
1.268000000000000000e+03 1.827000000000000000e+03 1.100000000000000000e+01
1.269000000000000000e+03 1.827000000000000000e+03 1.100000000000000000e+01
1.269799999999999955e+03 1.826799999999999955e+03 1.100000000000000000e+01
1.270599999999999909e+03 1.826599999999999909e+03 1.100000000000000000e+01
1.271200000000000045e+03 1.826400000000000091e+03 1.100000000000000000e+01
1.271799999999999955e+03 1.826200000000000045e+03 1.200000000000000000e+01
1.272200000000000045e+03 1.825799999999999955e+03 1.200000000000000000e+01
1.272799999999999955e+03 1.825599999999999909e+03 1.200000000000000000e+01
1.273200000000000045e+03 1.825200000000000045e+03 1.200000000000000000e+01
1.273799999999999955e+03 1.824799999999999955e+03 1.300000000000000000e+01
1.274200000000000045e+03 1.824200000000000045e+03 1.300000000000000000e+01
1.274599999999999909e+03 1.823799999999999955e+03 1.300000000000000000e+01
1.275000000000000000e+03 1.823400000000000091e+03 1.400000000000000000e+01
1.275400000000000091e+03 1.823000000000000000e+03 1.400000000000000000e+01
1.275599999999999909e+03 1.822599999999999909e+03 1.400000000000000000e+01
1.276000000000000000e+03 1.822400000000000091e+03 1.500000000000000000e+01
1.276400000000000091e+03 1.822000000000000000e+03 1.500000000000000000e+01
1.276799999999999955e+03 1.821599999999999909e+03 1.500000000000000000e+01
1.277000000000000000e+03 1.821500000000000000e+03 1.600000000000000000e+01
