1.431599999999999909e+03 1.811200000000000045e+03 1.900000000000000000e+01
1.432400000000000091e+03 1.811799999999999955e+03 1.900000000000000000e+01
1.433200000000000045e+03 1.812400000000000091e+03 1.900000000000000000e+01
1.434000000000000000e+03 1.813000000000000000e+03 1.900000000000000000e+01
1.435000000000000000e+03 1.813400000000000091e+03 1.900000000000000000e+01
1.436000000000000000e+03 1.813799999999999955e+03 1.900000000000000000e+01
1.437000000000000000e+03 1.814000000000000000e+03 1.900000000000000000e+01
1.438000000000000000e+03 1.814000000000000000e+03 1.900000000000000000e+01
1.439000000000000000e+03 1.814000000000000000e+03 1.900000000000000000e+01
1.440000000000000000e+03 1.814000000000000000e+03 1.900000000000000000e+01
1.440799999999999955e+03 1.814200000000000045e+03 1.900000000000000000e+01
1.441599999999999909e+03 1.814400000000000091e+03 1.900000000000000000e+01
1.442400000000000091e+03 1.814599999999999909e+03 1.900000000000000000e+01
1.443000000000000000e+03 1.815000000000000000e+03 1.900000000000000000e+01
1.443599999999999909e+03 1.815400000000000091e+03 1.900000000000000000e+01
1.444400000000000091e+03 1.815599999999999909e+03 1.900000000000000000e+01
1.445000000000000000e+03 1.816000000000000000e+03 1.900000000000000000e+01
1.445599999999999909e+03 1.816400000000000091e+03 1.900000000000000000e+01
1.446400000000000091e+03 1.816799999999999955e+03 1.900000000000000000e+01
1.447200000000000045e+03 1.817200000000000045e+03 1.900000000000000000e+01
1.448000000000000000e+03 1.817599999999999909e+03 1.900000000000000000e+01
1.448799999999999955e+03 1.818000000000000000e+03 1.900000000000000000e+01
1.449599999999999909e+03 1.818400000000000091e+03 1.900000000000000000e+01
1.450400000000000091e+03 1.818599999999999909e+03 1.900000000000000000e+01
1.451200000000000045e+03 1.818799999999999955e+03 1.900000000000000000e+01
1.452000000000000000e+03 1.819000000000000000e+03 1.900000000000000000e+01
1.452799999999999955e+03 1.819200000000000045e+03 1.900000000000000000e+01
1.453599999999999909e+03 1.819400000000000091e+03 1.900000000000000000e+01
1.454400000000000091e+03 1.819599999999999909e+03 1.900000000000000000e+01
1.455200000000000045e+03 1.819799999999999955e+03 1.900000000000000000e+01
1.456000000000000000e+03 1.820000000000000000e+03 1.900000000000000000e+01
1.457000000000000000e+03 1.820000000000000000e+03 1.900000000000000000e+01
1.458000000000000000e+03 1.820000000000000000e+03 1.900000000000000000e+01
1.459000000000000000e+03 1.820000000000000000e+03 1.900000000000000000e+01
1.460000000000000000e+03 1.820000000000000000e+03 1.900000000000000000e+01
1.461000000000000000e+03 1.820000000000000000e+03 1.900000000000000000e+01
1.462000000000000000e+03 1.820000000000000000e+03 1.900000000000000000e+01
1.463000000000000000e+03 1.820000000000000000e+03 1.900000000000000000e+01
1.464000000000000000e+03 1.820000000000000000e+03 1.900000000000000000e+01
1.464799999999999955e+03 1.820200000000000045e+03 1.900000000000000000e+01
1.465599999999999909e+03 1.820400000000000091e+03 1.900000000000000000e+01
1.466400000000000091e+03 1.820599999999999909e+03 1.900000000000000000e+01
1.467200000000000045e+03 1.820799999999999955e+03 1.900000000000000000e+01
1.468000000000000000e+03 1.821000000000000000e+03 1.900000000000000000e+01
1.469000000000000000e+03 1.821000000000000000e+03 1.900000000000000000e+01
1.470000000000000000e+03 1.821000000000000000e+03 1.900000000000000000e+01
1.470799999999999955e+03 1.821200000000000045e+03 1.900000000000000000e+01
1.471599999999999909e+03 1.821400000000000091e+03 1.900000000000000000e+01
1.472400000000000091e+03 1.821599999999999909e+03 1.900000000000000000e+01
1.473200000000000045e+03 1.821799999999999955e+03 1.900000000000000000e+01
1.474000000000000000e+03 1.822000000000000000e+03 1.900000000000000000e+01
1.475000000000000000e+03 1.822000000000000000e+03 1.900000000000000000e+01
1.475500000000000000e+03 1.822000000000000000e+03 1.900000000000000000e+01
