1.431000000000017735e+03 1.810200000000000273e+03 1.900000000000000000e+01
1.431999999999990678e+03 1.810399999999998954e+03 1.900000000000000000e+01
1.433000000000010459e+03 1.810599999999998772e+03 1.900000000000000000e+01
1.433999999999994088e+03 1.810800000000002683e+03 1.900000000000000000e+01
1.434799999999995407e+03 1.811200000000000955e+03 1.900000000000000000e+01
1.435599999999991269e+03 1.811399999999999181e+03 1.900000000000000000e+01
1.436399999999989177e+03 1.811600000000001728e+03 1.900000000000000000e+01
1.437199999999999136e+03 1.811799999999997226e+03 1.900000000000000000e+01
1.437799999999977672e+03 1.812199999999966622e+03 1.900000000000000000e+01
1.438600000000047658e+03 1.812399999999990769e+03 1.900000000000000000e+01
1.439399999999998727e+03 1.812599999999982856e+03 1.900000000000000000e+01
1.439999999999992951e+03 1.813000000000002956e+03 1.900000000000000000e+01
1.440600000000034925e+03 1.813400000000015098e+03 1.900000000000000000e+01
1.441400000000007822e+03 1.813599999999995816e+03 1.900000000000000000e+01
1.442000000000016598e+03 1.814000000000010459e+03 1.900000000000000000e+01
1.442599999999993088e+03 1.814400000000000773e+03 1.900000000000000000e+01
1.443399999999991451e+03 1.814600000000002410e+03 1.900000000000000000e+01
1.443999999999990678e+03 1.814999999999997272e+03 1.900000000000000000e+01
1.444600000000025375e+03 1.815400000000000091e+03 1.900000000000000000e+01
1.445200000000002092e+03 1.815799999999999500e+03 1.900000000000000000e+01
1.445800000000012915e+03 1.816200000000001864e+03 1.900000000000000000e+01
1.446399999999992360e+03 1.816800000000001091e+03 1.900000000000000000e+01
1.447200000000003911e+03 1.817199999999999136e+03 1.900000000000000000e+01
1.447999999999990450e+03 1.817600000000000136e+03 1.900000000000000000e+01
1.448800000000021100e+03 1.817999999999999545e+03 1.900000000000000000e+01
1.449600000000000819e+03 1.818400000000000773e+03 1.900000000000000000e+01
1.450399999999985766e+03 1.818599999999998772e+03 1.900000000000000000e+01
1.451200000000032333e+03 1.818799999999998818e+03 1.900000000000000000e+01
1.451999999999974307e+03 1.818999999999998408e+03 1.900000000000000000e+01
1.452800000000019281e+03 1.819199999999999818e+03 1.900000000000000000e+01
1.453600000000022646e+03 1.819399999999999181e+03 1.900000000000000000e+01
1.454399999999998727e+03 1.819599999999996271e+03 1.900000000000000000e+01
1.455200000000034379e+03 1.819800000000000182e+03 1.900000000000000000e+01
1.456000000000021373e+03 1.820000000000000000e+03 1.900000000000000000e+01
1.456999999999996817e+03 1.820000000000000227e+03 1.900000000000000000e+01
1.457999999999992269e+03 1.820000000000001137e+03 1.900000000000000000e+01
1.458999999999991360e+03 1.819999999999998408e+03 1.900000000000000000e+01
1.460000000000010914e+03 1.820000000000000227e+03 1.900000000000000000e+01
1.461000000000010459e+03 1.819999999999998636e+03 1.900000000000000000e+01
1.462000000000006139e+03 1.819999999999998408e+03 1.900000000000000000e+01
1.463000000000003183e+03 1.819999999999998408e+03 1.900000000000000000e+01
1.464000000000019099e+03 1.820000000000000227e+03 1.900000000000000000e+01
1.465000000000015007e+03 1.820000000000001819e+03 1.900000000000000000e+01
1.466000000000010914e+03 1.819999999999998636e+03 1.900000000000000000e+01
1.466999999999990223e+03 1.820200000000001182e+03 1.900000000000000000e+01
1.467999999999994770e+03 1.820400000000000773e+03 1.900000000000000000e+01
1.469000000000020009e+03 1.820600000000002183e+03 1.900000000000000000e+01
1.469999999999992269e+03 1.820799999999998818e+03 1.900000000000000000e+01
1.471000000000000000e+03 1.821000000000002046e+03 1.900000000000000000e+01
1.472000000000027285e+03 1.821000000000000682e+03 1.900000000000000000e+01
1.472999999999986358e+03 1.821000000000001819e+03 1.900000000000000000e+01
1.474000000000002501e+03 1.821000000000000455e+03 1.900000000000000000e+01
1.475000000000003638e+03 1.821000000000000000e+03 1.900000000000000000e+01
1.475999999999969305e+03 1.820999999999996362e+03 1.900000000000000000e+01
1.477000000000002274e+03 1.820999999999998408e+03 1.900000000000000000e+01
1.478000000000006366e+03 1.820999999999998408e+03 1.900000000000000000e+01
1.479000000000009550e+03 1.821000000000000000e+03 1.900000000000000000e+01
1.480000000000002274e+03 1.821000000000000455e+03 1.900000000000000000e+01
1.480799999999990405e+03 1.820799999999998818e+03 2.000000000000000000e+01
1.481600000000007640e+03 1.820600000000000364e+03 2.000000000000000000e+01
1.482400000000031923e+03 1.820400000000001000e+03 2.000000000000000000e+01
1.483000000000002274e+03 1.819999999999998408e+03 2.000000000000000000e+01
1.483600000000007640e+03 1.819600000000000591e+03 2.000000000000000000e+01
1.484400000000009186e+03 1.819399999999999181e+03 2.000000000000000000e+01
1.485199999999994361e+03 1.819000000000000000e+03 2.000000000000000000e+01
1.485999999999977263e+03 1.818599999999997408e+03 2.000000000000000000e+01
1.487000000000009322e+03 1.818400000000001000e+03 2.000000000000000000e+01
1.487800000000008595e+03 1.818000000000000909e+03 2.000000000000000000e+01
1.488599999999991724e+03 1.817599999999998545e+03 2.000000000000000000e+01
1.489400000000009868e+03 1.817400000000000546e+03 2.000000000000000000e+01
1.490000000000002501e+03 1.816999999999997954e+03 2.000000000000000000e+01
1.490599999999971715e+03 1.816599999999998090e+03 2.000000000000000000e+01
1.490999999999985448e+03 1.816500000000000682e+03 2.000000000000000000e+01
