1.317599999999999909e+03 1.829599999999999909e+03 1.600000000000000000e+01
1.318400000000000091e+03 1.829400000000000091e+03 1.600000000000000000e+01
1.319200000000000045e+03 1.829200000000000045e+03 1.600000000000000000e+01
1.320000000000000000e+03 1.829000000000000000e+03 1.600000000000000000e+01
1.321000000000000000e+03 1.829000000000000000e+03 1.600000000000000000e+01
1.322000000000000000e+03 1.829000000000000000e+03 1.600000000000000000e+01
1.322799999999999955e+03 1.829000000000000000e+03 1.600000000000000000e+01
1.323599999999999909e+03 1.829000000000000000e+03 1.700000000000000000e+01
1.324400000000000091e+03 1.829000000000000000e+03 1.700000000000000000e+01
1.325200000000000045e+03 1.829000000000000000e+03 1.700000000000000000e+01
1.326000000000000000e+03 1.829000000000000000e+03 1.700000000000000000e+01
1.327000000000000000e+03 1.829000000000000000e+03 1.700000000000000000e+01
1.328000000000000000e+03 1.829200000000000045e+03 1.800000000000000000e+01
1.329000000000000000e+03 1.829400000000000091e+03 1.800000000000000000e+01
1.330000000000000000e+03 1.829599999999999909e+03 1.800000000000000000e+01
1.331000000000000000e+03 1.829799999999999955e+03 1.800000000000000000e+01
1.331799999999999955e+03 1.830200000000000045e+03 1.800000000000000000e+01
1.332599999999999909e+03 1.830400000000000091e+03 1.900000000000000000e+01
1.333400000000000091e+03 1.830599999999999909e+03 1.900000000000000000e+01
1.334200000000000045e+03 1.830799999999999955e+03 1.900000000000000000e+01
1.334799999999999955e+03 1.831200000000000045e+03 1.900000000000000000e+01
1.335599999999999909e+03 1.831400000000000091e+03 1.900000000000000000e+01
1.336400000000000091e+03 1.831599999999999909e+03 1.900000000000000000e+01
1.337000000000000000e+03 1.831799999999999955e+03 1.900000000000000000e+01
1.337599999999999909e+03 1.832000000000000000e+03 2.000000000000000000e+01
1.338400000000000091e+03 1.832000000000000000e+03 2.000000000000000000e+01
1.339000000000000000e+03 1.832200000000000045e+03 2.000000000000000000e+01
1.339599999999999909e+03 1.832400000000000091e+03 2.000000000000000000e+01
1.340400000000000091e+03 1.832599999999999909e+03 2.000000000000000000e+01
1.341200000000000045e+03 1.832799999999999955e+03 2.000000000000000000e+01
1.342000000000000000e+03 1.833000000000000000e+03 2.000000000000000000e+01
1.343000000000000000e+03 1.833000000000000000e+03 2.000000000000000000e+01
1.344000000000000000e+03 1.833200000000000045e+03 2.000000000000000000e+01
1.344500000000000000e+03 1.833250000000000000e+03 2.100000000000000000e+01
