1.490000000000000000e+03 1.743000000000000000e+03 2.200000000000000000e+01
1.490000000000000000e+03 1.744000000000000000e+03 2.200000000000000000e+01
1.490000000000000000e+03 1.745000000000000000e+03 2.200000000000000000e+01
1.490000000000000000e+03 1.746000000000000000e+03 2.200000000000000000e+01
1.489799999999999955e+03 1.747000000000000000e+03 2.200000000000000000e+01
1.489599999999999909e+03 1.748000000000000000e+03 2.200000000000000000e+01
1.489400000000000091e+03 1.749000000000000000e+03 2.200000000000000000e+01
1.489200000000000045e+03 1.750000000000000000e+03 2.200000000000000000e+01
1.489000000000000000e+03 1.751000000000000000e+03 2.200000000000000000e+01
1.489000000000000000e+03 1.752000000000000000e+03 2.200000000000000000e+01
1.489000000000000000e+03 1.753000000000000000e+03 2.200000000000000000e+01
1.488799999999999955e+03 1.753799999999999955e+03 2.200000000000000000e+01
1.488599999999999909e+03 1.754599999999999909e+03 2.200000000000000000e+01
1.488400000000000091e+03 1.755400000000000091e+03 2.200000000000000000e+01
1.488200000000000045e+03 1.756200000000000045e+03 2.200000000000000000e+01
1.488000000000000000e+03 1.757000000000000000e+03 2.200000000000000000e+01
1.488000000000000000e+03 1.758000000000000000e+03 2.200000000000000000e+01
1.487799999999999955e+03 1.758799999999999955e+03 2.200000000000000000e+01
1.487599999999999909e+03 1.759599999999999909e+03 2.200000000000000000e+01
1.487400000000000091e+03 1.760400000000000091e+03 2.200000000000000000e+01
1.487200000000000045e+03 1.761200000000000045e+03 2.200000000000000000e+01
1.486799999999999955e+03 1.761799999999999955e+03 2.200000000000000000e+01
1.486599999999999909e+03 1.762599999999999909e+03 2.200000000000000000e+01
1.486400000000000091e+03 1.763400000000000091e+03 2.200000000000000000e+01
1.486200000000000045e+03 1.764200000000000045e+03 2.200000000000000000e+01
1.486000000000000000e+03 1.765000000000000000e+03 2.200000000000000000e+01
1.485799999999999955e+03 1.765799999999999955e+03 2.200000000000000000e+01
1.485599999999999909e+03 1.766599999999999909e+03 2.200000000000000000e+01
1.485400000000000091e+03 1.767400000000000091e+03 2.200000000000000000e+01
1.485200000000000045e+03 1.768200000000000045e+03 2.200000000000000000e+01
1.485000000000000000e+03 1.769000000000000000e+03 2.200000000000000000e+01
1.484799999999999955e+03 1.769799999999999955e+03 2.200000000000000000e+01
1.484599999999999909e+03 1.770599999999999909e+03 2.200000000000000000e+01
1.484400000000000091e+03 1.771400000000000091e+03 2.200000000000000000e+01
1.484200000000000045e+03 1.772200000000000045e+03 2.200000000000000000e+01
1.484000000000000000e+03 1.773000000000000000e+03 2.200000000000000000e+01
1.484000000000000000e+03 1.774000000000000000e+03 2.200000000000000000e+01
1.484000000000000000e+03 1.775000000000000000e+03 2.200000000000000000e+01
1.484000000000000000e+03 1.776000000000000000e+03 2.200000000000000000e+01
1.484000000000000000e+03 1.777000000000000000e+03 2.200000000000000000e+01
1.484000000000000000e+03 1.778000000000000000e+03 2.200000000000000000e+01
1.484000000000000000e+03 1.778799999999999955e+03 2.200000000000000000e+01
1.484000000000000000e+03 1.779599999999999909e+03 2.100000000000000000e+01
1.484000000000000000e+03 1.780400000000000091e+03 2.100000000000000000e+01
1.484000000000000000e+03 1.781200000000000045e+03 2.100000000000000000e+01
1.484000000000000000e+03 1.782000000000000000e+03 2.100000000000000000e+01
1.484000000000000000e+03 1.783000000000000000e+03 2.100000000000000000e+01
1.484000000000000000e+03 1.784000000000000000e+03 2.100000000000000000e+01
1.484000000000000000e+03 1.785000000000000000e+03 2.100000000000000000e+01
1.484200000000000045e+03 1.786000000000000000e+03 2.100000000000000000e+01
1.484400000000000091e+03 1.787000000000000000e+03 2.100000000000000000e+01
1.484599999999999909e+03 1.788000000000000000e+03 2.100000000000000000e+01
1.484799999999999955e+03 1.789000000000000000e+03 2.100000000000000000e+01
1.485000000000000000e+03 1.790000000000000000e+03 2.100000000000000000e+01
1.485000000000000000e+03 1.791000000000000000e+03 2.100000000000000000e+01
1.485000000000000000e+03 1.792000000000000000e+03 2.100000000000000000e+01
1.485200000000000045e+03 1.793000000000000000e+03 2.100000000000000000e+01
1.485400000000000091e+03 1.794000000000000000e+03 2.100000000000000000e+01
1.485599999999999909e+03 1.795000000000000000e+03 2.000000000000000000e+01
1.485799999999999955e+03 1.796000000000000000e+03 2.000000000000000000e+01
1.486000000000000000e+03 1.797000000000000000e+03 2.000000000000000000e+01
1.486200000000000045e+03 1.798000000000000000e+03 2.000000000000000000e+01
1.486400000000000091e+03 1.799000000000000000e+03 2.000000000000000000e+01
1.486599999999999909e+03 1.800000000000000000e+03 2.000000000000000000e+01
1.486799999999999955e+03 1.801000000000000000e+03 2.000000000000000000e+01
1.487200000000000045e+03 1.801799999999999955e+03 2.000000000000000000e+01
1.487400000000000091e+03 1.802599999999999909e+03 2.000000000000000000e+01
1.487599999999999909e+03 1.803400000000000091e+03 2.000000000000000000e+01
1.487799999999999955e+03 1.804200000000000045e+03 2.000000000000000000e+01
1.488200000000000045e+03 1.804799999999999955e+03 2.000000000000000000e+01
1.488400000000000091e+03 1.805599999999999909e+03 2.000000000000000000e+01
1.488599999999999909e+03 1.806400000000000091e+03 2.000000000000000000e+01
1.488799999999999955e+03 1.807200000000000045e+03 2.000000000000000000e+01
1.489200000000000045e+03 1.807799999999999955e+03 2.000000000000000000e+01
1.489400000000000091e+03 1.808599999999999909e+03 2.000000000000000000e+01
1.489599999999999909e+03 1.809400000000000091e+03 2.000000000000000000e+01
1.490000000000000000e+03 1.810200000000000045e+03 2.000000000000000000e+01
1.490400000000000091e+03 1.811000000000000000e+03 2.000000000000000000e+01
1.490599999999999909e+03 1.812000000000000000e+03 2.000000000000000000e+01
1.491000000000000000e+03 1.812799999999999955e+03 2.000000000000000000e+01
1.491400000000000091e+03 1.813599999999999909e+03 2.000000000000000000e+01
1.491500000000000000e+03 1.814000000000000000e+03 2.000000000000000000e+01
