1.316000000000000000e+03 1.813200000000000045e+03 1.700000000000000000e+01
1.316000000000000000e+03 1.814000000000000000e+03 1.700000000000000000e+01
1.316000000000000000e+03 1.815000000000000000e+03 1.700000000000000000e+01
1.316000000000000000e+03 1.816000000000000000e+03 1.700000000000000000e+01
1.316000000000000000e+03 1.817000000000000000e+03 1.700000000000000000e+01
1.316000000000000000e+03 1.818000000000000000e+03 1.700000000000000000e+01
1.316000000000000000e+03 1.819000000000000000e+03 1.700000000000000000e+01
1.315799999999999955e+03 1.819799999999999955e+03 1.700000000000000000e+01
1.315599999999999909e+03 1.820599999999999909e+03 1.700000000000000000e+01
1.315400000000000091e+03 1.821400000000000091e+03 1.600000000000000000e+01
1.315200000000000045e+03 1.822200000000000045e+03 1.600000000000000000e+01
1.315000000000000000e+03 1.823000000000000000e+03 1.600000000000000000e+01
1.315000000000000000e+03 1.824000000000000000e+03 1.600000000000000000e+01
1.315000000000000000e+03 1.825000000000000000e+03 1.600000000000000000e+01
1.315000000000000000e+03 1.826000000000000000e+03 1.600000000000000000e+01
1.315000000000000000e+03 1.827000000000000000e+03 1.600000000000000000e+01
1.315000000000000000e+03 1.828000000000000000e+03 1.600000000000000000e+01
1.315000000000000000e+03 1.829000000000000000e+03 1.600000000000000000e+01
1.315000000000000000e+03 1.830000000000000000e+03 1.600000000000000000e+01
1.315000000000000000e+03 1.831000000000000000e+03 1.600000000000000000e+01
1.315200000000000045e+03 1.832000000000000000e+03 1.600000000000000000e+01
1.315250000000000000e+03 1.832500000000000000e+03 1.600000000000000000e+01
