1.427200000000000045e+03 1.811799999999999955e+03 1.900000000000000000e+01
1.426799999999999955e+03 1.812599999999999909e+03 1.900000000000000000e+01
1.426200000000000045e+03 1.813200000000000045e+03 1.900000000000000000e+01
1.425799999999999955e+03 1.813799999999999955e+03 1.900000000000000000e+01
1.425400000000000091e+03 1.814400000000000091e+03 1.900000000000000000e+01
1.425000000000000000e+03 1.815000000000000000e+03 1.900000000000000000e+01
1.424599999999999909e+03 1.815599999999999909e+03 1.900000000000000000e+01
1.424200000000000045e+03 1.816200000000000045e+03 1.900000000000000000e+01
1.423799999999999955e+03 1.816799999999999955e+03 1.900000000000000000e+01
1.423400000000000091e+03 1.817400000000000091e+03 1.900000000000000000e+01
1.423000000000000000e+03 1.818000000000000000e+03 1.900000000000000000e+01
1.422599999999999909e+03 1.818599999999999909e+03 1.900000000000000000e+01
1.422400000000000091e+03 1.819400000000000091e+03 1.900000000000000000e+01
1.422000000000000000e+03 1.820000000000000000e+03 1.900000000000000000e+01
1.421599999999999909e+03 1.820599999999999909e+03 1.900000000000000000e+01
1.421400000000000091e+03 1.821400000000000091e+03 1.900000000000000000e+01
1.421000000000000000e+03 1.822000000000000000e+03 1.900000000000000000e+01
1.420599999999999909e+03 1.822599999999999909e+03 1.900000000000000000e+01
1.420400000000000091e+03 1.823400000000000091e+03 1.900000000000000000e+01
1.420000000000000000e+03 1.824000000000000000e+03 1.900000000000000000e+01
1.419599999999999909e+03 1.824599999999999909e+03 1.900000000000000000e+01
1.419200000000000045e+03 1.825200000000000045e+03 1.900000000000000000e+01
1.418799999999999955e+03 1.825799999999999955e+03 1.900000000000000000e+01
1.418200000000000045e+03 1.826200000000000045e+03 1.900000000000000000e+01
1.417799999999999955e+03 1.826799999999999955e+03 1.900000000000000000e+01
1.417200000000000045e+03 1.827200000000000045e+03 1.900000000000000000e+01
1.416599999999999909e+03 1.827599999999999909e+03 1.900000000000000000e+01
1.415799999999999955e+03 1.827799999999999955e+03 1.900000000000000000e+01
1.415000000000000000e+03 1.828000000000000000e+03 1.900000000000000000e+01
1.414200000000000045e+03 1.827799999999999955e+03 1.900000000000000000e+01
1.413400000000000091e+03 1.827599999999999909e+03 1.900000000000000000e+01
1.412799999999999955e+03 1.827200000000000045e+03 1.900000000000000000e+01
1.412200000000000045e+03 1.826799999999999955e+03 1.900000000000000000e+01
1.411799999999999955e+03 1.826200000000000045e+03 1.900000000000000000e+01
1.411200000000000045e+03 1.825799999999999955e+03 1.900000000000000000e+01
1.410799999999999955e+03 1.825200000000000045e+03 1.900000000000000000e+01
1.410200000000000045e+03 1.824799999999999955e+03 1.900000000000000000e+01
1.409799999999999955e+03 1.824200000000000045e+03 1.900000000000000000e+01
1.409200000000000045e+03 1.823599999999999909e+03 1.900000000000000000e+01
1.408799999999999955e+03 1.822799999999999955e+03 1.900000000000000000e+01
1.408200000000000045e+03 1.822200000000000045e+03 1.900000000000000000e+01
1.407799999999999955e+03 1.821400000000000091e+03 1.900000000000000000e+01
1.407400000000000091e+03 1.820599999999999909e+03 1.900000000000000000e+01
1.407000000000000000e+03 1.820000000000000000e+03 1.900000000000000000e+01
1.406599999999999909e+03 1.819400000000000091e+03 1.900000000000000000e+01
1.406400000000000091e+03 1.818799999999999955e+03 1.900000000000000000e+01
1.406000000000000000e+03 1.818400000000000091e+03 2.000000000000000000e+01
1.405400000000000091e+03 1.818400000000000091e+03 1.900000000000000000e+01
1.404799999999999955e+03 1.818400000000000091e+03 1.900000000000000000e+01
1.404000000000000000e+03 1.818599999999999909e+03 1.900000000000000000e+01
1.403200000000000045e+03 1.819000000000000000e+03 1.900000000000000000e+01
1.402400000000000091e+03 1.819400000000000091e+03 1.900000000000000000e+01
1.401599999999999909e+03 1.819599999999999909e+03 1.900000000000000000e+01
1.401000000000000000e+03 1.820000000000000000e+03 1.900000000000000000e+01
1.400400000000000091e+03 1.820400000000000091e+03 1.900000000000000000e+01
1.399599999999999909e+03 1.820599999999999909e+03 1.900000000000000000e+01
1.399000000000000000e+03 1.821000000000000000e+03 1.900000000000000000e+01
1.398400000000000091e+03 1.821400000000000091e+03 1.900000000000000000e+01
1.397599999999999909e+03 1.821599999999999909e+03 1.900000000000000000e+01
1.397000000000000000e+03 1.822000000000000000e+03 1.900000000000000000e+01
1.396400000000000091e+03 1.822400000000000091e+03 1.900000000000000000e+01
1.395599999999999909e+03 1.822599999999999909e+03 1.900000000000000000e+01
1.394799999999999955e+03 1.822799999999999955e+03 1.900000000000000000e+01
1.394200000000000045e+03 1.823200000000000045e+03 1.900000000000000000e+01
1.393400000000000091e+03 1.823400000000000091e+03 1.900000000000000000e+01
1.392599999999999909e+03 1.823599999999999909e+03 1.900000000000000000e+01
1.391799999999999955e+03 1.823799999999999955e+03 1.900000000000000000e+01
1.391200000000000045e+03 1.823799999999999955e+03 1.900000000000000000e+01
1.390400000000000091e+03 1.823599999999999909e+03 1.900000000000000000e+01
1.389599999999999909e+03 1.823200000000000045e+03 1.900000000000000000e+01
1.388799999999999955e+03 1.822799999999999955e+03 1.900000000000000000e+01
1.388200000000000045e+03 1.822200000000000045e+03 1.900000000000000000e+01
1.387400000000000091e+03 1.821599999999999909e+03 1.900000000000000000e+01
1.386799999999999955e+03 1.820799999999999955e+03 1.900000000000000000e+01
1.386200000000000045e+03 1.820200000000000045e+03 1.900000000000000000e+01
1.385799999999999955e+03 1.819400000000000091e+03 1.900000000000000000e+01
1.385200000000000045e+03 1.818799999999999955e+03 1.900000000000000000e+01
1.384799999999999955e+03 1.818200000000000045e+03 1.900000000000000000e+01
1.384200000000000045e+03 1.817799999999999955e+03 1.900000000000000000e+01
1.383799999999999955e+03 1.817200000000000045e+03 1.900000000000000000e+01
1.383200000000000045e+03 1.816799999999999955e+03 1.900000000000000000e+01
1.382799999999999955e+03 1.816200000000000045e+03 1.900000000000000000e+01
1.382200000000000045e+03 1.815799999999999955e+03 1.900000000000000000e+01
1.381599999999999909e+03 1.815200000000000045e+03 2.000000000000000000e+01
1.380799999999999955e+03 1.814799999999999955e+03 2.000000000000000000e+01
1.380000000000000000e+03 1.814400000000000091e+03 2.000000000000000000e+01
1.379000000000000000e+03 1.814200000000000045e+03 2.000000000000000000e+01
1.378000000000000000e+03 1.814000000000000000e+03 2.000000000000000000e+01
1.377000000000000000e+03 1.814000000000000000e+03 2.000000000000000000e+01
1.376000000000000000e+03 1.814000000000000000e+03 2.000000000000000000e+01
1.375000000000000000e+03 1.814200000000000045e+03 2.000000000000000000e+01
1.374000000000000000e+03 1.814400000000000091e+03 2.000000000000000000e+01
1.373000000000000000e+03 1.814799999999999955e+03 2.000000000000000000e+01
1.372500000000000000e+03 1.815000000000000000e+03 2.000000000000000000e+01
