1.340200000000000045e+03 1.777599999999999909e+03 1.100000000000000000e+01
1.340799999999999955e+03 1.778200000000000045e+03 1.100000000000000000e+01
1.341200000000000045e+03 1.778799999999999955e+03 1.100000000000000000e+01
1.341799999999999955e+03 1.779200000000000045e+03 1.100000000000000000e+01
1.342200000000000045e+03 1.779799999999999955e+03 1.100000000000000000e+01
1.342799999999999955e+03 1.780200000000000045e+03 1.100000000000000000e+01
1.343200000000000045e+03 1.780799999999999955e+03 1.100000000000000000e+01
1.343799999999999955e+03 1.781200000000000045e+03 1.100000000000000000e+01
1.344200000000000045e+03 1.781799999999999955e+03 1.100000000000000000e+01
1.344799999999999955e+03 1.782400000000000091e+03 1.100000000000000000e+01
1.345200000000000045e+03 1.783200000000000045e+03 1.100000000000000000e+01
1.345799999999999955e+03 1.783799999999999955e+03 1.100000000000000000e+01
1.346200000000000045e+03 1.784599999999999909e+03 1.100000000000000000e+01
1.346799999999999955e+03 1.785200000000000045e+03 1.100000000000000000e+01
1.347200000000000045e+03 1.785799999999999955e+03 1.100000000000000000e+01
1.347799999999999955e+03 1.786400000000000091e+03 1.100000000000000000e+01
1.348400000000000091e+03 1.787200000000000045e+03 1.100000000000000000e+01
1.349000000000000000e+03 1.788000000000000000e+03 1.200000000000000000e+01
1.349599999999999909e+03 1.788799999999999955e+03 1.200000000000000000e+01
1.350200000000000045e+03 1.789599999999999909e+03 1.200000000000000000e+01
1.350799999999999955e+03 1.790200000000000045e+03 1.200000000000000000e+01
1.351400000000000091e+03 1.790799999999999955e+03 1.200000000000000000e+01
1.352000000000000000e+03 1.791400000000000091e+03 1.200000000000000000e+01
1.352599999999999909e+03 1.792000000000000000e+03 1.200000000000000000e+01
1.353400000000000091e+03 1.792599999999999909e+03 1.200000000000000000e+01
1.354200000000000045e+03 1.793400000000000091e+03 1.200000000000000000e+01
1.355000000000000000e+03 1.794000000000000000e+03 1.300000000000000000e+01
1.355799999999999955e+03 1.794599999999999909e+03 1.300000000000000000e+01
1.356599999999999909e+03 1.795400000000000091e+03 1.300000000000000000e+01
1.357000000000000000e+03 1.795750000000000000e+03 1.300000000000000000e+01
