1.323200000000000045e+03 1.793200000000000045e+03 1.800000000000000000e+01
1.323200000000000045e+03 1.794000000000000000e+03 1.800000000000000000e+01
1.323000000000000000e+03 1.795000000000000000e+03 1.800000000000000000e+01
1.323000000000000000e+03 1.796000000000000000e+03 1.800000000000000000e+01
1.322799999999999955e+03 1.796799999999999955e+03 1.800000000000000000e+01
1.322599999999999909e+03 1.797599999999999909e+03 1.800000000000000000e+01
1.322400000000000091e+03 1.798400000000000091e+03 1.800000000000000000e+01
1.322200000000000045e+03 1.799200000000000045e+03 1.800000000000000000e+01
1.322000000000000000e+03 1.800000000000000000e+03 1.800000000000000000e+01
1.321799999999999955e+03 1.800799999999999955e+03 1.800000000000000000e+01
1.321599999999999909e+03 1.801599999999999909e+03 1.800000000000000000e+01
1.321400000000000091e+03 1.802400000000000091e+03 1.800000000000000000e+01
1.321200000000000045e+03 1.803200000000000045e+03 1.800000000000000000e+01
1.320799999999999955e+03 1.803799999999999955e+03 1.800000000000000000e+01
1.320599999999999909e+03 1.804599999999999909e+03 1.800000000000000000e+01
1.320200000000000045e+03 1.805400000000000091e+03 1.800000000000000000e+01
1.319799999999999955e+03 1.806200000000000045e+03 1.800000000000000000e+01
1.319200000000000045e+03 1.806799999999999955e+03 1.800000000000000000e+01
1.318799999999999955e+03 1.807599999999999909e+03 1.800000000000000000e+01
1.318200000000000045e+03 1.808200000000000045e+03 1.800000000000000000e+01
1.317799999999999955e+03 1.808799999999999955e+03 1.800000000000000000e+01
1.317200000000000045e+03 1.809400000000000091e+03 1.800000000000000000e+01
1.317000000000000000e+03 1.809750000000000000e+03 1.800000000000000000e+01
