7.422000000000000455e+02 4.110000000000000000e+02 1.800000000000000000e+01
7.427999999999999545e+02 4.120000000000000000e+02 1.800000000000000000e+01
7.432000000000000455e+02 4.130000000000000000e+02 1.800000000000000000e+01
7.436000000000000227e+02 4.140000000000000000e+02 1.800000000000000000e+01
7.437999999999999545e+02 4.150000000000000000e+02 1.800000000000000000e+01
7.440000000000000000e+02 4.160000000000000000e+02 1.800000000000000000e+01
7.440000000000000000e+02 4.170000000000000000e+02 1.800000000000000000e+01
7.440000000000000000e+02 4.180000000000000000e+02 1.800000000000000000e+01
7.440000000000000000e+02 4.190000000000000000e+02 1.800000000000000000e+01
7.440000000000000000e+02 4.200000000000000000e+02 1.800000000000000000e+01
7.440000000000000000e+02 4.210000000000000000e+02 1.800000000000000000e+01
7.440000000000000000e+02 4.220000000000000000e+02 1.800000000000000000e+01
7.440000000000000000e+02 4.228000000000000114e+02 1.800000000000000000e+01
7.440000000000000000e+02 4.236000000000000227e+02 1.900000000000000000e+01
7.440000000000000000e+02 4.243999999999999773e+02 1.900000000000000000e+01
7.440000000000000000e+02 4.251999999999999886e+02 1.900000000000000000e+01
7.440000000000000000e+02 4.260000000000000000e+02 1.900000000000000000e+01
7.440000000000000000e+02 4.270000000000000000e+02 1.900000000000000000e+01
7.440000000000000000e+02 4.280000000000000000e+02 1.900000000000000000e+01
7.440000000000000000e+02 4.290000000000000000e+02 1.900000000000000000e+01
7.440000000000000000e+02 4.300000000000000000e+02 1.900000000000000000e+01
7.440000000000000000e+02 4.310000000000000000e+02 1.900000000000000000e+01
7.440000000000000000e+02 4.320000000000000000e+02 1.900000000000000000e+01
7.440000000000000000e+02 4.330000000000000000e+02 1.900000000000000000e+01
7.440000000000000000e+02 4.340000000000000000e+02 1.900000000000000000e+01
7.440000000000000000e+02 4.350000000000000000e+02 1.900000000000000000e+01
7.440000000000000000e+02 4.360000000000000000e+02 1.900000000000000000e+01
7.440000000000000000e+02 4.370000000000000000e+02 1.900000000000000000e+01
7.440000000000000000e+02 4.380000000000000000e+02 1.900000000000000000e+01
7.440000000000000000e+02 4.390000000000000000e+02 1.900000000000000000e+01
7.440000000000000000e+02 4.400000000000000000e+02 1.900000000000000000e+01
7.440000000000000000e+02 4.410000000000000000e+02 1.900000000000000000e+01
7.440000000000000000e+02 4.420000000000000000e+02 1.900000000000000000e+01
7.440000000000000000e+02 4.430000000000000000e+02 1.900000000000000000e+01
7.440000000000000000e+02 4.440000000000000000e+02 1.900000000000000000e+01
7.440000000000000000e+02 4.450000000000000000e+02 1.900000000000000000e+01
7.437999999999999545e+02 4.458000000000000114e+02 1.900000000000000000e+01
7.436000000000000227e+02 4.466000000000000227e+02 1.900000000000000000e+01
7.433999999999999773e+02 4.473999999999999773e+02 1.900000000000000000e+01
7.430000000000000000e+02 4.480000000000000000e+02 1.900000000000000000e+01
7.426000000000000227e+02 4.486000000000000227e+02 1.900000000000000000e+01
7.423999999999999773e+02 4.493999999999999773e+02 1.900000000000000000e+01
7.420000000000000000e+02 4.500000000000000000e+02 1.900000000000000000e+01
7.416000000000000227e+02 4.506000000000000227e+02 1.900000000000000000e+01
7.412000000000000455e+02 4.513999999999999773e+02 1.900000000000000000e+01
7.407999999999999545e+02 4.521999999999999886e+02 1.800000000000000000e+01
7.402000000000000455e+02 4.528000000000000114e+02 1.800000000000000000e+01
7.400000000000000000e+02 4.532500000000000000e+02 1.800000000000000000e+01
