4.640000000000000000e+02 2.170000000000000000e+02 1.100000000000000000e+01
4.641999999999999886e+02 2.178000000000000114e+02 1.100000000000000000e+01
4.643999999999999773e+02 2.185999999999999943e+02 1.100000000000000000e+01
4.646000000000000227e+02 2.194000000000000057e+02 1.100000000000000000e+01
4.648000000000000114e+02 2.201999999999999886e+02 1.100000000000000000e+01
4.651999999999999886e+02 2.210000000000000000e+02 1.100000000000000000e+01
4.653999999999999773e+02 2.220000000000000000e+02 1.100000000000000000e+01
4.656000000000000227e+02 2.230000000000000000e+02 1.100000000000000000e+01
4.660000000000000000e+02 2.240000000000000000e+02 1.100000000000000000e+01
4.663999999999999773e+02 2.250000000000000000e+02 1.100000000000000000e+01
4.666000000000000227e+02 2.260000000000000000e+02 1.100000000000000000e+01
4.670000000000000000e+02 2.268000000000000114e+02 1.100000000000000000e+01
4.673999999999999773e+02 2.275999999999999943e+02 1.100000000000000000e+01
4.676000000000000227e+02 2.284000000000000057e+02 1.100000000000000000e+01
4.680000000000000000e+02 2.291999999999999886e+02 1.100000000000000000e+01
4.683999999999999773e+02 2.300000000000000000e+02 1.100000000000000000e+01
4.688000000000000114e+02 2.308000000000000114e+02 1.100000000000000000e+01
4.691999999999999886e+02 2.315999999999999943e+02 1.100000000000000000e+01
4.698000000000000114e+02 2.324000000000000057e+02 1.100000000000000000e+01
4.701999999999999886e+02 2.331999999999999886e+02 1.100000000000000000e+01
4.708000000000000114e+02 2.338000000000000114e+02 1.100000000000000000e+01
4.711999999999999886e+02 2.345999999999999943e+02 1.100000000000000000e+01
4.718000000000000114e+02 2.351999999999999886e+02 1.100000000000000000e+01
4.721999999999999886e+02 2.358000000000000114e+02 1.100000000000000000e+01
4.728000000000000114e+02 2.361999999999999886e+02 1.100000000000000000e+01
4.731999999999999886e+02 2.368000000000000114e+02 1.100000000000000000e+01
4.738000000000000114e+02 2.371999999999999886e+02 1.100000000000000000e+01
4.741999999999999886e+02 2.378000000000000114e+02 1.100000000000000000e+01
4.745000000000000000e+02 2.380000000000000000e+02 1.100000000000000000e+01
