1.568000000000000114e+02 3.781999999999999886e+02 4.000000000000000000e+00
1.575999999999999943e+02 3.783999999999999773e+02 4.000000000000000000e+00
1.584000000000000057e+02 3.786000000000000227e+02 4.000000000000000000e+00
1.591999999999999886e+02 3.788000000000000114e+02 4.000000000000000000e+00
1.600000000000000000e+02 3.790000000000000000e+02 4.000000000000000000e+00
1.610000000000000000e+02 3.790000000000000000e+02 4.000000000000000000e+00
1.620000000000000000e+02 3.790000000000000000e+02 4.000000000000000000e+00
1.630000000000000000e+02 3.790000000000000000e+02 4.000000000000000000e+00
1.640000000000000000e+02 3.790000000000000000e+02 4.000000000000000000e+00
1.650000000000000000e+02 3.790000000000000000e+02 4.000000000000000000e+00
1.660000000000000000e+02 3.790000000000000000e+02 4.000000000000000000e+00
1.670000000000000000e+02 3.790000000000000000e+02 4.000000000000000000e+00
1.680000000000000000e+02 3.790000000000000000e+02 4.000000000000000000e+00
1.690000000000000000e+02 3.790000000000000000e+02 4.000000000000000000e+00
1.700000000000000000e+02 3.790000000000000000e+02 4.000000000000000000e+00
1.710000000000000000e+02 3.790000000000000000e+02 4.000000000000000000e+00
1.718000000000000114e+02 3.788000000000000114e+02 4.000000000000000000e+00
1.725999999999999943e+02 3.783999999999999773e+02 4.000000000000000000e+00
1.731999999999999886e+02 3.778000000000000114e+02 4.000000000000000000e+00
1.738000000000000114e+02 3.771999999999999886e+02 4.000000000000000000e+00
1.744000000000000057e+02 3.763999999999999773e+02 4.000000000000000000e+00
1.751999999999999886e+02 3.758000000000000114e+02 4.000000000000000000e+00
1.758000000000000114e+02 3.751999999999999886e+02 4.000000000000000000e+00
1.765999999999999943e+02 3.748000000000000114e+02 4.000000000000000000e+00
1.771999999999999886e+02 3.741999999999999886e+02 4.000000000000000000e+00
1.778000000000000114e+02 3.738000000000000114e+02 4.000000000000000000e+00
1.781999999999999886e+02 3.731999999999999886e+02 4.000000000000000000e+00
1.788000000000000114e+02 3.728000000000000114e+02 4.000000000000000000e+00
1.794000000000000057e+02 3.723999999999999773e+02 4.000000000000000000e+00
1.800000000000000000e+02 3.720000000000000000e+02 4.000000000000000000e+00
1.805999999999999943e+02 3.716000000000000227e+02 4.000000000000000000e+00
1.814000000000000057e+02 3.713999999999999773e+02 4.000000000000000000e+00
1.820000000000000000e+02 3.710000000000000000e+02 4.000000000000000000e+00
1.825999999999999943e+02 3.706000000000000227e+02 4.000000000000000000e+00
1.834000000000000057e+02 3.701999999999999886e+02 4.000000000000000000e+00
1.841999999999999886e+02 3.698000000000000114e+02 4.000000000000000000e+00
1.848000000000000114e+02 3.693999999999999773e+02 5.000000000000000000e+00
1.854000000000000057e+02 3.690000000000000000e+02 4.000000000000000000e+00
1.860000000000000000e+02 3.686000000000000227e+02 5.000000000000000000e+00
1.865999999999999943e+02 3.683999999999999773e+02 5.000000000000000000e+00
1.870000000000000000e+02 3.680000000000000000e+02 5.000000000000000000e+00
1.875999999999999943e+02 3.676000000000000227e+02 5.000000000000000000e+00
1.884000000000000057e+02 3.671999999999999886e+02 5.000000000000000000e+00
1.891999999999999886e+02 3.668000000000000114e+02 5.000000000000000000e+00
1.900000000000000000e+02 3.661999999999999886e+02 5.000000000000000000e+00
1.910000000000000000e+02 3.658000000000000114e+02 5.000000000000000000e+00
1.920000000000000000e+02 3.653999999999999773e+02 5.000000000000000000e+00
1.928000000000000114e+02 3.650000000000000000e+02 5.000000000000000000e+00
1.935999999999999943e+02 3.646000000000000227e+02 5.000000000000000000e+00
1.944000000000000057e+02 3.643999999999999773e+02 5.000000000000000000e+00
1.951999999999999886e+02 3.641999999999999886e+02 5.000000000000000000e+00
1.960000000000000000e+02 3.640000000000000000e+02 5.000000000000000000e+00
1.970000000000000000e+02 3.640000000000000000e+02 5.000000000000000000e+00
1.980000000000000000e+02 3.640000000000000000e+02 4.000000000000000000e+00
1.985000000000000000e+02 3.640000000000000000e+02 4.000000000000000000e+00
