9.230000000000000000e+02 6.860000000000000000e+02 1.800000000000000000e+01
9.230000000000000000e+02 6.870000000000000000e+02 1.800000000000000000e+01
9.230000000000000000e+02 6.880000000000000000e+02 1.800000000000000000e+01
9.230000000000000000e+02 6.890000000000000000e+02 1.800000000000000000e+01
9.230000000000000000e+02 6.900000000000000000e+02 1.800000000000000000e+01
9.230000000000000000e+02 6.910000000000000000e+02 1.800000000000000000e+01
9.230000000000000000e+02 6.920000000000000000e+02 1.800000000000000000e+01
9.230000000000000000e+02 6.930000000000000000e+02 1.800000000000000000e+01
9.232000000000000455e+02 6.937999999999999545e+02 1.800000000000000000e+01
9.233999999999999773e+02 6.946000000000000227e+02 1.800000000000000000e+01
9.236000000000000227e+02 6.953999999999999773e+02 1.800000000000000000e+01
9.237999999999999545e+02 6.962000000000000455e+02 1.800000000000000000e+01
9.240000000000000000e+02 6.970000000000000000e+02 1.800000000000000000e+01
9.240000000000000000e+02 6.980000000000000000e+02 1.800000000000000000e+01
9.240000000000000000e+02 6.990000000000000000e+02 1.800000000000000000e+01
9.240000000000000000e+02 7.000000000000000000e+02 1.800000000000000000e+01
9.242000000000000455e+02 7.007999999999999545e+02 1.800000000000000000e+01
9.243999999999999773e+02 7.016000000000000227e+02 1.800000000000000000e+01
9.246000000000000227e+02 7.023999999999999773e+02 1.800000000000000000e+01
9.247999999999999545e+02 7.032000000000000455e+02 1.800000000000000000e+01
9.252000000000000455e+02 7.040000000000000000e+02 1.800000000000000000e+01
9.253999999999999773e+02 7.050000000000000000e+02 1.800000000000000000e+01
9.256000000000000227e+02 7.060000000000000000e+02 1.800000000000000000e+01
9.257999999999999545e+02 7.070000000000000000e+02 1.800000000000000000e+01
9.262000000000000455e+02 7.077999999999999545e+02 1.800000000000000000e+01
9.263999999999999773e+02 7.086000000000000227e+02 1.800000000000000000e+01
9.266000000000000227e+02 7.093999999999999773e+02 1.800000000000000000e+01
9.267999999999999545e+02 7.102000000000000455e+02 1.800000000000000000e+01
9.270000000000000000e+02 7.110000000000000000e+02 1.800000000000000000e+01
9.267999999999999545e+02 7.117999999999999545e+02 1.800000000000000000e+01
9.266000000000000227e+02 7.126000000000000227e+02 1.800000000000000000e+01
9.263999999999999773e+02 7.133999999999999773e+02 1.800000000000000000e+01
9.260000000000000000e+02 7.140000000000000000e+02 1.800000000000000000e+01
9.256000000000000227e+02 7.146000000000000227e+02 1.800000000000000000e+01
9.252000000000000455e+02 7.153999999999999773e+02 1.800000000000000000e+01
9.247999999999999545e+02 7.162000000000000455e+02 1.800000000000000000e+01
9.242000000000000455e+02 7.167999999999999545e+02 1.800000000000000000e+01
9.237999999999999545e+02 7.176000000000000227e+02 1.800000000000000000e+01
9.233999999999999773e+02 7.183999999999999773e+02 1.800000000000000000e+01
9.230000000000000000e+02 7.190000000000000000e+02 1.800000000000000000e+01
9.226000000000000227e+02 7.196000000000000227e+02 1.800000000000000000e+01
9.223999999999999773e+02 7.203999999999999773e+02 1.800000000000000000e+01
9.220000000000000000e+02 7.210000000000000000e+02 1.800000000000000000e+01
9.216000000000000227e+02 7.216000000000000227e+02 1.800000000000000000e+01
9.213999999999999773e+02 7.223999999999999773e+02 1.800000000000000000e+01
9.212000000000000455e+02 7.232000000000000455e+02 1.800000000000000000e+01
9.207999999999999545e+02 7.240000000000000000e+02 1.800000000000000000e+01
9.206000000000000227e+02 7.250000000000000000e+02 1.800000000000000000e+01
9.203999999999999773e+02 7.260000000000000000e+02 1.800000000000000000e+01
9.202000000000000455e+02 7.270000000000000000e+02 1.800000000000000000e+01
9.197999999999999545e+02 7.277999999999999545e+02 1.800000000000000000e+01
9.196000000000000227e+02 7.286000000000000227e+02 1.800000000000000000e+01
9.193999999999999773e+02 7.293999999999999773e+02 1.800000000000000000e+01
9.192000000000000455e+02 7.302000000000000455e+02 1.800000000000000000e+01
9.187999999999999545e+02 7.307999999999999545e+02 1.800000000000000000e+01
9.186000000000000227e+02 7.316000000000000227e+02 1.800000000000000000e+01
9.183999999999999773e+02 7.323999999999999773e+02 1.800000000000000000e+01
9.182000000000000455e+02 7.332000000000000455e+02 1.800000000000000000e+01
9.177999999999999545e+02 7.337999999999999545e+02 1.800000000000000000e+01
9.176000000000000227e+02 7.346000000000000227e+02 1.800000000000000000e+01
9.173999999999999773e+02 7.352000000000000455e+02 1.800000000000000000e+01
9.172000000000000455e+02 7.357999999999999545e+02 1.700000000000000000e+01
9.167999999999999545e+02 7.362000000000000455e+02 1.700000000000000000e+01
9.166000000000000227e+02 7.367999999999999545e+02 1.700000000000000000e+01
9.163999999999999773e+02 7.373999999999999773e+02 1.700000000000000000e+01
9.162000000000000455e+02 7.382000000000000455e+02 1.700000000000000000e+01
9.157999999999999545e+02 7.387999999999999545e+02 1.700000000000000000e+01
9.156000000000000227e+02 7.396000000000000227e+02 1.700000000000000000e+01
9.153999999999999773e+02 7.403999999999999773e+02 1.700000000000000000e+01
9.152000000000000455e+02 7.412000000000000455e+02 1.700000000000000000e+01
9.147999999999999545e+02 7.420000000000000000e+02 1.700000000000000000e+01
9.146000000000000227e+02 7.430000000000000000e+02 1.700000000000000000e+01
9.143999999999999773e+02 7.440000000000000000e+02 1.700000000000000000e+01
9.142000000000000455e+02 7.450000000000000000e+02 1.700000000000000000e+01
9.140000000000000000e+02 7.460000000000000000e+02 1.700000000000000000e+01
9.140000000000000000e+02 7.470000000000000000e+02 1.700000000000000000e+01
9.140000000000000000e+02 7.480000000000000000e+02 1.700000000000000000e+01
9.137999999999999545e+02 7.490000000000000000e+02 1.600000000000000000e+01
9.136000000000000227e+02 7.500000000000000000e+02 1.600000000000000000e+01
9.133999999999999773e+02 7.510000000000000000e+02 1.600000000000000000e+01
9.132000000000000455e+02 7.520000000000000000e+02 1.600000000000000000e+01
9.132000000000000455e+02 7.527999999999999545e+02 1.600000000000000000e+01
9.133999999999999773e+02 7.536000000000000227e+02 1.600000000000000000e+01
9.136000000000000227e+02 7.543999999999999773e+02 1.600000000000000000e+01
9.137999999999999545e+02 7.552000000000000455e+02 1.600000000000000000e+01
9.140000000000000000e+02 7.560000000000000000e+02 1.600000000000000000e+01
9.140000000000000000e+02 7.570000000000000000e+02 1.600000000000000000e+01
9.140000000000000000e+02 7.580000000000000000e+02 1.600000000000000000e+01
9.140000000000000000e+02 7.590000000000000000e+02 1.500000000000000000e+01
9.140000000000000000e+02 7.600000000000000000e+02 1.500000000000000000e+01
9.140000000000000000e+02 7.610000000000000000e+02 1.500000000000000000e+01
9.140000000000000000e+02 7.620000000000000000e+02 1.500000000000000000e+01
9.137999999999999545e+02 7.627999999999999545e+02 1.500000000000000000e+01
9.136000000000000227e+02 7.636000000000000227e+02 1.500000000000000000e+01
9.133999999999999773e+02 7.643999999999999773e+02 1.500000000000000000e+01
9.132000000000000455e+02 7.652000000000000455e+02 1.500000000000000000e+01
9.130000000000000000e+02 7.660000000000000000e+02 1.500000000000000000e+01
9.130000000000000000e+02 7.670000000000000000e+02 1.500000000000000000e+01
9.130000000000000000e+02 7.680000000000000000e+02 1.500000000000000000e+01
9.127999999999999545e+02 7.687999999999999545e+02 1.500000000000000000e+01
9.126000000000000227e+02 7.696000000000000227e+02 1.500000000000000000e+01
9.123999999999999773e+02 7.703999999999999773e+02 1.500000000000000000e+01
9.122000000000000455e+02 7.712000000000000455e+02 1.500000000000000000e+01
9.120000000000000000e+02 7.720000000000000000e+02 1.500000000000000000e+01
9.117999999999999545e+02 7.727999999999999545e+02 1.500000000000000000e+01
9.116000000000000227e+02 7.736000000000000227e+02 1.500000000000000000e+01
9.113999999999999773e+02 7.743999999999999773e+02 1.500000000000000000e+01
9.112000000000000455e+02 7.752000000000000455e+02 1.500000000000000000e+01
9.110000000000000000e+02 7.760000000000000000e+02 1.500000000000000000e+01
9.110000000000000000e+02 7.770000000000000000e+02 1.500000000000000000e+01
9.110000000000000000e+02 7.780000000000000000e+02 1.500000000000000000e+01
9.110000000000000000e+02 7.790000000000000000e+02 1.500000000000000000e+01
9.110000000000000000e+02 7.800000000000000000e+02 1.500000000000000000e+01
9.110000000000000000e+02 7.810000000000000000e+02 1.500000000000000000e+01
9.110000000000000000e+02 7.820000000000000000e+02 1.500000000000000000e+01
9.110000000000000000e+02 7.830000000000000000e+02 1.500000000000000000e+01
9.110000000000000000e+02 7.840000000000000000e+02 1.500000000000000000e+01
9.112000000000000455e+02 7.847999999999999545e+02 1.500000000000000000e+01
9.113999999999999773e+02 7.856000000000000227e+02 1.500000000000000000e+01
9.116000000000000227e+02 7.863999999999999773e+02 1.500000000000000000e+01
9.117999999999999545e+02 7.872000000000000455e+02 1.500000000000000000e+01
9.120000000000000000e+02 7.880000000000000000e+02 1.500000000000000000e+01
9.120000000000000000e+02 7.890000000000000000e+02 1.500000000000000000e+01
9.120000000000000000e+02 7.900000000000000000e+02 1.500000000000000000e+01
9.120000000000000000e+02 7.910000000000000000e+02 1.500000000000000000e+01
9.120000000000000000e+02 7.920000000000000000e+02 1.500000000000000000e+01
9.122000000000000455e+02 7.927999999999999545e+02 1.500000000000000000e+01
9.123999999999999773e+02 7.936000000000000227e+02 1.500000000000000000e+01
9.126000000000000227e+02 7.943999999999999773e+02 1.500000000000000000e+01
9.127999999999999545e+02 7.952000000000000455e+02 1.500000000000000000e+01
9.130000000000000000e+02 7.960000000000000000e+02 1.500000000000000000e+01
9.130000000000000000e+02 7.967999999999999545e+02 1.500000000000000000e+01
9.130000000000000000e+02 7.976000000000000227e+02 1.600000000000000000e+01
9.132000000000000455e+02 7.982000000000000455e+02 1.600000000000000000e+01
9.133999999999999773e+02 7.987999999999999545e+02 1.600000000000000000e+01
9.136000000000000227e+02 7.993999999999999773e+02 1.600000000000000000e+01
9.140000000000000000e+02 8.000000000000000000e+02 1.600000000000000000e+01
9.143999999999999773e+02 8.006000000000000227e+02 1.600000000000000000e+01
9.147999999999999545e+02 8.012000000000000455e+02 1.600000000000000000e+01
9.152000000000000455e+02 8.017999999999999545e+02 1.600000000000000000e+01
9.157999999999999545e+02 8.022000000000000455e+02 1.600000000000000000e+01
9.163999999999999773e+02 8.026000000000000227e+02 1.600000000000000000e+01
9.172000000000000455e+02 8.027999999999999545e+02 1.600000000000000000e+01
9.180000000000000000e+02 8.027999999999999545e+02 1.600000000000000000e+01
9.190000000000000000e+02 8.026000000000000227e+02 1.600000000000000000e+01
9.197999999999999545e+02 8.022000000000000455e+02 1.600000000000000000e+01
9.206000000000000227e+02 8.017999999999999545e+02 1.600000000000000000e+01
9.212000000000000455e+02 8.012000000000000455e+02 1.600000000000000000e+01
9.217999999999999545e+02 8.007999999999999545e+02 1.600000000000000000e+01
9.222000000000000455e+02 8.002000000000000455e+02 1.600000000000000000e+01
9.227999999999999545e+02 7.997999999999999545e+02 1.600000000000000000e+01
9.233999999999999773e+02 7.992000000000000455e+02 1.600000000000000000e+01
9.242000000000000455e+02 7.987999999999999545e+02 1.600000000000000000e+01
9.247999999999999545e+02 7.982000000000000455e+02 1.600000000000000000e+01
9.256000000000000227e+02 7.977999999999999545e+02 1.600000000000000000e+01
9.263999999999999773e+02 7.973999999999999773e+02 1.600000000000000000e+01
9.270000000000000000e+02 7.970000000000000000e+02 1.600000000000000000e+01
9.276000000000000227e+02 7.966000000000000227e+02 1.600000000000000000e+01
9.283999999999999773e+02 7.963999999999999773e+02 1.600000000000000000e+01
9.292000000000000455e+02 7.962000000000000455e+02 1.600000000000000000e+01
9.300000000000000000e+02 7.960000000000000000e+02 1.600000000000000000e+01
9.310000000000000000e+02 7.960000000000000000e+02 1.600000000000000000e+01
9.317999999999999545e+02 7.962000000000000455e+02 1.600000000000000000e+01
9.326000000000000227e+02 7.963999999999999773e+02 1.600000000000000000e+01
9.332000000000000455e+02 7.967999999999999545e+02 1.600000000000000000e+01
9.337999999999999545e+02 7.972000000000000455e+02 1.600000000000000000e+01
9.342000000000000455e+02 7.977999999999999545e+02 1.600000000000000000e+01
9.347999999999999545e+02 7.982000000000000455e+02 1.600000000000000000e+01
9.352000000000000455e+02 7.987999999999999545e+02 1.600000000000000000e+01
9.357999999999999545e+02 7.993999999999999773e+02 1.600000000000000000e+01
9.362000000000000455e+02 8.002000000000000455e+02 1.600000000000000000e+01
9.366000000000000227e+02 8.010000000000000000e+02 1.600000000000000000e+01
9.370000000000000000e+02 8.020000000000000000e+02 1.600000000000000000e+01
9.373999999999999773e+02 8.030000000000000000e+02 1.600000000000000000e+01
9.376000000000000227e+02 8.040000000000000000e+02 1.600000000000000000e+01
9.377999999999999545e+02 8.050000000000000000e+02 1.600000000000000000e+01
9.380000000000000000e+02 8.060000000000000000e+02 1.600000000000000000e+01
9.382000000000000455e+02 8.067999999999999545e+02 1.600000000000000000e+01
9.383999999999999773e+02 8.076000000000000227e+02 1.600000000000000000e+01
9.386000000000000227e+02 8.083999999999999773e+02 1.600000000000000000e+01
9.387999999999999545e+02 8.092000000000000455e+02 1.600000000000000000e+01
9.390000000000000000e+02 8.100000000000000000e+02 1.600000000000000000e+01
9.390000000000000000e+02 8.110000000000000000e+02 1.600000000000000000e+01
9.390000000000000000e+02 8.120000000000000000e+02 1.600000000000000000e+01
9.390000000000000000e+02 8.130000000000000000e+02 1.600000000000000000e+01
9.390000000000000000e+02 8.140000000000000000e+02 1.600000000000000000e+01
9.392000000000000455e+02 8.147999999999999545e+02 1.600000000000000000e+01
9.393999999999999773e+02 8.156000000000000227e+02 1.600000000000000000e+01
9.396000000000000227e+02 8.163999999999999773e+02 1.600000000000000000e+01
9.397999999999999545e+02 8.172000000000000455e+02 1.600000000000000000e+01
9.400000000000000000e+02 8.180000000000000000e+02 1.600000000000000000e+01
9.400000000000000000e+02 8.190000000000000000e+02 1.600000000000000000e+01
9.400000000000000000e+02 8.200000000000000000e+02 1.600000000000000000e+01
9.402000000000000455e+02 8.207999999999999545e+02 1.600000000000000000e+01
9.403999999999999773e+02 8.216000000000000227e+02 1.600000000000000000e+01
9.406000000000000227e+02 8.223999999999999773e+02 1.600000000000000000e+01
9.407999999999999545e+02 8.232000000000000455e+02 1.600000000000000000e+01
9.410000000000000000e+02 8.240000000000000000e+02 1.600000000000000000e+01
9.410000000000000000e+02 8.250000000000000000e+02 1.600000000000000000e+01
9.412000000000000455e+02 8.260000000000000000e+02 1.600000000000000000e+01
9.413999999999999773e+02 8.270000000000000000e+02 1.600000000000000000e+01
9.416000000000000227e+02 8.280000000000000000e+02 1.600000000000000000e+01
9.417999999999999545e+02 8.290000000000000000e+02 1.600000000000000000e+01
9.422000000000000455e+02 8.297999999999999545e+02 1.600000000000000000e+01
9.423999999999999773e+02 8.306000000000000227e+02 1.600000000000000000e+01
9.426000000000000227e+02 8.313999999999999773e+02 1.600000000000000000e+01
9.430000000000000000e+02 8.322000000000000455e+02 1.600000000000000000e+01
9.433999999999999773e+02 8.330000000000000000e+02 1.600000000000000000e+01
9.437999999999999545e+02 8.337999999999999545e+02 1.600000000000000000e+01
9.442000000000000455e+02 8.346000000000000227e+02 1.600000000000000000e+01
9.446000000000000227e+02 8.353999999999999773e+02 1.600000000000000000e+01
9.447999999999999545e+02 8.362000000000000455e+02 1.600000000000000000e+01
9.452000000000000455e+02 8.367999999999999545e+02 1.600000000000000000e+01
9.453999999999999773e+02 8.376000000000000227e+02 1.600000000000000000e+01
9.456000000000000227e+02 8.383999999999999773e+02 1.600000000000000000e+01
9.457999999999999545e+02 8.392000000000000455e+02 1.600000000000000000e+01
9.460000000000000000e+02 8.400000000000000000e+02 1.600000000000000000e+01
9.460000000000000000e+02 8.407999999999999545e+02 1.600000000000000000e+01
9.460000000000000000e+02 8.416000000000000227e+02 1.700000000000000000e+01
9.460000000000000000e+02 8.423999999999999773e+02 1.700000000000000000e+01
9.460000000000000000e+02 8.432000000000000455e+02 1.700000000000000000e+01
9.457999999999999545e+02 8.437999999999999545e+02 1.700000000000000000e+01
9.456000000000000227e+02 8.446000000000000227e+02 1.700000000000000000e+01
9.453999999999999773e+02 8.453999999999999773e+02 1.700000000000000000e+01
9.452000000000000455e+02 8.462000000000000455e+02 1.700000000000000000e+01
9.450000000000000000e+02 8.470000000000000000e+02 1.700000000000000000e+01
9.447999999999999545e+02 8.477999999999999545e+02 1.700000000000000000e+01
9.446000000000000227e+02 8.486000000000000227e+02 1.700000000000000000e+01
9.443999999999999773e+02 8.493999999999999773e+02 1.700000000000000000e+01
9.442000000000000455e+02 8.502000000000000455e+02 1.700000000000000000e+01
9.440000000000000000e+02 8.510000000000000000e+02 1.700000000000000000e+01
9.440000000000000000e+02 8.520000000000000000e+02 1.700000000000000000e+01
9.440000000000000000e+02 8.525000000000000000e+02 1.700000000000000000e+01
