1.138000000000000000e+03 1.094000000000000000e+03 1.000000000000000000e+01
1.138599999999999909e+03 1.093200000000000045e+03 1.000000000000000000e+01
1.139200000000000045e+03 1.092400000000000091e+03 1.000000000000000000e+01
1.139799999999999955e+03 1.091799999999999955e+03 1.000000000000000000e+01
1.140200000000000045e+03 1.091200000000000045e+03 1.000000000000000000e+01
1.140799999999999955e+03 1.090599999999999909e+03 1.000000000000000000e+01
1.141400000000000091e+03 1.090000000000000000e+03 1.000000000000000000e+01
1.142000000000000000e+03 1.089400000000000091e+03 1.000000000000000000e+01
1.142599999999999909e+03 1.088799999999999955e+03 1.000000000000000000e+01
1.143400000000000091e+03 1.088200000000000045e+03 1.000000000000000000e+01
1.144200000000000045e+03 1.087799999999999955e+03 1.000000000000000000e+01
1.144799999999999955e+03 1.087200000000000045e+03 1.000000000000000000e+01
1.145599999999999909e+03 1.086799999999999955e+03 1.000000000000000000e+01
1.146400000000000091e+03 1.086400000000000091e+03 1.000000000000000000e+01
1.147000000000000000e+03 1.086000000000000000e+03 1.000000000000000000e+01
1.147599999999999909e+03 1.085599999999999909e+03 1.000000000000000000e+01
1.148400000000000091e+03 1.085400000000000091e+03 1.000000000000000000e+01
1.149000000000000000e+03 1.085000000000000000e+03 1.000000000000000000e+01
1.149599999999999909e+03 1.084599999999999909e+03 1.000000000000000000e+01
1.150400000000000091e+03 1.084400000000000091e+03 1.000000000000000000e+01
1.151200000000000045e+03 1.084200000000000045e+03 1.000000000000000000e+01
1.151799999999999955e+03 1.083799999999999955e+03 1.000000000000000000e+01
1.152599999999999909e+03 1.083599999999999909e+03 1.000000000000000000e+01
1.153400000000000091e+03 1.083400000000000091e+03 1.000000000000000000e+01
1.154200000000000045e+03 1.083000000000000000e+03 1.000000000000000000e+01
1.155000000000000000e+03 1.082599999999999909e+03 1.000000000000000000e+01
1.156000000000000000e+03 1.082400000000000091e+03 1.000000000000000000e+01
1.156799999999999955e+03 1.082000000000000000e+03 1.000000000000000000e+01
1.157599999999999909e+03 1.081599999999999909e+03 1.000000000000000000e+01
1.158400000000000091e+03 1.081400000000000091e+03 1.000000000000000000e+01
1.159000000000000000e+03 1.081000000000000000e+03 1.000000000000000000e+01
1.159599999999999909e+03 1.080599999999999909e+03 1.000000000000000000e+01
1.160200000000000045e+03 1.080200000000000045e+03 1.000000000000000000e+01
1.160799999999999955e+03 1.079799999999999955e+03 1.000000000000000000e+01
1.161400000000000091e+03 1.079200000000000045e+03 1.000000000000000000e+01
1.162200000000000045e+03 1.078799999999999955e+03 1.000000000000000000e+01
1.162799999999999955e+03 1.078200000000000045e+03 1.000000000000000000e+01
1.163599999999999909e+03 1.077799999999999955e+03 1.000000000000000000e+01
1.164200000000000045e+03 1.077200000000000045e+03 1.000000000000000000e+01
1.164799999999999955e+03 1.076799999999999955e+03 1.000000000000000000e+01
1.165200000000000045e+03 1.076200000000000045e+03 1.000000000000000000e+01
1.165799999999999955e+03 1.075799999999999955e+03 1.000000000000000000e+01
1.166200000000000045e+03 1.075200000000000045e+03 1.000000000000000000e+01
1.166799999999999955e+03 1.074799999999999955e+03 1.000000000000000000e+01
1.167200000000000045e+03 1.074200000000000045e+03 1.000000000000000000e+01
1.167799999999999955e+03 1.073599999999999909e+03 1.000000000000000000e+01
1.168200000000000045e+03 1.072799999999999955e+03 1.000000000000000000e+01
1.168799999999999955e+03 1.072200000000000045e+03 1.000000000000000000e+01
1.169200000000000045e+03 1.071400000000000091e+03 1.000000000000000000e+01
1.169799999999999955e+03 1.070799999999999955e+03 1.000000000000000000e+01
1.170200000000000045e+03 1.070200000000000045e+03 1.000000000000000000e+01
1.170599999999999909e+03 1.069599999999999909e+03 1.000000000000000000e+01
1.170799999999999955e+03 1.068799999999999955e+03 1.000000000000000000e+01
1.171000000000000000e+03 1.068000000000000000e+03 1.000000000000000000e+01
1.171000000000000000e+03 1.067000000000000000e+03 1.000000000000000000e+01
1.171000000000000000e+03 1.066000000000000000e+03 1.000000000000000000e+01
1.171000000000000000e+03 1.065000000000000000e+03 1.000000000000000000e+01
1.171000000000000000e+03 1.064000000000000000e+03 1.000000000000000000e+01
1.171200000000000045e+03 1.063200000000000045e+03 1.000000000000000000e+01
1.171400000000000091e+03 1.062400000000000091e+03 1.000000000000000000e+01
1.171799999999999955e+03 1.061799999999999955e+03 1.000000000000000000e+01
1.172200000000000045e+03 1.061200000000000045e+03 1.000000000000000000e+01
1.172799999999999955e+03 1.060799999999999955e+03 1.000000000000000000e+01
1.173599999999999909e+03 1.060200000000000045e+03 9.000000000000000000e+00
1.174400000000000091e+03 1.059599999999999909e+03 9.000000000000000000e+00
1.174799999999999955e+03 1.059200000000000045e+03 9.000000000000000000e+00
1.175250000000000000e+03 1.059000000000000000e+03 9.000000000000000000e+00
