3.628000000000000114e+02 7.742000000000000455e+02 1.700000000000000000e+01
3.631999999999999886e+02 7.747999999999999545e+02 1.700000000000000000e+01
3.638000000000000114e+02 7.753999999999999773e+02 1.700000000000000000e+01
3.641999999999999886e+02 7.762000000000000455e+02 1.700000000000000000e+01
3.648000000000000114e+02 7.767999999999999545e+02 1.700000000000000000e+01
3.651999999999999886e+02 7.776000000000000227e+02 1.700000000000000000e+01
3.658000000000000114e+02 7.782000000000000455e+02 1.700000000000000000e+01
3.661999999999999886e+02 7.787999999999999545e+02 1.700000000000000000e+01
3.668000000000000114e+02 7.792000000000000455e+02 1.700000000000000000e+01
3.671999999999999886e+02 7.797999999999999545e+02 1.700000000000000000e+01
3.678000000000000114e+02 7.802000000000000455e+02 1.600000000000000000e+01
3.681999999999999886e+02 7.807999999999999545e+02 1.600000000000000000e+01
3.688000000000000114e+02 7.813999999999999773e+02 1.600000000000000000e+01
3.691999999999999886e+02 7.822000000000000455e+02 1.600000000000000000e+01
3.698000000000000114e+02 7.827999999999999545e+02 1.600000000000000000e+01
3.701999999999999886e+02 7.836000000000000227e+02 1.600000000000000000e+01
3.706000000000000227e+02 7.843999999999999773e+02 1.600000000000000000e+01
3.710000000000000000e+02 7.850000000000000000e+02 1.600000000000000000e+01
3.713999999999999773e+02 7.856000000000000227e+02 1.600000000000000000e+01
3.716000000000000227e+02 7.863999999999999773e+02 1.600000000000000000e+01
3.720000000000000000e+02 7.870000000000000000e+02 1.600000000000000000e+01
3.723999999999999773e+02 7.876000000000000227e+02 1.600000000000000000e+01
3.726000000000000227e+02 7.883999999999999773e+02 1.600000000000000000e+01
3.730000000000000000e+02 7.890000000000000000e+02 1.600000000000000000e+01
3.733999999999999773e+02 7.896000000000000227e+02 1.600000000000000000e+01
3.736000000000000227e+02 7.903999999999999773e+02 1.600000000000000000e+01
3.740000000000000000e+02 7.910000000000000000e+02 1.600000000000000000e+01
3.743999999999999773e+02 7.916000000000000227e+02 1.600000000000000000e+01
3.746000000000000227e+02 7.923999999999999773e+02 1.600000000000000000e+01
3.750000000000000000e+02 7.930000000000000000e+02 1.600000000000000000e+01
3.753999999999999773e+02 7.936000000000000227e+02 1.600000000000000000e+01
3.758000000000000114e+02 7.943999999999999773e+02 1.600000000000000000e+01
3.761999999999999886e+02 7.952000000000000455e+02 1.600000000000000000e+01
3.768000000000000114e+02 7.957999999999999545e+02 1.600000000000000000e+01
3.771999999999999886e+02 7.966000000000000227e+02 1.600000000000000000e+01
3.778000000000000114e+02 7.972000000000000455e+02 1.600000000000000000e+01
3.783999999999999773e+02 7.977999999999999545e+02 1.600000000000000000e+01
3.791999999999999886e+02 7.982000000000000455e+02 1.600000000000000000e+01
3.800000000000000000e+02 7.987999999999999545e+02 1.600000000000000000e+01
3.810000000000000000e+02 7.992000000000000455e+02 1.600000000000000000e+01
3.820000000000000000e+02 7.996000000000000227e+02 1.600000000000000000e+01
3.828000000000000114e+02 7.997999999999999545e+02 1.600000000000000000e+01
3.836000000000000227e+02 8.000000000000000000e+02 1.700000000000000000e+01
3.841999999999999886e+02 8.002000000000000455e+02 1.700000000000000000e+01
3.848000000000000114e+02 8.003999999999999773e+02 1.700000000000000000e+01
3.853999999999999773e+02 8.006000000000000227e+02 1.700000000000000000e+01
3.861999999999999886e+02 8.007999999999999545e+02 1.700000000000000000e+01
3.870000000000000000e+02 8.012000000000000455e+02 1.700000000000000000e+01
3.880000000000000000e+02 8.013999999999999773e+02 1.700000000000000000e+01
3.890000000000000000e+02 8.017999999999999545e+02 1.700000000000000000e+01
3.900000000000000000e+02 8.022000000000000455e+02 1.700000000000000000e+01
3.908000000000000114e+02 8.027999999999999545e+02 1.700000000000000000e+01
3.916000000000000227e+02 8.032000000000000455e+02 1.700000000000000000e+01
3.923999999999999773e+02 8.036000000000000227e+02 1.700000000000000000e+01
3.930000000000000000e+02 8.040000000000000000e+02 1.700000000000000000e+01
3.936000000000000227e+02 8.043999999999999773e+02 1.700000000000000000e+01
3.941999999999999886e+02 8.047999999999999545e+02 1.700000000000000000e+01
3.948000000000000114e+02 8.052000000000000455e+02 1.700000000000000000e+01
3.953999999999999773e+02 8.057999999999999545e+02 1.700000000000000000e+01
3.961999999999999886e+02 8.063999999999999773e+02 1.700000000000000000e+01
3.970000000000000000e+02 8.070000000000000000e+02 1.700000000000000000e+01
3.978000000000000114e+02 8.076000000000000227e+02 1.700000000000000000e+01
3.986000000000000227e+02 8.082000000000000455e+02 1.700000000000000000e+01
3.991999999999999886e+02 8.087999999999999545e+02 1.800000000000000000e+01
3.998000000000000114e+02 8.092000000000000455e+02 1.800000000000000000e+01
4.001999999999999886e+02 8.097999999999999545e+02 1.800000000000000000e+01
4.008000000000000114e+02 8.102000000000000455e+02 1.800000000000000000e+01
4.011999999999999886e+02 8.107999999999999545e+02 1.800000000000000000e+01
4.018000000000000114e+02 8.112000000000000455e+02 1.800000000000000000e+01
4.023999999999999773e+02 8.117999999999999545e+02 1.800000000000000000e+01
4.031999999999999886e+02 8.122000000000000455e+02 1.800000000000000000e+01
4.038000000000000114e+02 8.127999999999999545e+02 1.800000000000000000e+01
4.046000000000000227e+02 8.132000000000000455e+02 1.800000000000000000e+01
4.053999999999999773e+02 8.137999999999999545e+02 1.800000000000000000e+01
4.061999999999999886e+02 8.142000000000000455e+02 1.800000000000000000e+01
4.070000000000000000e+02 8.147999999999999545e+02 1.800000000000000000e+01
4.080000000000000000e+02 8.152000000000000455e+02 1.800000000000000000e+01
4.090000000000000000e+02 8.156000000000000227e+02 1.800000000000000000e+01
4.100000000000000000e+02 8.157999999999999545e+02 1.800000000000000000e+01
4.110000000000000000e+02 8.160000000000000000e+02 1.800000000000000000e+01
4.120000000000000000e+02 8.160000000000000000e+02 1.800000000000000000e+01
4.125000000000000000e+02 8.160000000000000000e+02 1.800000000000000000e+01
