1.192000000000000000e+03 1.132000000000000000e+03 1.500000000000000000e+01
1.191599999999999909e+03 1.132599999999999909e+03 1.500000000000000000e+01
1.191400000000000091e+03 1.133400000000000091e+03 1.500000000000000000e+01
1.191200000000000045e+03 1.134200000000000045e+03 1.500000000000000000e+01
1.190799999999999955e+03 1.134799999999999955e+03 1.500000000000000000e+01
1.190599999999999909e+03 1.135599999999999909e+03 1.500000000000000000e+01
1.190400000000000091e+03 1.136400000000000091e+03 1.500000000000000000e+01
1.190200000000000045e+03 1.137200000000000045e+03 1.500000000000000000e+01
1.190000000000000000e+03 1.138000000000000000e+03 1.500000000000000000e+01
1.190000000000000000e+03 1.139000000000000000e+03 1.500000000000000000e+01
1.190000000000000000e+03 1.140000000000000000e+03 1.500000000000000000e+01
1.190000000000000000e+03 1.141000000000000000e+03 1.500000000000000000e+01
1.190000000000000000e+03 1.142000000000000000e+03 1.500000000000000000e+01
1.189799999999999955e+03 1.142799999999999955e+03 1.500000000000000000e+01
1.189599999999999909e+03 1.143599999999999909e+03 1.500000000000000000e+01
1.189400000000000091e+03 1.144400000000000091e+03 1.500000000000000000e+01
1.189200000000000045e+03 1.145200000000000045e+03 1.400000000000000000e+01
1.188799999999999955e+03 1.145799999999999955e+03 1.400000000000000000e+01
1.188599999999999909e+03 1.146599999999999909e+03 1.400000000000000000e+01
1.188200000000000045e+03 1.147200000000000045e+03 1.400000000000000000e+01
1.187799999999999955e+03 1.147799999999999955e+03 1.400000000000000000e+01
1.187200000000000045e+03 1.148200000000000045e+03 1.400000000000000000e+01
1.186799999999999955e+03 1.148799999999999955e+03 1.400000000000000000e+01
1.186400000000000091e+03 1.149400000000000091e+03 1.400000000000000000e+01
1.186000000000000000e+03 1.150000000000000000e+03 1.400000000000000000e+01
1.185599999999999909e+03 1.150599999999999909e+03 1.400000000000000000e+01
1.185400000000000091e+03 1.151400000000000091e+03 1.400000000000000000e+01
1.185000000000000000e+03 1.152000000000000000e+03 1.400000000000000000e+01
1.184599999999999909e+03 1.152599999999999909e+03 1.400000000000000000e+01
1.184400000000000091e+03 1.153400000000000091e+03 1.400000000000000000e+01
1.184000000000000000e+03 1.154000000000000000e+03 1.400000000000000000e+01
1.183599999999999909e+03 1.154599999999999909e+03 1.400000000000000000e+01
1.183400000000000091e+03 1.155400000000000091e+03 1.400000000000000000e+01
1.183200000000000045e+03 1.156200000000000045e+03 1.400000000000000000e+01
1.183000000000000000e+03 1.157000000000000000e+03 1.400000000000000000e+01
1.182799999999999955e+03 1.157799999999999955e+03 1.400000000000000000e+01
1.182599999999999909e+03 1.158599999999999909e+03 1.400000000000000000e+01
1.182400000000000091e+03 1.159400000000000091e+03 1.400000000000000000e+01
1.182250000000000000e+03 1.159750000000000000e+03 1.400000000000000000e+01
