1.220000000000000000e+03 9.363999999999999773e+02 7.000000000000000000e+00
1.220400000000000091e+03 9.360000000000000000e+02 7.000000000000000000e+00
1.220799999999999955e+03 9.356000000000000227e+02 7.000000000000000000e+00
1.221200000000000045e+03 9.352000000000000455e+02 7.000000000000000000e+00
1.221799999999999955e+03 9.347999999999999545e+02 7.000000000000000000e+00
1.222200000000000045e+03 9.342000000000000455e+02 7.000000000000000000e+00
1.222799999999999955e+03 9.337999999999999545e+02 7.000000000000000000e+00
1.223200000000000045e+03 9.332000000000000455e+02 7.000000000000000000e+00
1.223799999999999955e+03 9.327999999999999545e+02 7.000000000000000000e+00
1.224200000000000045e+03 9.322000000000000455e+02 7.000000000000000000e+00
1.224799999999999955e+03 9.317999999999999545e+02 7.000000000000000000e+00
1.225200000000000045e+03 9.312000000000000455e+02 7.000000000000000000e+00
1.225799999999999955e+03 9.307999999999999545e+02 7.000000000000000000e+00
1.226200000000000045e+03 9.302000000000000455e+02 7.000000000000000000e+00
1.226799999999999955e+03 9.297999999999999545e+02 7.000000000000000000e+00
1.227400000000000091e+03 9.293999999999999773e+02 7.000000000000000000e+00
1.228000000000000000e+03 9.290000000000000000e+02 7.000000000000000000e+00
1.228599999999999909e+03 9.286000000000000227e+02 7.000000000000000000e+00
1.229400000000000091e+03 9.283999999999999773e+02 7.000000000000000000e+00
1.230000000000000000e+03 9.280000000000000000e+02 7.000000000000000000e+00
1.230599999999999909e+03 9.276000000000000227e+02 7.000000000000000000e+00
1.231400000000000091e+03 9.273999999999999773e+02 7.000000000000000000e+00
1.232200000000000045e+03 9.272000000000000455e+02 7.000000000000000000e+00
1.232799999999999955e+03 9.267999999999999545e+02 7.000000000000000000e+00
1.233599999999999909e+03 9.266000000000000227e+02 7.000000000000000000e+00
1.234400000000000091e+03 9.263999999999999773e+02 7.000000000000000000e+00
1.235200000000000045e+03 9.262000000000000455e+02 7.000000000000000000e+00
1.235799999999999955e+03 9.260000000000000000e+02 8.000000000000000000e+00
1.236599999999999909e+03 9.260000000000000000e+02 7.000000000000000000e+00
1.237400000000000091e+03 9.260000000000000000e+02 8.000000000000000000e+00
1.238200000000000045e+03 9.257999999999999545e+02 8.000000000000000000e+00
1.239000000000000000e+03 9.256000000000000227e+02 8.000000000000000000e+00
1.240000000000000000e+03 9.253999999999999773e+02 8.000000000000000000e+00
1.241000000000000000e+03 9.252000000000000455e+02 8.000000000000000000e+00
1.242000000000000000e+03 9.250000000000000000e+02 8.000000000000000000e+00
1.243000000000000000e+03 9.250000000000000000e+02 8.000000000000000000e+00
1.244000000000000000e+03 9.250000000000000000e+02 8.000000000000000000e+00
1.245000000000000000e+03 9.250000000000000000e+02 8.000000000000000000e+00
1.246000000000000000e+03 9.247999999999999545e+02 8.000000000000000000e+00
1.246799999999999955e+03 9.243999999999999773e+02 7.000000000000000000e+00
1.247599999999999909e+03 9.237999999999999545e+02 7.000000000000000000e+00
1.248200000000000045e+03 9.230000000000000000e+02 7.000000000000000000e+00
1.248799999999999955e+03 9.222000000000000455e+02 7.000000000000000000e+00
1.249200000000000045e+03 9.213999999999999773e+02 7.000000000000000000e+00
1.249799999999999955e+03 9.206000000000000227e+02 7.000000000000000000e+00
1.250200000000000045e+03 9.197999999999999545e+02 7.000000000000000000e+00
1.250799999999999955e+03 9.192000000000000455e+02 7.000000000000000000e+00
1.251200000000000045e+03 9.183999999999999773e+02 7.000000000000000000e+00
1.251799999999999955e+03 9.177999999999999545e+02 7.000000000000000000e+00
1.252200000000000045e+03 9.172000000000000455e+02 7.000000000000000000e+00
1.252799999999999955e+03 9.167999999999999545e+02 7.000000000000000000e+00
1.253200000000000045e+03 9.162000000000000455e+02 7.000000000000000000e+00
1.253799999999999955e+03 9.157999999999999545e+02 7.000000000000000000e+00
1.254200000000000045e+03 9.153999999999999773e+02 7.000000000000000000e+00
1.254500000000000000e+03 9.152500000000000000e+02 8.000000000000000000e+00
