8.227999999999999545e+02 7.607999999999999545e+02 1.800000000000000000e+01
8.232000000000000455e+02 7.602000000000000455e+02 1.800000000000000000e+01
8.237999999999999545e+02 7.597999999999999545e+02 1.800000000000000000e+01
8.242000000000000455e+02 7.592000000000000455e+02 1.800000000000000000e+01
8.246000000000000227e+02 7.586000000000000227e+02 1.800000000000000000e+01
8.247999999999999545e+02 7.577999999999999545e+02 1.800000000000000000e+01
8.252000000000000455e+02 7.572000000000000455e+02 1.800000000000000000e+01
8.253999999999999773e+02 7.563999999999999773e+02 1.800000000000000000e+01
8.256000000000000227e+02 7.556000000000000227e+02 1.800000000000000000e+01
8.257999999999999545e+02 7.547999999999999545e+02 1.800000000000000000e+01
8.260000000000000000e+02 7.540000000000000000e+02 1.800000000000000000e+01
8.260000000000000000e+02 7.530000000000000000e+02 1.800000000000000000e+01
8.262000000000000455e+02 7.522000000000000455e+02 1.800000000000000000e+01
8.263999999999999773e+02 7.513999999999999773e+02 1.800000000000000000e+01
8.266000000000000227e+02 7.506000000000000227e+02 1.800000000000000000e+01
8.267999999999999545e+02 7.497999999999999545e+02 1.800000000000000000e+01
8.270000000000000000e+02 7.490000000000000000e+02 1.800000000000000000e+01
8.270000000000000000e+02 7.480000000000000000e+02 1.800000000000000000e+01
8.270000000000000000e+02 7.470000000000000000e+02 1.800000000000000000e+01
8.272000000000000455e+02 7.462000000000000455e+02 1.800000000000000000e+01
8.273999999999999773e+02 7.453999999999999773e+02 1.800000000000000000e+01
8.276000000000000227e+02 7.446000000000000227e+02 1.800000000000000000e+01
8.280000000000000000e+02 7.440000000000000000e+02 1.800000000000000000e+01
8.283999999999999773e+02 7.433999999999999773e+02 1.800000000000000000e+01
8.287999999999999545e+02 7.426000000000000227e+02 1.800000000000000000e+01
8.293999999999999773e+02 7.420000000000000000e+02 1.800000000000000000e+01
8.300000000000000000e+02 7.413999999999999773e+02 1.800000000000000000e+01
8.306000000000000227e+02 7.407999999999999545e+02 1.800000000000000000e+01
8.313999999999999773e+02 7.402000000000000455e+02 1.800000000000000000e+01
8.322000000000000455e+02 7.397999999999999545e+02 1.800000000000000000e+01
8.330000000000000000e+02 7.393999999999999773e+02 1.800000000000000000e+01
8.337999999999999545e+02 7.390000000000000000e+02 1.800000000000000000e+01
8.346000000000000227e+02 7.386000000000000227e+02 1.800000000000000000e+01
8.350000000000000000e+02 7.385000000000000000e+02 1.800000000000000000e+01
