1.315799999999999955e+03 1.684599999999999909e+03 2.100000000000000000e+01
1.316200000000000045e+03 1.683799999999999955e+03 2.100000000000000000e+01
1.316799999999999955e+03 1.683200000000000045e+03 2.100000000000000000e+01
1.317200000000000045e+03 1.682400000000000091e+03 2.100000000000000000e+01
1.317799999999999955e+03 1.681799999999999955e+03 2.100000000000000000e+01
1.318200000000000045e+03 1.681200000000000045e+03 2.100000000000000000e+01
1.318799999999999955e+03 1.680599999999999909e+03 2.100000000000000000e+01
1.319200000000000045e+03 1.679799999999999955e+03 2.100000000000000000e+01
1.319799999999999955e+03 1.679200000000000045e+03 2.100000000000000000e+01
1.320200000000000045e+03 1.678400000000000091e+03 2.100000000000000000e+01
1.320799999999999955e+03 1.677799999999999955e+03 2.100000000000000000e+01
1.321200000000000045e+03 1.677200000000000045e+03 2.100000000000000000e+01
1.321799999999999955e+03 1.676599999999999909e+03 2.200000000000000000e+01
1.322200000000000045e+03 1.675799999999999955e+03 2.200000000000000000e+01
1.322799999999999955e+03 1.675200000000000045e+03 2.200000000000000000e+01
1.323200000000000045e+03 1.674599999999999909e+03 2.200000000000000000e+01
1.323599999999999909e+03 1.674000000000000000e+03 2.300000000000000000e+01
1.324000000000000000e+03 1.673599999999999909e+03 2.300000000000000000e+01
1.324250000000000000e+03 1.673500000000000000e+03 2.300000000000000000e+01
