4.721999999999999886e+02 2.491999999999999886e+02 1.100000000000000000e+01
4.723999999999999773e+02 2.484000000000000057e+02 1.100000000000000000e+01
4.726000000000000227e+02 2.475999999999999943e+02 1.100000000000000000e+01
4.728000000000000114e+02 2.468000000000000114e+02 1.100000000000000000e+01
4.731999999999999886e+02 2.460000000000000000e+02 1.100000000000000000e+01
4.733999999999999773e+02 2.450000000000000000e+02 1.100000000000000000e+01
4.736000000000000227e+02 2.440000000000000000e+02 1.100000000000000000e+01
4.740000000000000000e+02 2.431999999999999886e+02 1.100000000000000000e+01
4.743999999999999773e+02 2.424000000000000057e+02 1.100000000000000000e+01
4.746000000000000227e+02 2.415999999999999943e+02 1.100000000000000000e+01
4.750000000000000000e+02 2.410000000000000000e+02 1.100000000000000000e+01
4.753999999999999773e+02 2.404000000000000057e+02 1.100000000000000000e+01
4.758000000000000114e+02 2.398000000000000114e+02 1.100000000000000000e+01
4.760000000000000000e+02 2.395000000000000000e+02 1.100000000000000000e+01
