2.951999999999999886e+02 4.238000000000000114e+02 7.000000000000000000e+00
2.958000000000000114e+02 4.241999999999999886e+02 7.000000000000000000e+00
2.961999999999999886e+02 4.248000000000000114e+02 7.000000000000000000e+00
2.968000000000000114e+02 4.251999999999999886e+02 7.000000000000000000e+00
2.973999999999999773e+02 4.256000000000000227e+02 7.000000000000000000e+00
2.980000000000000000e+02 4.260000000000000000e+02 7.000000000000000000e+00
2.986000000000000227e+02 4.263999999999999773e+02 7.000000000000000000e+00
2.991999999999999886e+02 4.268000000000000114e+02 7.000000000000000000e+00
2.998000000000000114e+02 4.271999999999999886e+02 7.000000000000000000e+00
3.003999999999999773e+02 4.278000000000000114e+02 7.000000000000000000e+00
3.011999999999999886e+02 4.281999999999999886e+02 7.000000000000000000e+00
3.018000000000000114e+02 4.288000000000000114e+02 7.000000000000000000e+00
3.026000000000000227e+02 4.291999999999999886e+02 7.000000000000000000e+00
3.033999999999999773e+02 4.296000000000000227e+02 7.000000000000000000e+00
3.040000000000000000e+02 4.300000000000000000e+02 7.000000000000000000e+00
3.046000000000000227e+02 4.303999999999999773e+02 7.000000000000000000e+00
3.053999999999999773e+02 4.306000000000000227e+02 7.000000000000000000e+00
3.060000000000000000e+02 4.310000000000000000e+02 7.000000000000000000e+00
3.066000000000000227e+02 4.313999999999999773e+02 7.000000000000000000e+00
3.073999999999999773e+02 4.316000000000000227e+02 7.000000000000000000e+00
3.081999999999999886e+02 4.320000000000000000e+02 7.000000000000000000e+00
3.090000000000000000e+02 4.323999999999999773e+02 7.000000000000000000e+00
3.100000000000000000e+02 4.326000000000000227e+02 7.000000000000000000e+00
3.110000000000000000e+02 4.330000000000000000e+02 7.000000000000000000e+00
3.120000000000000000e+02 4.333999999999999773e+02 7.000000000000000000e+00
3.130000000000000000e+02 4.336000000000000227e+02 7.000000000000000000e+00
3.138000000000000114e+02 4.340000000000000000e+02 7.000000000000000000e+00
3.146000000000000227e+02 4.343999999999999773e+02 7.000000000000000000e+00
3.153999999999999773e+02 4.348000000000000114e+02 7.000000000000000000e+00
3.161999999999999886e+02 4.351999999999999886e+02 7.000000000000000000e+00
3.168000000000000114e+02 4.358000000000000114e+02 7.000000000000000000e+00
3.176000000000000227e+02 4.361999999999999886e+02 7.000000000000000000e+00
3.183999999999999773e+02 4.368000000000000114e+02 7.000000000000000000e+00
3.191999999999999886e+02 4.371999999999999886e+02 7.000000000000000000e+00
3.198000000000000114e+02 4.378000000000000114e+02 7.000000000000000000e+00
3.206000000000000227e+02 4.381999999999999886e+02 8.000000000000000000e+00
3.211999999999999886e+02 4.388000000000000114e+02 8.000000000000000000e+00
3.218000000000000114e+02 4.391999999999999886e+02 8.000000000000000000e+00
3.221999999999999886e+02 4.398000000000000114e+02 8.000000000000000000e+00
3.228000000000000114e+02 4.401999999999999886e+02 8.000000000000000000e+00
3.231999999999999886e+02 4.408000000000000114e+02 8.000000000000000000e+00
3.238000000000000114e+02 4.413999999999999773e+02 8.000000000000000000e+00
3.243999999999999773e+02 4.421999999999999886e+02 8.000000000000000000e+00
3.251999999999999886e+02 4.430000000000000000e+02 8.000000000000000000e+00
3.258000000000000114e+02 4.440000000000000000e+02 8.000000000000000000e+00
3.266000000000000227e+02 4.448000000000000114e+02 8.000000000000000000e+00
3.271999999999999886e+02 4.456000000000000227e+02 8.000000000000000000e+00
3.278000000000000114e+02 4.463999999999999773e+02 8.000000000000000000e+00
3.281999999999999886e+02 4.470000000000000000e+02 8.000000000000000000e+00
3.286000000000000227e+02 4.476000000000000227e+02 9.000000000000000000e+00
3.290000000000000000e+02 4.483999999999999773e+02 9.000000000000000000e+00
3.293999999999999773e+02 4.491999999999999886e+02 9.000000000000000000e+00
3.296000000000000227e+02 4.500000000000000000e+02 9.000000000000000000e+00
3.300000000000000000e+02 4.508000000000000114e+02 9.000000000000000000e+00
3.303999999999999773e+02 4.516000000000000227e+02 9.000000000000000000e+00
3.306000000000000227e+02 4.523999999999999773e+02 9.000000000000000000e+00
3.308000000000000114e+02 4.531999999999999886e+02 9.000000000000000000e+00
3.310000000000000000e+02 4.540000000000000000e+02 9.000000000000000000e+00
3.310000000000000000e+02 4.550000000000000000e+02 9.000000000000000000e+00
3.311999999999999886e+02 4.560000000000000000e+02 9.000000000000000000e+00
3.313999999999999773e+02 4.570000000000000000e+02 9.000000000000000000e+00
3.316000000000000227e+02 4.580000000000000000e+02 9.000000000000000000e+00
3.318000000000000114e+02 4.590000000000000000e+02 9.000000000000000000e+00
3.320000000000000000e+02 4.600000000000000000e+02 9.000000000000000000e+00
3.320000000000000000e+02 4.610000000000000000e+02 9.000000000000000000e+00
3.320000000000000000e+02 4.620000000000000000e+02 9.000000000000000000e+00
3.320000000000000000e+02 4.630000000000000000e+02 9.000000000000000000e+00
3.320000000000000000e+02 4.640000000000000000e+02 9.000000000000000000e+00
3.320000000000000000e+02 4.650000000000000000e+02 9.000000000000000000e+00
3.320000000000000000e+02 4.660000000000000000e+02 9.000000000000000000e+00
3.320000000000000000e+02 4.668000000000000114e+02 9.000000000000000000e+00
3.320000000000000000e+02 4.676000000000000227e+02 1.000000000000000000e+01
3.318000000000000114e+02 4.681999999999999886e+02 1.000000000000000000e+01
3.316000000000000227e+02 4.688000000000000114e+02 1.000000000000000000e+01
3.313999999999999773e+02 4.693999999999999773e+02 1.000000000000000000e+01
3.311999999999999886e+02 4.701999999999999886e+02 1.000000000000000000e+01
3.308000000000000114e+02 4.708000000000000114e+02 1.000000000000000000e+01
3.306000000000000227e+02 4.716000000000000227e+02 1.000000000000000000e+01
3.303999999999999773e+02 4.723999999999999773e+02 1.000000000000000000e+01
3.300000000000000000e+02 4.730000000000000000e+02 1.000000000000000000e+01
3.296000000000000227e+02 4.736000000000000227e+02 1.000000000000000000e+01
3.293999999999999773e+02 4.743999999999999773e+02 1.000000000000000000e+01
3.290000000000000000e+02 4.751999999999999886e+02 1.000000000000000000e+01
3.286000000000000227e+02 4.761999999999999886e+02 1.000000000000000000e+01
3.283999999999999773e+02 4.773999999999999773e+02 1.000000000000000000e+01
3.281999999999999886e+02 4.786000000000000227e+02 1.000000000000000000e+01
3.280000000000000000e+02 4.798000000000000114e+02 1.000000000000000000e+01
3.280000000000000000e+02 4.810000000000000000e+02 1.000000000000000000e+01
3.280000000000000000e+02 4.820000000000000000e+02 1.000000000000000000e+01
3.281999999999999886e+02 4.828000000000000114e+02 1.000000000000000000e+01
3.283999999999999773e+02 4.836000000000000227e+02 1.000000000000000000e+01
3.286000000000000227e+02 4.843999999999999773e+02 1.000000000000000000e+01
3.288000000000000114e+02 4.851999999999999886e+02 1.000000000000000000e+01
3.291999999999999886e+02 4.858000000000000114e+02 1.000000000000000000e+01
3.293999999999999773e+02 4.868000000000000114e+02 1.000000000000000000e+01
3.298000000000000114e+02 4.876000000000000227e+02 1.000000000000000000e+01
3.301999999999999886e+02 4.883999999999999773e+02 1.000000000000000000e+01
3.306000000000000227e+02 4.891999999999999886e+02 1.000000000000000000e+01
3.310000000000000000e+02 4.901999999999999886e+02 1.000000000000000000e+01
3.313999999999999773e+02 4.910000000000000000e+02 1.000000000000000000e+01
3.318000000000000114e+02 4.920000000000000000e+02 1.000000000000000000e+01
3.321999999999999886e+02 4.930000000000000000e+02 1.000000000000000000e+01
3.326000000000000227e+02 4.940000000000000000e+02 1.000000000000000000e+01
3.330000000000000000e+02 4.948000000000000114e+02 1.000000000000000000e+01
3.333999999999999773e+02 4.956000000000000227e+02 1.000000000000000000e+01
3.338000000000000114e+02 4.963999999999999773e+02 1.000000000000000000e+01
3.341999999999999886e+02 4.971999999999999886e+02 1.000000000000000000e+01
3.348000000000000114e+02 4.978000000000000114e+02 1.000000000000000000e+01
3.351999999999999886e+02 4.986000000000000227e+02 1.000000000000000000e+01
3.358000000000000114e+02 4.993999999999999773e+02 1.000000000000000000e+01
3.361999999999999886e+02 5.001999999999999886e+02 1.000000000000000000e+01
3.365000000000000000e+02 5.005000000000000000e+02 1.000000000000000000e+01
