1.149799999999999955e+03 1.526599999999999909e+03 1.400000000000000000e+01
1.150200000000000045e+03 1.525799999999999955e+03 1.400000000000000000e+01
1.150799999999999955e+03 1.525200000000000045e+03 1.400000000000000000e+01
1.151200000000000045e+03 1.524400000000000091e+03 1.400000000000000000e+01
1.151799999999999955e+03 1.523799999999999955e+03 1.400000000000000000e+01
1.152200000000000045e+03 1.523200000000000045e+03 1.400000000000000000e+01
1.152799999999999955e+03 1.522799999999999955e+03 1.400000000000000000e+01
1.153200000000000045e+03 1.522200000000000045e+03 1.400000000000000000e+01
1.153799999999999955e+03 1.521799999999999955e+03 1.400000000000000000e+01
1.154400000000000091e+03 1.521400000000000091e+03 1.400000000000000000e+01
1.155000000000000000e+03 1.521000000000000000e+03 1.400000000000000000e+01
1.155599999999999909e+03 1.520599999999999909e+03 1.400000000000000000e+01
1.156400000000000091e+03 1.520400000000000091e+03 1.400000000000000000e+01
1.157200000000000045e+03 1.520200000000000045e+03 1.400000000000000000e+01
1.158000000000000000e+03 1.520000000000000000e+03 1.400000000000000000e+01
1.159000000000000000e+03 1.520000000000000000e+03 1.400000000000000000e+01
1.160000000000000000e+03 1.520000000000000000e+03 1.400000000000000000e+01
1.161000000000000000e+03 1.520000000000000000e+03 1.400000000000000000e+01
1.162000000000000000e+03 1.520000000000000000e+03 1.400000000000000000e+01
1.162799999999999955e+03 1.520200000000000045e+03 1.400000000000000000e+01
1.163599999999999909e+03 1.520400000000000091e+03 1.400000000000000000e+01
1.164400000000000091e+03 1.520599999999999909e+03 1.400000000000000000e+01
1.165200000000000045e+03 1.520799999999999955e+03 1.400000000000000000e+01
1.166000000000000000e+03 1.521000000000000000e+03 1.400000000000000000e+01
1.167000000000000000e+03 1.521000000000000000e+03 1.400000000000000000e+01
1.167799999999999955e+03 1.521200000000000045e+03 1.400000000000000000e+01
1.168599999999999909e+03 1.521400000000000091e+03 1.400000000000000000e+01
1.169400000000000091e+03 1.521599999999999909e+03 1.400000000000000000e+01
1.170200000000000045e+03 1.521799999999999955e+03 1.400000000000000000e+01
1.171000000000000000e+03 1.522000000000000000e+03 1.400000000000000000e+01
1.172000000000000000e+03 1.522000000000000000e+03 1.400000000000000000e+01
1.173200000000000045e+03 1.522000000000000000e+03 1.400000000000000000e+01
1.174400000000000091e+03 1.522000000000000000e+03 1.500000000000000000e+01
1.175599999999999909e+03 1.522000000000000000e+03 1.500000000000000000e+01
1.176799999999999955e+03 1.522000000000000000e+03 1.500000000000000000e+01
1.177500000000000000e+03 1.522000000000000000e+03 1.500000000000000000e+01
