1.179799999999999955e+03 1.732400000000000091e+03 9.000000000000000000e+00
1.180599999999999909e+03 1.731799999999999955e+03 9.000000000000000000e+00
1.181200000000000045e+03 1.731200000000000045e+03 9.000000000000000000e+00
1.181799999999999955e+03 1.730799999999999955e+03 9.000000000000000000e+00
1.182400000000000091e+03 1.730400000000000091e+03 9.000000000000000000e+00
1.183000000000000000e+03 1.730000000000000000e+03 9.000000000000000000e+00
1.183599999999999909e+03 1.729599999999999909e+03 9.000000000000000000e+00
1.184400000000000091e+03 1.729200000000000045e+03 9.000000000000000000e+00
1.185200000000000045e+03 1.728799999999999955e+03 9.000000000000000000e+00
1.186000000000000000e+03 1.728400000000000091e+03 9.000000000000000000e+00
1.187000000000000000e+03 1.728200000000000045e+03 9.000000000000000000e+00
1.187799999999999955e+03 1.727799999999999955e+03 9.000000000000000000e+00
1.188599999999999909e+03 1.727599999999999909e+03 9.000000000000000000e+00
1.189400000000000091e+03 1.727400000000000091e+03 9.000000000000000000e+00
1.190200000000000045e+03 1.727200000000000045e+03 9.000000000000000000e+00
1.191000000000000000e+03 1.727000000000000000e+03 9.000000000000000000e+00
1.191500000000000000e+03 1.727000000000000000e+03 9.000000000000000000e+00
