1.040000000000000000e+03 1.715000000000000000e+03 1.300000000000000000e+01
1.040200000000000045e+03 1.714000000000000000e+03 1.300000000000000000e+01
1.040400000000000091e+03 1.713000000000000000e+03 1.300000000000000000e+01
1.040599999999999909e+03 1.712000000000000000e+03 1.300000000000000000e+01
1.040799999999999955e+03 1.711000000000000000e+03 1.300000000000000000e+01
1.041000000000000000e+03 1.710000000000000000e+03 1.300000000000000000e+01
1.041000000000000000e+03 1.709000000000000000e+03 1.300000000000000000e+01
1.041200000000000045e+03 1.708200000000000045e+03 1.300000000000000000e+01
1.041400000000000091e+03 1.707400000000000091e+03 1.300000000000000000e+01
1.041599999999999909e+03 1.706599999999999909e+03 1.300000000000000000e+01
1.041799999999999955e+03 1.705799999999999955e+03 1.300000000000000000e+01
1.042000000000000000e+03 1.705000000000000000e+03 1.300000000000000000e+01
1.042000000000000000e+03 1.704000000000000000e+03 1.300000000000000000e+01
1.042000000000000000e+03 1.703000000000000000e+03 1.300000000000000000e+01
1.042000000000000000e+03 1.702000000000000000e+03 1.300000000000000000e+01
1.042200000000000045e+03 1.701000000000000000e+03 1.300000000000000000e+01
1.042400000000000091e+03 1.700000000000000000e+03 1.300000000000000000e+01
1.042599999999999909e+03 1.699000000000000000e+03 1.300000000000000000e+01
1.042799999999999955e+03 1.698000000000000000e+03 1.300000000000000000e+01
1.043000000000000000e+03 1.697000000000000000e+03 1.300000000000000000e+01
1.043000000000000000e+03 1.696000000000000000e+03 1.300000000000000000e+01
1.043000000000000000e+03 1.695200000000000045e+03 1.400000000000000000e+01
1.043000000000000000e+03 1.694400000000000091e+03 1.300000000000000000e+01
1.043000000000000000e+03 1.693599999999999909e+03 1.300000000000000000e+01
1.043000000000000000e+03 1.692799999999999955e+03 1.300000000000000000e+01
1.043000000000000000e+03 1.692000000000000000e+03 1.300000000000000000e+01
1.043000000000000000e+03 1.691000000000000000e+03 1.300000000000000000e+01
1.043200000000000045e+03 1.690200000000000045e+03 1.300000000000000000e+01
1.043400000000000091e+03 1.689400000000000091e+03 1.200000000000000000e+01
1.043599999999999909e+03 1.688599999999999909e+03 1.200000000000000000e+01
1.043799999999999955e+03 1.687799999999999955e+03 1.200000000000000000e+01
1.044000000000000000e+03 1.687000000000000000e+03 1.200000000000000000e+01
1.044000000000000000e+03 1.686200000000000045e+03 1.200000000000000000e+01
1.044000000000000000e+03 1.685400000000000091e+03 1.100000000000000000e+01
1.044200000000000045e+03 1.684799999999999955e+03 1.100000000000000000e+01
1.044400000000000091e+03 1.684200000000000045e+03 1.100000000000000000e+01
1.044599999999999909e+03 1.683599999999999909e+03 1.100000000000000000e+01
1.044799999999999955e+03 1.682799999999999955e+03 1.100000000000000000e+01
1.045200000000000045e+03 1.682000000000000000e+03 1.100000000000000000e+01
1.045400000000000091e+03 1.681200000000000045e+03 1.100000000000000000e+01
1.045599999999999909e+03 1.680400000000000091e+03 1.000000000000000000e+01
1.046000000000000000e+03 1.679599999999999909e+03 1.000000000000000000e+01
1.046400000000000091e+03 1.678799999999999955e+03 1.000000000000000000e+01
1.046799999999999955e+03 1.678200000000000045e+03 1.000000000000000000e+01
1.047200000000000045e+03 1.677200000000000045e+03 1.000000000000000000e+01
1.047599999999999909e+03 1.676599999999999909e+03 1.000000000000000000e+01
1.047750000000000000e+03 1.676250000000000000e+03 1.000000000000000000e+01
