6.210000000000000000e+02 1.230000000000000000e+02 1.700000000000000000e+01
6.220000000000000000e+02 1.230000000000000000e+02 1.700000000000000000e+01
6.227999999999999545e+02 1.230000000000000000e+02 1.700000000000000000e+01
6.236000000000000227e+02 1.227999999999999972e+02 1.800000000000000000e+01
6.243999999999999773e+02 1.225999999999999943e+02 1.800000000000000000e+01
6.252000000000000455e+02 1.222000000000000028e+02 1.800000000000000000e+01
6.260000000000000000e+02 1.217999999999999972e+02 1.800000000000000000e+01
6.270000000000000000e+02 1.212000000000000028e+02 1.800000000000000000e+01
6.280000000000000000e+02 1.207999999999999972e+02 1.800000000000000000e+01
6.287999999999999545e+02 1.202000000000000028e+02 1.800000000000000000e+01
6.296000000000000227e+02 1.197999999999999972e+02 1.800000000000000000e+01
6.303999999999999773e+02 1.194000000000000057e+02 1.800000000000000000e+01
6.310000000000000000e+02 1.190000000000000000e+02 1.800000000000000000e+01
6.316000000000000227e+02 1.185999999999999943e+02 1.800000000000000000e+01
6.323999999999999773e+02 1.184000000000000057e+02 1.800000000000000000e+01
6.330000000000000000e+02 1.180000000000000000e+02 1.800000000000000000e+01
6.336000000000000227e+02 1.175999999999999943e+02 1.800000000000000000e+01
6.343999999999999773e+02 1.174000000000000057e+02 1.800000000000000000e+01
6.352000000000000455e+02 1.172000000000000028e+02 1.800000000000000000e+01
6.357999999999999545e+02 1.167999999999999972e+02 1.800000000000000000e+01
6.366000000000000227e+02 1.165999999999999943e+02 1.800000000000000000e+01
6.373999999999999773e+02 1.164000000000000057e+02 1.800000000000000000e+01
6.382000000000000455e+02 1.162000000000000028e+02 1.800000000000000000e+01
6.390000000000000000e+02 1.160000000000000000e+02 1.800000000000000000e+01
6.400000000000000000e+02 1.160000000000000000e+02 1.800000000000000000e+01
6.410000000000000000e+02 1.157999999999999972e+02 1.800000000000000000e+01
6.420000000000000000e+02 1.155999999999999943e+02 1.800000000000000000e+01
6.430000000000000000e+02 1.154000000000000057e+02 1.800000000000000000e+01
6.440000000000000000e+02 1.152000000000000028e+02 1.800000000000000000e+01
6.450000000000000000e+02 1.150000000000000000e+02 1.800000000000000000e+01
6.460000000000000000e+02 1.150000000000000000e+02 1.800000000000000000e+01
6.470000000000000000e+02 1.150000000000000000e+02 1.900000000000000000e+01
6.475000000000000000e+02 1.150000000000000000e+02 1.900000000000000000e+01
