8.113999999999999773e+02 5.073999999999999773e+02 1.900000000000000000e+01
8.117999999999999545e+02 5.068000000000000114e+02 1.900000000000000000e+01
8.122000000000000455e+02 5.061999999999999886e+02 1.900000000000000000e+01
8.126000000000000227e+02 5.056000000000000227e+02 1.900000000000000000e+01
8.130000000000000000e+02 5.050000000000000000e+02 1.900000000000000000e+01
8.133999999999999773e+02 5.043999999999999773e+02 1.900000000000000000e+01
8.136000000000000227e+02 5.036000000000000227e+02 1.900000000000000000e+01
8.140000000000000000e+02 5.030000000000000000e+02 1.900000000000000000e+01
8.143999999999999773e+02 5.023999999999999773e+02 1.900000000000000000e+01
8.146000000000000227e+02 5.016000000000000227e+02 1.900000000000000000e+01
8.150000000000000000e+02 5.010000000000000000e+02 1.900000000000000000e+01
8.153999999999999773e+02 5.003999999999999773e+02 1.900000000000000000e+01
8.156000000000000227e+02 4.996000000000000227e+02 1.900000000000000000e+01
8.157999999999999545e+02 4.988000000000000114e+02 1.900000000000000000e+01
8.160000000000000000e+02 4.980000000000000000e+02 1.900000000000000000e+01
8.162000000000000455e+02 4.971999999999999886e+02 1.900000000000000000e+01
8.163999999999999773e+02 4.963999999999999773e+02 1.900000000000000000e+01
8.166000000000000227e+02 4.956000000000000227e+02 1.900000000000000000e+01
8.167999999999999545e+02 4.948000000000000114e+02 1.900000000000000000e+01
8.172000000000000455e+02 4.940000000000000000e+02 1.900000000000000000e+01
8.176000000000000227e+02 4.931999999999999886e+02 1.900000000000000000e+01
8.180000000000000000e+02 4.923999999999999773e+02 1.900000000000000000e+01
8.186000000000000227e+02 4.918000000000000114e+02 1.900000000000000000e+01
8.192000000000000455e+02 4.911999999999999886e+02 1.900000000000000000e+01
8.197999999999999545e+02 4.908000000000000114e+02 1.900000000000000000e+01
8.202000000000000455e+02 4.901999999999999886e+02 1.900000000000000000e+01
8.207999999999999545e+02 4.898000000000000114e+02 1.900000000000000000e+01
8.212000000000000455e+02 4.891999999999999886e+02 1.900000000000000000e+01
8.217999999999999545e+02 4.886000000000000227e+02 1.900000000000000000e+01
8.222000000000000455e+02 4.878000000000000114e+02 1.900000000000000000e+01
8.227999999999999545e+02 4.871999999999999886e+02 1.900000000000000000e+01
8.232000000000000455e+02 4.863999999999999773e+02 1.900000000000000000e+01
8.236000000000000227e+02 4.856000000000000227e+02 1.900000000000000000e+01
8.240000000000000000e+02 4.850000000000000000e+02 1.900000000000000000e+01
8.243999999999999773e+02 4.843999999999999773e+02 1.900000000000000000e+01
8.246000000000000227e+02 4.836000000000000227e+02 1.900000000000000000e+01
8.250000000000000000e+02 4.830000000000000000e+02 1.900000000000000000e+01
8.253999999999999773e+02 4.823999999999999773e+02 1.900000000000000000e+01
8.256000000000000227e+02 4.816000000000000227e+02 1.900000000000000000e+01
8.257999999999999545e+02 4.808000000000000114e+02 1.900000000000000000e+01
8.260000000000000000e+02 4.800000000000000000e+02 1.900000000000000000e+01
8.262000000000000455e+02 4.791999999999999886e+02 1.900000000000000000e+01
8.263999999999999773e+02 4.783999999999999773e+02 1.900000000000000000e+01
8.266000000000000227e+02 4.776000000000000227e+02 1.900000000000000000e+01
8.267999999999999545e+02 4.768000000000000114e+02 1.900000000000000000e+01
8.270000000000000000e+02 4.760000000000000000e+02 1.900000000000000000e+01
8.272000000000000455e+02 4.750000000000000000e+02 1.900000000000000000e+01
8.273999999999999773e+02 4.740000000000000000e+02 1.900000000000000000e+01
8.276000000000000227e+02 4.730000000000000000e+02 1.900000000000000000e+01
8.280000000000000000e+02 4.720000000000000000e+02 1.900000000000000000e+01
8.283999999999999773e+02 4.710000000000000000e+02 1.900000000000000000e+01
8.287999999999999545e+02 4.700000000000000000e+02 1.900000000000000000e+01
8.292000000000000455e+02 4.690000000000000000e+02 1.900000000000000000e+01
8.297999999999999545e+02 4.681999999999999886e+02 1.900000000000000000e+01
8.303999999999999773e+02 4.673999999999999773e+02 1.900000000000000000e+01
8.312000000000000455e+02 4.668000000000000114e+02 1.900000000000000000e+01
8.317999999999999545e+02 4.661999999999999886e+02 1.900000000000000000e+01
8.326000000000000227e+02 4.658000000000000114e+02 1.900000000000000000e+01
8.333999999999999773e+02 4.653999999999999773e+02 1.900000000000000000e+01
8.340000000000000000e+02 4.650000000000000000e+02 1.900000000000000000e+01
8.346000000000000227e+02 4.646000000000000227e+02 1.900000000000000000e+01
8.352000000000000455e+02 4.643999999999999773e+02 1.900000000000000000e+01
8.357999999999999545e+02 4.641999999999999886e+02 1.800000000000000000e+01
8.362000000000000455e+02 4.638000000000000114e+02 1.800000000000000000e+01
8.367999999999999545e+02 4.636000000000000227e+02 1.800000000000000000e+01
8.372000000000000455e+02 4.631999999999999886e+02 1.800000000000000000e+01
8.377999999999999545e+02 4.628000000000000114e+02 1.800000000000000000e+01
8.382000000000000455e+02 4.621999999999999886e+02 1.800000000000000000e+01
8.386000000000000227e+02 4.616000000000000227e+02 1.800000000000000000e+01
8.390000000000000000e+02 4.610000000000000000e+02 1.800000000000000000e+01
8.393999999999999773e+02 4.603999999999999773e+02 1.800000000000000000e+01
8.396000000000000227e+02 4.596000000000000227e+02 1.800000000000000000e+01
8.400000000000000000e+02 4.590000000000000000e+02 1.800000000000000000e+01
8.403999999999999773e+02 4.583999999999999773e+02 1.800000000000000000e+01
8.406000000000000227e+02 4.576000000000000227e+02 1.800000000000000000e+01
8.410000000000000000e+02 4.568000000000000114e+02 1.800000000000000000e+01
8.413999999999999773e+02 4.560000000000000000e+02 1.800000000000000000e+01
8.417999999999999545e+02 4.551999999999999886e+02 1.800000000000000000e+01
8.422000000000000455e+02 4.543999999999999773e+02 1.800000000000000000e+01
8.426000000000000227e+02 4.536000000000000227e+02 1.800000000000000000e+01
8.430000000000000000e+02 4.530000000000000000e+02 1.800000000000000000e+01
8.433999999999999773e+02 4.523999999999999773e+02 1.800000000000000000e+01
8.437999999999999545e+02 4.518000000000000114e+02 1.800000000000000000e+01
8.442000000000000455e+02 4.511999999999999886e+02 1.800000000000000000e+01
8.447999999999999545e+02 4.508000000000000114e+02 1.800000000000000000e+01
8.452000000000000455e+02 4.501999999999999886e+02 1.800000000000000000e+01
8.457999999999999545e+02 4.498000000000000114e+02 1.800000000000000000e+01
8.462000000000000455e+02 4.491999999999999886e+02 1.800000000000000000e+01
8.467999999999999545e+02 4.488000000000000114e+02 1.800000000000000000e+01
8.472000000000000455e+02 4.481999999999999886e+02 1.800000000000000000e+01
8.477999999999999545e+02 4.476000000000000227e+02 1.800000000000000000e+01
8.482000000000000455e+02 4.471999999999999886e+02 1.800000000000000000e+01
8.485000000000000000e+02 4.470000000000000000e+02 1.800000000000000000e+01
