1.133000000000000000e+03 1.522400000000000091e+03 1.200000000000000000e+01
1.134000000000000000e+03 1.522599999999999909e+03 1.200000000000000000e+01
1.135000000000000000e+03 1.522799999999999955e+03 1.200000000000000000e+01
1.136000000000000000e+03 1.523000000000000000e+03 1.200000000000000000e+01
1.136799999999999955e+03 1.523200000000000045e+03 1.200000000000000000e+01
1.137599999999999909e+03 1.523400000000000091e+03 1.200000000000000000e+01
1.138200000000000045e+03 1.523599999999999909e+03 1.200000000000000000e+01
1.138799999999999955e+03 1.523799999999999955e+03 1.300000000000000000e+01
1.139400000000000091e+03 1.524000000000000000e+03 1.300000000000000000e+01
1.140200000000000045e+03 1.524000000000000000e+03 1.300000000000000000e+01
1.140799999999999955e+03 1.524200000000000045e+03 1.300000000000000000e+01
1.141599999999999909e+03 1.524400000000000091e+03 1.300000000000000000e+01
1.142400000000000091e+03 1.524599999999999909e+03 1.300000000000000000e+01
1.143200000000000045e+03 1.525000000000000000e+03 1.300000000000000000e+01
1.144000000000000000e+03 1.525400000000000091e+03 1.300000000000000000e+01
1.145000000000000000e+03 1.525599999999999909e+03 1.300000000000000000e+01
1.145799999999999955e+03 1.526000000000000000e+03 1.300000000000000000e+01
1.146599999999999909e+03 1.526400000000000091e+03 1.300000000000000000e+01
1.147400000000000091e+03 1.526599999999999909e+03 1.300000000000000000e+01
1.147750000000000000e+03 1.526750000000000000e+03 1.300000000000000000e+01
