1.148000000000000000e+03 1.480000000000000000e+03 1.700000000000000000e+01
1.148000000000000000e+03 1.479400000000000091e+03 1.600000000000000000e+01
1.148000000000000000e+03 1.478599999999999909e+03 1.600000000000000000e+01
1.148000000000000000e+03 1.478000000000000000e+03 1.600000000000000000e+01
1.148000000000000000e+03 1.477400000000000091e+03 1.500000000000000000e+01
1.148000000000000000e+03 1.476599999999999909e+03 1.500000000000000000e+01
1.148200000000000045e+03 1.476000000000000000e+03 1.500000000000000000e+01
1.148400000000000091e+03 1.475400000000000091e+03 1.500000000000000000e+01
1.148599999999999909e+03 1.474599999999999909e+03 1.500000000000000000e+01
1.149000000000000000e+03 1.474000000000000000e+03 1.500000000000000000e+01
1.149400000000000091e+03 1.473400000000000091e+03 1.500000000000000000e+01
1.149599999999999909e+03 1.472599999999999909e+03 1.500000000000000000e+01
1.150000000000000000e+03 1.472000000000000000e+03 1.500000000000000000e+01
1.150400000000000091e+03 1.471400000000000091e+03 1.500000000000000000e+01
1.150599999999999909e+03 1.470599999999999909e+03 1.500000000000000000e+01
1.151000000000000000e+03 1.470000000000000000e+03 1.500000000000000000e+01
1.151400000000000091e+03 1.469400000000000091e+03 1.500000000000000000e+01
1.151599999999999909e+03 1.468599999999999909e+03 1.500000000000000000e+01
1.152000000000000000e+03 1.468000000000000000e+03 1.500000000000000000e+01
1.152400000000000091e+03 1.467400000000000091e+03 1.500000000000000000e+01
1.152599999999999909e+03 1.466599999999999909e+03 1.500000000000000000e+01
1.153000000000000000e+03 1.466000000000000000e+03 1.500000000000000000e+01
1.153400000000000091e+03 1.465599999999999909e+03 1.500000000000000000e+01
1.153599999999999909e+03 1.465000000000000000e+03 1.400000000000000000e+01
1.153799999999999955e+03 1.464400000000000091e+03 1.400000000000000000e+01
1.154200000000000045e+03 1.464000000000000000e+03 1.400000000000000000e+01
1.154400000000000091e+03 1.463400000000000091e+03 1.400000000000000000e+01
1.154799999999999955e+03 1.462799999999999955e+03 1.400000000000000000e+01
1.155200000000000045e+03 1.462200000000000045e+03 1.400000000000000000e+01
1.155799999999999955e+03 1.461599999999999909e+03 1.400000000000000000e+01
1.156200000000000045e+03 1.460799999999999955e+03 1.400000000000000000e+01
1.156799999999999955e+03 1.460200000000000045e+03 1.400000000000000000e+01
1.157200000000000045e+03 1.459400000000000091e+03 1.400000000000000000e+01
1.157799999999999955e+03 1.458799999999999955e+03 1.400000000000000000e+01
1.158400000000000091e+03 1.458400000000000091e+03 1.400000000000000000e+01
1.159000000000000000e+03 1.458000000000000000e+03 1.400000000000000000e+01
1.159599999999999909e+03 1.457599999999999909e+03 1.400000000000000000e+01
1.160400000000000091e+03 1.457400000000000091e+03 1.400000000000000000e+01
1.161000000000000000e+03 1.457000000000000000e+03 1.400000000000000000e+01
1.161599999999999909e+03 1.456599999999999909e+03 1.400000000000000000e+01
1.162400000000000091e+03 1.456400000000000091e+03 1.400000000000000000e+01
1.163200000000000045e+03 1.456200000000000045e+03 1.400000000000000000e+01
1.164000000000000000e+03 1.456000000000000000e+03 1.400000000000000000e+01
1.164799999999999955e+03 1.456200000000000045e+03 1.400000000000000000e+01
1.165599999999999909e+03 1.456400000000000091e+03 1.400000000000000000e+01
1.166400000000000091e+03 1.456599999999999909e+03 1.400000000000000000e+01
1.167000000000000000e+03 1.457000000000000000e+03 1.400000000000000000e+01
1.167599999999999909e+03 1.457400000000000091e+03 1.400000000000000000e+01
1.168400000000000091e+03 1.457799999999999955e+03 1.400000000000000000e+01
1.169200000000000045e+03 1.458200000000000045e+03 1.400000000000000000e+01
1.169799999999999955e+03 1.458799999999999955e+03 1.400000000000000000e+01
1.170599999999999909e+03 1.459400000000000091e+03 1.400000000000000000e+01
1.171400000000000091e+03 1.460200000000000045e+03 1.400000000000000000e+01
1.172000000000000000e+03 1.461000000000000000e+03 1.400000000000000000e+01
1.172599999999999909e+03 1.461799999999999955e+03 1.400000000000000000e+01
1.173200000000000045e+03 1.462599999999999909e+03 1.400000000000000000e+01
1.173799999999999955e+03 1.463200000000000045e+03 1.400000000000000000e+01
1.174200000000000045e+03 1.463799999999999955e+03 1.400000000000000000e+01
1.174599999999999909e+03 1.464400000000000091e+03 1.400000000000000000e+01
1.175000000000000000e+03 1.465000000000000000e+03 1.400000000000000000e+01
1.175400000000000091e+03 1.465599999999999909e+03 1.400000000000000000e+01
1.175599999999999909e+03 1.466400000000000091e+03 1.400000000000000000e+01
1.176000000000000000e+03 1.467000000000000000e+03 1.400000000000000000e+01
1.176400000000000091e+03 1.467599999999999909e+03 1.500000000000000000e+01
1.176599999999999909e+03 1.468400000000000091e+03 1.500000000000000000e+01
1.177000000000000000e+03 1.469200000000000045e+03 1.500000000000000000e+01
1.177400000000000091e+03 1.470000000000000000e+03 1.500000000000000000e+01
1.177599999999999909e+03 1.471000000000000000e+03 1.500000000000000000e+01
1.178000000000000000e+03 1.472000000000000000e+03 1.500000000000000000e+01
1.178400000000000091e+03 1.473000000000000000e+03 1.500000000000000000e+01
1.178599999999999909e+03 1.474000000000000000e+03 1.500000000000000000e+01
1.178799999999999955e+03 1.475000000000000000e+03 1.500000000000000000e+01
1.179000000000000000e+03 1.476000000000000000e+03 1.500000000000000000e+01
1.179000000000000000e+03 1.477000000000000000e+03 1.500000000000000000e+01
1.179000000000000000e+03 1.478000000000000000e+03 1.500000000000000000e+01
1.179000000000000000e+03 1.479000000000000000e+03 1.500000000000000000e+01
1.179000000000000000e+03 1.480000000000000000e+03 1.500000000000000000e+01
1.178799999999999955e+03 1.480799999999999955e+03 1.500000000000000000e+01
1.178599999999999909e+03 1.481599999999999909e+03 1.500000000000000000e+01
1.178400000000000091e+03 1.482400000000000091e+03 1.500000000000000000e+01
1.178000000000000000e+03 1.483000000000000000e+03 1.500000000000000000e+01
1.177599999999999909e+03 1.483599999999999909e+03 1.500000000000000000e+01
1.177200000000000045e+03 1.484400000000000091e+03 1.500000000000000000e+01
1.176799999999999955e+03 1.485200000000000045e+03 1.500000000000000000e+01
1.176400000000000091e+03 1.486000000000000000e+03 1.500000000000000000e+01
1.176000000000000000e+03 1.486799999999999955e+03 1.500000000000000000e+01
1.175599999999999909e+03 1.487599999999999909e+03 1.500000000000000000e+01
1.175400000000000091e+03 1.488400000000000091e+03 1.500000000000000000e+01
1.175200000000000045e+03 1.489200000000000045e+03 1.500000000000000000e+01
1.175000000000000000e+03 1.490000000000000000e+03 1.500000000000000000e+01
1.175000000000000000e+03 1.491000000000000000e+03 1.500000000000000000e+01
1.175000000000000000e+03 1.492000000000000000e+03 1.500000000000000000e+01
1.174799999999999955e+03 1.493000000000000000e+03 1.500000000000000000e+01
1.174599999999999909e+03 1.494000000000000000e+03 1.500000000000000000e+01
1.174400000000000091e+03 1.495000000000000000e+03 1.500000000000000000e+01
1.174200000000000045e+03 1.496000000000000000e+03 1.500000000000000000e+01
1.174000000000000000e+03 1.497000000000000000e+03 1.500000000000000000e+01
1.174000000000000000e+03 1.498000000000000000e+03 1.500000000000000000e+01
1.174000000000000000e+03 1.499000000000000000e+03 1.500000000000000000e+01
1.174000000000000000e+03 1.500000000000000000e+03 1.500000000000000000e+01
1.174000000000000000e+03 1.501000000000000000e+03 1.500000000000000000e+01
1.174000000000000000e+03 1.502000000000000000e+03 1.500000000000000000e+01
1.174000000000000000e+03 1.503000000000000000e+03 1.500000000000000000e+01
1.174000000000000000e+03 1.504000000000000000e+03 1.500000000000000000e+01
1.174000000000000000e+03 1.505000000000000000e+03 1.500000000000000000e+01
1.174000000000000000e+03 1.506000000000000000e+03 1.500000000000000000e+01
1.174000000000000000e+03 1.507000000000000000e+03 1.500000000000000000e+01
1.174000000000000000e+03 1.508000000000000000e+03 1.500000000000000000e+01
1.174000000000000000e+03 1.509000000000000000e+03 1.500000000000000000e+01
1.174000000000000000e+03 1.510000000000000000e+03 1.500000000000000000e+01
1.174000000000000000e+03 1.511000000000000000e+03 1.500000000000000000e+01
1.174000000000000000e+03 1.512000000000000000e+03 1.500000000000000000e+01
1.174000000000000000e+03 1.513000000000000000e+03 1.500000000000000000e+01
1.174000000000000000e+03 1.514000000000000000e+03 1.500000000000000000e+01
1.174000000000000000e+03 1.515000000000000000e+03 1.500000000000000000e+01
1.174000000000000000e+03 1.516000000000000000e+03 1.500000000000000000e+01
1.174000000000000000e+03 1.517000000000000000e+03 1.500000000000000000e+01
1.174000000000000000e+03 1.518000000000000000e+03 1.500000000000000000e+01
1.174000000000000000e+03 1.519000000000000000e+03 1.500000000000000000e+01
1.174000000000000000e+03 1.520000000000000000e+03 1.500000000000000000e+01
1.174200000000000045e+03 1.520799999999999955e+03 1.500000000000000000e+01
1.174250000000000000e+03 1.521250000000000000e+03 1.500000000000000000e+01
