1.067999999999999972e+02 4.118000000000000114e+02 6.000000000000000000e+00
1.065999999999999943e+02 4.126000000000000227e+02 6.000000000000000000e+00
1.064000000000000057e+02 4.133999999999999773e+02 6.000000000000000000e+00
1.062000000000000028e+02 4.141999999999999886e+02 6.000000000000000000e+00
1.060000000000000000e+02 4.150000000000000000e+02 6.000000000000000000e+00
1.060000000000000000e+02 4.160000000000000000e+02 6.000000000000000000e+00
1.057999999999999972e+02 4.168000000000000114e+02 6.000000000000000000e+00
1.055999999999999943e+02 4.176000000000000227e+02 6.000000000000000000e+00
1.054000000000000057e+02 4.183999999999999773e+02 6.000000000000000000e+00
1.052000000000000028e+02 4.191999999999999886e+02 5.000000000000000000e+00
1.050000000000000000e+02 4.200000000000000000e+02 5.000000000000000000e+00
1.050000000000000000e+02 4.208000000000000114e+02 5.000000000000000000e+00
1.050000000000000000e+02 4.216000000000000227e+02 6.000000000000000000e+00
1.050000000000000000e+02 4.223999999999999773e+02 6.000000000000000000e+00
1.050000000000000000e+02 4.227500000000000000e+02 6.000000000000000000e+00
