1.132000000000000000e+03 1.328000000000000000e+03 1.400000000000000000e+01
1.133000000000000000e+03 1.328000000000000000e+03 1.500000000000000000e+01
1.134000000000000000e+03 1.328000000000000000e+03 1.500000000000000000e+01
1.135000000000000000e+03 1.328000000000000000e+03 1.500000000000000000e+01
1.136000000000000000e+03 1.328000000000000000e+03 1.500000000000000000e+01
1.137000000000000000e+03 1.328200000000000045e+03 1.500000000000000000e+01
1.138000000000000000e+03 1.328400000000000091e+03 1.500000000000000000e+01
1.138799999999999955e+03 1.328799999999999955e+03 1.500000000000000000e+01
1.139599999999999909e+03 1.329200000000000045e+03 1.500000000000000000e+01
1.140200000000000045e+03 1.329799999999999955e+03 1.500000000000000000e+01
1.140799999999999955e+03 1.330200000000000045e+03 1.500000000000000000e+01
1.141200000000000045e+03 1.330799999999999955e+03 1.500000000000000000e+01
1.141799999999999955e+03 1.331200000000000045e+03 1.500000000000000000e+01
1.142200000000000045e+03 1.331799999999999955e+03 1.500000000000000000e+01
1.142799999999999955e+03 1.332400000000000091e+03 1.500000000000000000e+01
1.143200000000000045e+03 1.333200000000000045e+03 1.500000000000000000e+01
1.143799999999999955e+03 1.334000000000000000e+03 1.500000000000000000e+01
1.144200000000000045e+03 1.335000000000000000e+03 1.500000000000000000e+01
1.144799999999999955e+03 1.336000000000000000e+03 1.500000000000000000e+01
1.145200000000000045e+03 1.337000000000000000e+03 1.500000000000000000e+01
1.145599999999999909e+03 1.338000000000000000e+03 1.500000000000000000e+01
1.146000000000000000e+03 1.338799999999999955e+03 1.500000000000000000e+01
1.146400000000000091e+03 1.339599999999999909e+03 1.500000000000000000e+01
1.146599999999999909e+03 1.340400000000000091e+03 1.500000000000000000e+01
1.147000000000000000e+03 1.341000000000000000e+03 1.500000000000000000e+01
1.147400000000000091e+03 1.341599999999999909e+03 1.500000000000000000e+01
1.147799999999999955e+03 1.342200000000000045e+03 1.500000000000000000e+01
1.148200000000000045e+03 1.342799999999999955e+03 1.500000000000000000e+01
1.148599999999999909e+03 1.343400000000000091e+03 1.500000000000000000e+01
1.149000000000000000e+03 1.344000000000000000e+03 1.500000000000000000e+01
1.149400000000000091e+03 1.344599999999999909e+03 1.500000000000000000e+01
1.149799999999999955e+03 1.345200000000000045e+03 1.500000000000000000e+01
1.150200000000000045e+03 1.345799999999999955e+03 1.500000000000000000e+01
1.150799999999999955e+03 1.346200000000000045e+03 1.500000000000000000e+01
1.151400000000000091e+03 1.346599999999999909e+03 1.500000000000000000e+01
1.152000000000000000e+03 1.347000000000000000e+03 1.500000000000000000e+01
1.152599999999999909e+03 1.347400000000000091e+03 1.500000000000000000e+01
1.153200000000000045e+03 1.347599999999999909e+03 1.400000000000000000e+01
1.153799999999999955e+03 1.347799999999999955e+03 1.500000000000000000e+01
1.154200000000000045e+03 1.348200000000000045e+03 1.400000000000000000e+01
1.154799999999999955e+03 1.348400000000000091e+03 1.400000000000000000e+01
1.155400000000000091e+03 1.348599999999999909e+03 1.400000000000000000e+01
1.156000000000000000e+03 1.349000000000000000e+03 1.400000000000000000e+01
1.156599999999999909e+03 1.349400000000000091e+03 1.400000000000000000e+01
1.157200000000000045e+03 1.349799999999999955e+03 1.400000000000000000e+01
1.157799999999999955e+03 1.350200000000000045e+03 1.400000000000000000e+01
1.158400000000000091e+03 1.350799999999999955e+03 1.400000000000000000e+01
1.159200000000000045e+03 1.351200000000000045e+03 1.400000000000000000e+01
1.159799999999999955e+03 1.351799999999999955e+03 1.400000000000000000e+01
1.160599999999999909e+03 1.352200000000000045e+03 1.400000000000000000e+01
1.161200000000000045e+03 1.352799999999999955e+03 1.400000000000000000e+01
1.161799999999999955e+03 1.353200000000000045e+03 1.400000000000000000e+01
1.162400000000000091e+03 1.353799999999999955e+03 1.400000000000000000e+01
1.163200000000000045e+03 1.354200000000000045e+03 1.500000000000000000e+01
1.163799999999999955e+03 1.354799999999999955e+03 1.500000000000000000e+01
1.164599999999999909e+03 1.355200000000000045e+03 1.500000000000000000e+01
1.165400000000000091e+03 1.355799999999999955e+03 1.500000000000000000e+01
1.166200000000000045e+03 1.356200000000000045e+03 1.500000000000000000e+01
1.166799999999999955e+03 1.356799999999999955e+03 1.500000000000000000e+01
1.167599999999999909e+03 1.357200000000000045e+03 1.500000000000000000e+01
1.168400000000000091e+03 1.357599999999999909e+03 1.500000000000000000e+01
1.169200000000000045e+03 1.358000000000000000e+03 1.500000000000000000e+01
1.170000000000000000e+03 1.358400000000000091e+03 1.500000000000000000e+01
1.171000000000000000e+03 1.358599999999999909e+03 1.500000000000000000e+01
1.172000000000000000e+03 1.358799999999999955e+03 1.500000000000000000e+01
1.173000000000000000e+03 1.359000000000000000e+03 1.500000000000000000e+01
1.174000000000000000e+03 1.359000000000000000e+03 1.500000000000000000e+01
1.175000000000000000e+03 1.359000000000000000e+03 1.500000000000000000e+01
1.176000000000000000e+03 1.359000000000000000e+03 1.500000000000000000e+01
1.177000000000000000e+03 1.359000000000000000e+03 1.500000000000000000e+01
1.177500000000000000e+03 1.359000000000000000e+03 1.500000000000000000e+01
