9.103999999999999773e+02 1.213599999999999909e+03 1.300000000000000000e+01
9.106000000000000227e+02 1.214400000000000091e+03 1.300000000000000000e+01
9.107999999999999545e+02 1.215200000000000045e+03 1.300000000000000000e+01
9.112000000000000455e+02 1.215799999999999955e+03 1.300000000000000000e+01
9.113999999999999773e+02 1.216599999999999909e+03 1.300000000000000000e+01
9.116000000000000227e+02 1.217400000000000091e+03 1.300000000000000000e+01
9.117999999999999545e+02 1.218200000000000045e+03 1.300000000000000000e+01
9.120000000000000000e+02 1.219000000000000000e+03 1.300000000000000000e+01
9.120000000000000000e+02 1.220000000000000000e+03 1.300000000000000000e+01
9.122000000000000455e+02 1.220799999999999955e+03 1.300000000000000000e+01
9.123999999999999773e+02 1.221599999999999909e+03 1.300000000000000000e+01
9.126000000000000227e+02 1.222400000000000091e+03 1.300000000000000000e+01
9.127999999999999545e+02 1.223200000000000045e+03 1.300000000000000000e+01
9.130000000000000000e+02 1.224000000000000000e+03 1.300000000000000000e+01
9.130000000000000000e+02 1.225000000000000000e+03 1.300000000000000000e+01
9.130000000000000000e+02 1.226000000000000000e+03 1.300000000000000000e+01
9.130000000000000000e+02 1.227000000000000000e+03 1.300000000000000000e+01
9.130000000000000000e+02 1.228000000000000000e+03 1.300000000000000000e+01
9.130000000000000000e+02 1.229000000000000000e+03 1.300000000000000000e+01
9.130000000000000000e+02 1.230000000000000000e+03 1.300000000000000000e+01
9.130000000000000000e+02 1.231000000000000000e+03 1.300000000000000000e+01
9.130000000000000000e+02 1.232000000000000000e+03 1.300000000000000000e+01
9.130000000000000000e+02 1.233000000000000000e+03 1.300000000000000000e+01
9.130000000000000000e+02 1.234000000000000000e+03 1.300000000000000000e+01
9.130000000000000000e+02 1.235000000000000000e+03 1.300000000000000000e+01
9.130000000000000000e+02 1.236000000000000000e+03 1.300000000000000000e+01
9.130000000000000000e+02 1.237000000000000000e+03 1.300000000000000000e+01
9.130000000000000000e+02 1.238000000000000000e+03 1.300000000000000000e+01
9.130000000000000000e+02 1.239000000000000000e+03 1.300000000000000000e+01
9.130000000000000000e+02 1.239500000000000000e+03 1.300000000000000000e+01
