2.966000000000000227e+02 7.530000000000000000e+02 1.800000000000000000e+01
2.970000000000000000e+02 7.537999999999999545e+02 1.800000000000000000e+01
2.973999999999999773e+02 7.546000000000000227e+02 1.800000000000000000e+01
2.976000000000000227e+02 7.553999999999999773e+02 1.800000000000000000e+01
2.980000000000000000e+02 7.560000000000000000e+02 1.800000000000000000e+01
2.983999999999999773e+02 7.566000000000000227e+02 1.800000000000000000e+01
2.986000000000000227e+02 7.573999999999999773e+02 1.800000000000000000e+01
2.990000000000000000e+02 7.580000000000000000e+02 1.800000000000000000e+01
2.993999999999999773e+02 7.586000000000000227e+02 1.800000000000000000e+01
2.996000000000000227e+02 7.593999999999999773e+02 1.800000000000000000e+01
3.000000000000000000e+02 7.600000000000000000e+02 1.800000000000000000e+01
3.003999999999999773e+02 7.606000000000000227e+02 1.800000000000000000e+01
3.006000000000000227e+02 7.613999999999999773e+02 1.800000000000000000e+01
3.010000000000000000e+02 7.620000000000000000e+02 1.800000000000000000e+01
3.013999999999999773e+02 7.626000000000000227e+02 1.800000000000000000e+01
3.016000000000000227e+02 7.633999999999999773e+02 1.800000000000000000e+01
3.020000000000000000e+02 7.640000000000000000e+02 1.800000000000000000e+01
3.023999999999999773e+02 7.643999999999999773e+02 1.800000000000000000e+01
3.026000000000000227e+02 7.650000000000000000e+02 1.900000000000000000e+01
3.027500000000000000e+02 7.652500000000000000e+02 1.900000000000000000e+01
