2.758000000000000114e+02 3.898000000000000114e+02 4.000000000000000000e+00
2.761999999999999886e+02 3.891999999999999886e+02 4.000000000000000000e+00
2.768000000000000114e+02 3.888000000000000114e+02 4.000000000000000000e+00
2.773999999999999773e+02 3.883999999999999773e+02 4.000000000000000000e+00
2.780000000000000000e+02 3.880000000000000000e+02 4.000000000000000000e+00
2.786000000000000227e+02 3.876000000000000227e+02 4.000000000000000000e+00
2.791999999999999886e+02 3.871999999999999886e+02 4.000000000000000000e+00
2.798000000000000114e+02 3.868000000000000114e+02 4.000000000000000000e+00
2.803999999999999773e+02 3.863999999999999773e+02 4.000000000000000000e+00
2.810000000000000000e+02 3.860000000000000000e+02 4.000000000000000000e+00
2.816000000000000227e+02 3.856000000000000227e+02 4.000000000000000000e+00
2.823999999999999773e+02 3.853999999999999773e+02 4.000000000000000000e+00
2.831999999999999886e+02 3.851999999999999886e+02 4.000000000000000000e+00
2.840000000000000000e+02 3.850000000000000000e+02 4.000000000000000000e+00
2.850000000000000000e+02 3.850000000000000000e+02 4.000000000000000000e+00
2.860000000000000000e+02 3.850000000000000000e+02 4.000000000000000000e+00
2.870000000000000000e+02 3.850000000000000000e+02 4.000000000000000000e+00
2.880000000000000000e+02 3.850000000000000000e+02 4.000000000000000000e+00
2.888000000000000114e+02 3.851999999999999886e+02 4.000000000000000000e+00
2.896000000000000227e+02 3.853999999999999773e+02 4.000000000000000000e+00
2.903999999999999773e+02 3.856000000000000227e+02 4.000000000000000000e+00
2.907500000000000000e+02 3.857500000000000000e+02 4.000000000000000000e+00
