3.393999999999999773e+02 5.026000000000000227e+02 1.000000000000000000e+01
3.401999999999999886e+02 5.028000000000000114e+02 9.000000000000000000e+00
3.410000000000000000e+02 5.031999999999999886e+02 9.000000000000000000e+00
3.420000000000000000e+02 5.033999999999999773e+02 9.000000000000000000e+00
3.430000000000000000e+02 5.036000000000000227e+02 9.000000000000000000e+00
3.440000000000000000e+02 5.038000000000000114e+02 9.000000000000000000e+00
3.448000000000000114e+02 5.041999999999999886e+02 9.000000000000000000e+00
3.456000000000000227e+02 5.043999999999999773e+02 9.000000000000000000e+00
3.463999999999999773e+02 5.046000000000000227e+02 9.000000000000000000e+00
3.471999999999999886e+02 5.048000000000000114e+02 9.000000000000000000e+00
3.480000000000000000e+02 5.050000000000000000e+02 9.000000000000000000e+00
3.490000000000000000e+02 5.051999999999999886e+02 9.000000000000000000e+00
3.500000000000000000e+02 5.053999999999999773e+02 9.000000000000000000e+00
3.510000000000000000e+02 5.056000000000000227e+02 9.000000000000000000e+00
3.520000000000000000e+02 5.058000000000000114e+02 9.000000000000000000e+00
3.530000000000000000e+02 5.061999999999999886e+02 9.000000000000000000e+00
3.540000000000000000e+02 5.063999999999999773e+02 9.000000000000000000e+00
3.550000000000000000e+02 5.066000000000000227e+02 9.000000000000000000e+00
3.560000000000000000e+02 5.068000000000000114e+02 9.000000000000000000e+00
3.568000000000000114e+02 5.071999999999999886e+02 9.000000000000000000e+00
3.576000000000000227e+02 5.073999999999999773e+02 9.000000000000000000e+00
3.583999999999999773e+02 5.076000000000000227e+02 9.000000000000000000e+00
3.591999999999999886e+02 5.078000000000000114e+02 9.000000000000000000e+00
3.598000000000000114e+02 5.081999999999999886e+02 9.000000000000000000e+00
3.606000000000000227e+02 5.083999999999999773e+02 9.000000000000000000e+00
3.613999999999999773e+02 5.086000000000000227e+02 9.000000000000000000e+00
3.621999999999999886e+02 5.090000000000000000e+02 9.000000000000000000e+00
3.630000000000000000e+02 5.093999999999999773e+02 9.000000000000000000e+00
3.640000000000000000e+02 5.096000000000000227e+02 9.000000000000000000e+00
3.648000000000000114e+02 5.100000000000000000e+02 9.000000000000000000e+00
3.656000000000000227e+02 5.103999999999999773e+02 9.000000000000000000e+00
3.663999999999999773e+02 5.106000000000000227e+02 9.000000000000000000e+00
3.671999999999999886e+02 5.110000000000000000e+02 9.000000000000000000e+00
3.680000000000000000e+02 5.113999999999999773e+02 9.000000000000000000e+00
3.690000000000000000e+02 5.116000000000000227e+02 9.000000000000000000e+00
3.695000000000000000e+02 5.117500000000000000e+02 9.000000000000000000e+00
