5.946000000000000227e+02 2.114000000000000057e+02 1.800000000000000000e+01
5.950000000000000000e+02 2.120000000000000000e+02 1.800000000000000000e+01
5.953999999999999773e+02 2.125999999999999943e+02 1.800000000000000000e+01
5.957999999999999545e+02 2.131999999999999886e+02 1.800000000000000000e+01
5.962000000000000455e+02 2.138000000000000114e+02 1.800000000000000000e+01
5.967999999999999545e+02 2.141999999999999886e+02 1.800000000000000000e+01
5.972000000000000455e+02 2.148000000000000114e+02 1.800000000000000000e+01
5.977999999999999545e+02 2.151999999999999886e+02 1.800000000000000000e+01
5.982000000000000455e+02 2.158000000000000114e+02 1.800000000000000000e+01
5.987999999999999545e+02 2.161999999999999886e+02 1.800000000000000000e+01
5.992000000000000455e+02 2.168000000000000114e+02 1.800000000000000000e+01
5.997999999999999545e+02 2.171999999999999886e+02 1.800000000000000000e+01
6.002000000000000455e+02 2.178000000000000114e+02 1.800000000000000000e+01
6.007999999999999545e+02 2.181999999999999886e+02 1.800000000000000000e+01
6.013999999999999773e+02 2.185999999999999943e+02 1.800000000000000000e+01
6.020000000000000000e+02 2.190000000000000000e+02 1.800000000000000000e+01
6.026000000000000227e+02 2.194000000000000057e+02 1.800000000000000000e+01
6.033999999999999773e+02 2.198000000000000114e+02 1.800000000000000000e+01
6.042000000000000455e+02 2.201999999999999886e+02 1.800000000000000000e+01
6.050000000000000000e+02 2.208000000000000114e+02 1.800000000000000000e+01
6.055000000000000000e+02 2.210000000000000000e+02 1.800000000000000000e+01
