8.022000000000000455e+02 7.287999999999999545e+02 1.600000000000000000e+01
8.020000000000000000e+02 7.280000000000000000e+02 1.600000000000000000e+01
8.020000000000000000e+02 7.270000000000000000e+02 1.600000000000000000e+01
8.020000000000000000e+02 7.260000000000000000e+02 1.600000000000000000e+01
8.020000000000000000e+02 7.250000000000000000e+02 1.600000000000000000e+01
8.020000000000000000e+02 7.240000000000000000e+02 1.600000000000000000e+01
8.020000000000000000e+02 7.230000000000000000e+02 1.600000000000000000e+01
8.020000000000000000e+02 7.220000000000000000e+02 1.600000000000000000e+01
8.022000000000000455e+02 7.212000000000000455e+02 1.600000000000000000e+01
8.023999999999999773e+02 7.203999999999999773e+02 1.600000000000000000e+01
8.026000000000000227e+02 7.196000000000000227e+02 1.600000000000000000e+01
8.027999999999999545e+02 7.187999999999999545e+02 1.600000000000000000e+01
8.030000000000000000e+02 7.180000000000000000e+02 1.600000000000000000e+01
8.030000000000000000e+02 7.170000000000000000e+02 1.600000000000000000e+01
8.030000000000000000e+02 7.160000000000000000e+02 1.600000000000000000e+01
8.030000000000000000e+02 7.150000000000000000e+02 1.600000000000000000e+01
8.030000000000000000e+02 7.140000000000000000e+02 1.600000000000000000e+01
8.032000000000000455e+02 7.132000000000000455e+02 1.600000000000000000e+01
8.033999999999999773e+02 7.123999999999999773e+02 1.600000000000000000e+01
8.036000000000000227e+02 7.116000000000000227e+02 1.600000000000000000e+01
8.037999999999999545e+02 7.107999999999999545e+02 1.600000000000000000e+01
8.040000000000000000e+02 7.100000000000000000e+02 1.600000000000000000e+01
8.042000000000000455e+02 7.090000000000000000e+02 1.600000000000000000e+01
8.043999999999999773e+02 7.080000000000000000e+02 1.600000000000000000e+01
8.046000000000000227e+02 7.070000000000000000e+02 1.700000000000000000e+01
8.047999999999999545e+02 7.060000000000000000e+02 1.700000000000000000e+01
8.052000000000000455e+02 7.052000000000000455e+02 1.700000000000000000e+01
8.053999999999999773e+02 7.043999999999999773e+02 1.700000000000000000e+01
8.056000000000000227e+02 7.036000000000000227e+02 1.700000000000000000e+01
8.060000000000000000e+02 7.027999999999999545e+02 1.700000000000000000e+01
8.063999999999999773e+02 7.020000000000000000e+02 1.700000000000000000e+01
8.067999999999999545e+02 7.012000000000000455e+02 1.700000000000000000e+01
8.072000000000000455e+02 7.003999999999999773e+02 1.700000000000000000e+01
8.077999999999999545e+02 6.996000000000000227e+02 1.700000000000000000e+01
8.082000000000000455e+02 6.987999999999999545e+02 1.700000000000000000e+01
8.087999999999999545e+02 6.982000000000000455e+02 1.700000000000000000e+01
8.093999999999999773e+02 6.976000000000000227e+02 1.700000000000000000e+01
8.100000000000000000e+02 6.970000000000000000e+02 1.700000000000000000e+01
8.106000000000000227e+02 6.966000000000000227e+02 1.700000000000000000e+01
8.113999999999999773e+02 6.962000000000000455e+02 1.700000000000000000e+01
8.122000000000000455e+02 6.957999999999999545e+02 1.700000000000000000e+01
8.130000000000000000e+02 6.953999999999999773e+02 1.700000000000000000e+01
8.140000000000000000e+02 6.952000000000000455e+02 1.700000000000000000e+01
8.150000000000000000e+02 6.950000000000000000e+02 1.700000000000000000e+01
8.160000000000000000e+02 6.950000000000000000e+02 1.700000000000000000e+01
8.170000000000000000e+02 6.950000000000000000e+02 1.700000000000000000e+01
8.180000000000000000e+02 6.950000000000000000e+02 1.700000000000000000e+01
8.190000000000000000e+02 6.950000000000000000e+02 1.700000000000000000e+01
8.200000000000000000e+02 6.950000000000000000e+02 1.700000000000000000e+01
8.210000000000000000e+02 6.950000000000000000e+02 1.700000000000000000e+01
8.217999999999999545e+02 6.952000000000000455e+02 1.700000000000000000e+01
8.226000000000000227e+02 6.953999999999999773e+02 1.700000000000000000e+01
8.233999999999999773e+02 6.956000000000000227e+02 1.700000000000000000e+01
8.242000000000000455e+02 6.957999999999999545e+02 1.700000000000000000e+01
8.250000000000000000e+02 6.960000000000000000e+02 1.700000000000000000e+01
8.257999999999999545e+02 6.962000000000000455e+02 1.700000000000000000e+01
8.266000000000000227e+02 6.963999999999999773e+02 1.700000000000000000e+01
8.273999999999999773e+02 6.966000000000000227e+02 1.700000000000000000e+01
8.282000000000000455e+02 6.967999999999999545e+02 1.700000000000000000e+01
8.290000000000000000e+02 6.970000000000000000e+02 1.700000000000000000e+01
8.300000000000000000e+02 6.970000000000000000e+02 1.700000000000000000e+01
8.310000000000000000e+02 6.967999999999999545e+02 1.700000000000000000e+01
8.317999999999999545e+02 6.966000000000000227e+02 1.800000000000000000e+01
8.326000000000000227e+02 6.963999999999999773e+02 1.700000000000000000e+01
8.333999999999999773e+02 6.962000000000000455e+02 1.800000000000000000e+01
8.340000000000000000e+02 6.957999999999999545e+02 1.800000000000000000e+01
8.346000000000000227e+02 6.956000000000000227e+02 1.800000000000000000e+01
8.353999999999999773e+02 6.953999999999999773e+02 1.800000000000000000e+01
8.360000000000000000e+02 6.950000000000000000e+02 1.800000000000000000e+01
8.366000000000000227e+02 6.946000000000000227e+02 1.800000000000000000e+01
8.373999999999999773e+02 6.943999999999999773e+02 1.800000000000000000e+01
8.380000000000000000e+02 6.940000000000000000e+02 1.800000000000000000e+01
8.386000000000000227e+02 6.936000000000000227e+02 1.800000000000000000e+01
8.393999999999999773e+02 6.933999999999999773e+02 1.800000000000000000e+01
8.400000000000000000e+02 6.930000000000000000e+02 1.800000000000000000e+01
8.406000000000000227e+02 6.926000000000000227e+02 1.800000000000000000e+01
8.413999999999999773e+02 6.923999999999999773e+02 1.800000000000000000e+01
8.420000000000000000e+02 6.920000000000000000e+02 1.800000000000000000e+01
8.426000000000000227e+02 6.916000000000000227e+02 1.800000000000000000e+01
8.433999999999999773e+02 6.913999999999999773e+02 1.800000000000000000e+01
8.440000000000000000e+02 6.910000000000000000e+02 1.800000000000000000e+01
8.446000000000000227e+02 6.906000000000000227e+02 1.800000000000000000e+01
8.453999999999999773e+02 6.903999999999999773e+02 1.800000000000000000e+01
8.460000000000000000e+02 6.900000000000000000e+02 1.800000000000000000e+01
8.466000000000000227e+02 6.896000000000000227e+02 1.800000000000000000e+01
8.473999999999999773e+02 6.893999999999999773e+02 1.800000000000000000e+01
8.480000000000000000e+02 6.890000000000000000e+02 1.800000000000000000e+01
8.486000000000000227e+02 6.886000000000000227e+02 1.800000000000000000e+01
8.492000000000000455e+02 6.882000000000000455e+02 1.800000000000000000e+01
8.496000000000000227e+02 6.876000000000000227e+02 1.800000000000000000e+01
8.496000000000000227e+02 6.870000000000000000e+02 1.800000000000000000e+01
8.496000000000000227e+02 6.863999999999999773e+02 1.800000000000000000e+01
8.492000000000000455e+02 6.857999999999999545e+02 1.800000000000000000e+01
8.487999999999999545e+02 6.852000000000000455e+02 1.800000000000000000e+01
8.483999999999999773e+02 6.846000000000000227e+02 1.800000000000000000e+01
8.480000000000000000e+02 6.840000000000000000e+02 1.800000000000000000e+01
8.476000000000000227e+02 6.833999999999999773e+02 1.800000000000000000e+01
8.472000000000000455e+02 6.827999999999999545e+02 1.800000000000000000e+01
8.467999999999999545e+02 6.822000000000000455e+02 1.800000000000000000e+01
8.463999999999999773e+02 6.816000000000000227e+02 1.800000000000000000e+01
8.460000000000000000e+02 6.810000000000000000e+02 1.800000000000000000e+01
8.456000000000000227e+02 6.803999999999999773e+02 1.800000000000000000e+01
8.453999999999999773e+02 6.796000000000000227e+02 1.800000000000000000e+01
8.450000000000000000e+02 6.790000000000000000e+02 1.800000000000000000e+01
8.446000000000000227e+02 6.783999999999999773e+02 1.800000000000000000e+01
8.443999999999999773e+02 6.776000000000000227e+02 1.800000000000000000e+01
8.440000000000000000e+02 6.770000000000000000e+02 1.800000000000000000e+01
8.436000000000000227e+02 6.763999999999999773e+02 1.800000000000000000e+01
8.433999999999999773e+02 6.756000000000000227e+02 1.800000000000000000e+01
8.432000000000000455e+02 6.747999999999999545e+02 1.800000000000000000e+01
8.430000000000000000e+02 6.740000000000000000e+02 1.800000000000000000e+01
8.427999999999999545e+02 6.732000000000000455e+02 1.800000000000000000e+01
8.426000000000000227e+02 6.723999999999999773e+02 1.800000000000000000e+01
8.423999999999999773e+02 6.716000000000000227e+02 1.800000000000000000e+01
8.422000000000000455e+02 6.707999999999999545e+02 1.800000000000000000e+01
8.420000000000000000e+02 6.700000000000000000e+02 1.800000000000000000e+01
8.417999999999999545e+02 6.692000000000000455e+02 1.800000000000000000e+01
8.416000000000000227e+02 6.683999999999999773e+02 1.800000000000000000e+01
8.413999999999999773e+02 6.676000000000000227e+02 1.800000000000000000e+01
8.412000000000000455e+02 6.667999999999999545e+02 1.800000000000000000e+01
8.410000000000000000e+02 6.660000000000000000e+02 1.700000000000000000e+01
8.410000000000000000e+02 6.650000000000000000e+02 1.700000000000000000e+01
8.410000000000000000e+02 6.640000000000000000e+02 1.700000000000000000e+01
8.407999999999999545e+02 6.630000000000000000e+02 1.700000000000000000e+01
8.406000000000000227e+02 6.620000000000000000e+02 1.700000000000000000e+01
8.403999999999999773e+02 6.610000000000000000e+02 1.700000000000000000e+01
8.402000000000000455e+02 6.600000000000000000e+02 1.700000000000000000e+01
8.400000000000000000e+02 6.590000000000000000e+02 1.700000000000000000e+01
8.400000000000000000e+02 6.580000000000000000e+02 1.700000000000000000e+01
8.400000000000000000e+02 6.570000000000000000e+02 1.700000000000000000e+01
8.400000000000000000e+02 6.560000000000000000e+02 1.700000000000000000e+01
8.400000000000000000e+02 6.550000000000000000e+02 1.700000000000000000e+01
8.402000000000000455e+02 6.542000000000000455e+02 1.700000000000000000e+01
8.403999999999999773e+02 6.533999999999999773e+02 1.700000000000000000e+01
8.406000000000000227e+02 6.526000000000000227e+02 1.700000000000000000e+01
8.407999999999999545e+02 6.517999999999999545e+02 1.700000000000000000e+01
8.412000000000000455e+02 6.512000000000000455e+02 1.700000000000000000e+01
8.416000000000000227e+02 6.506000000000000227e+02 1.600000000000000000e+01
8.422000000000000455e+02 6.502000000000000455e+02 1.600000000000000000e+01
8.427999999999999545e+02 6.502000000000000455e+02 1.600000000000000000e+01
8.436000000000000227e+02 6.506000000000000227e+02 1.600000000000000000e+01
8.442000000000000455e+02 6.512000000000000455e+02 1.600000000000000000e+01
8.447999999999999545e+02 6.517999999999999545e+02 1.600000000000000000e+01
8.452000000000000455e+02 6.526000000000000227e+02 1.600000000000000000e+01
8.456000000000000227e+02 6.533999999999999773e+02 1.600000000000000000e+01
8.460000000000000000e+02 6.540000000000000000e+02 1.600000000000000000e+01
8.463999999999999773e+02 6.546000000000000227e+02 1.600000000000000000e+01
8.466000000000000227e+02 6.552000000000000455e+02 1.600000000000000000e+01
8.470000000000000000e+02 6.556000000000000227e+02 1.700000000000000000e+01
8.473999999999999773e+02 6.560000000000000000e+02 1.700000000000000000e+01
8.477999999999999545e+02 6.563999999999999773e+02 1.700000000000000000e+01
8.482000000000000455e+02 6.567999999999999545e+02 1.700000000000000000e+01
8.487999999999999545e+02 6.572000000000000455e+02 1.700000000000000000e+01
8.493999999999999773e+02 6.577999999999999545e+02 1.700000000000000000e+01
8.502000000000000455e+02 6.582000000000000455e+02 1.700000000000000000e+01
8.507999999999999545e+02 6.587999999999999545e+02 1.700000000000000000e+01
8.516000000000000227e+02 6.592000000000000455e+02 1.700000000000000000e+01
8.523999999999999773e+02 6.596000000000000227e+02 1.700000000000000000e+01
8.530000000000000000e+02 6.600000000000000000e+02 1.700000000000000000e+01
8.536000000000000227e+02 6.603999999999999773e+02 1.700000000000000000e+01
8.543999999999999773e+02 6.606000000000000227e+02 1.700000000000000000e+01
8.552000000000000455e+02 6.610000000000000000e+02 1.700000000000000000e+01
8.560000000000000000e+02 6.613999999999999773e+02 1.700000000000000000e+01
8.565000000000000000e+02 6.615000000000000000e+02 1.700000000000000000e+01
