2.355999999999999943e+02 4.639999999999999858e+01 1.200000000000000000e+01
2.358000000000000114e+02 4.720000000000000284e+01 1.100000000000000000e+01
2.360000000000000000e+02 4.800000000000000000e+01 1.100000000000000000e+01
2.361999999999999886e+02 4.879999999999999716e+01 1.100000000000000000e+01
2.364000000000000057e+02 4.960000000000000142e+01 1.100000000000000000e+01
2.365999999999999943e+02 5.039999999999999858e+01 1.100000000000000000e+01
2.368000000000000114e+02 5.120000000000000284e+01 1.100000000000000000e+01
2.368000000000000114e+02 5.179999999999999716e+01 1.100000000000000000e+01
2.365999999999999943e+02 5.260000000000000142e+01 1.100000000000000000e+01
2.364000000000000057e+02 5.339999999999999858e+01 1.100000000000000000e+01
2.361999999999999886e+02 5.420000000000000284e+01 1.100000000000000000e+01
2.358000000000000114e+02 5.500000000000000000e+01 1.100000000000000000e+01
2.355999999999999943e+02 5.600000000000000000e+01 1.100000000000000000e+01
2.351999999999999886e+02 5.700000000000000000e+01 1.100000000000000000e+01
2.348000000000000114e+02 5.800000000000000000e+01 1.100000000000000000e+01
2.341999999999999886e+02 5.900000000000000000e+01 1.100000000000000000e+01
2.338000000000000114e+02 6.000000000000000000e+01 1.100000000000000000e+01
2.331999999999999886e+02 6.100000000000000000e+01 1.100000000000000000e+01
2.328000000000000114e+02 6.200000000000000000e+01 1.100000000000000000e+01
2.321999999999999886e+02 6.279999999999999716e+01 1.100000000000000000e+01
2.318000000000000114e+02 6.360000000000000142e+01 1.100000000000000000e+01
2.314000000000000057e+02 6.440000000000000568e+01 1.100000000000000000e+01
2.312500000000000000e+02 6.475000000000000000e+01 1.100000000000000000e+01
