6.943999999999999773e+02 3.923999999999999773e+02 1.100000000000000000e+01
6.950000000000000000e+02 3.921999999999999886e+02 1.100000000000000000e+01
6.956000000000000227e+02 3.920000000000000000e+02 1.000000000000000000e+01
6.963999999999999773e+02 3.920000000000000000e+02 1.000000000000000000e+01
6.972000000000000455e+02 3.920000000000000000e+02 1.000000000000000000e+01
6.980000000000000000e+02 3.920000000000000000e+02 1.000000000000000000e+01
6.987999999999999545e+02 3.918000000000000114e+02 1.000000000000000000e+01
6.996000000000000227e+02 3.916000000000000227e+02 1.000000000000000000e+01
7.003999999999999773e+02 3.913999999999999773e+02 1.000000000000000000e+01
7.007500000000000000e+02 3.912500000000000000e+02 1.000000000000000000e+01
