9.687999999999999545e+02 1.059000000000000000e+03 1.800000000000000000e+01
9.692000000000000455e+02 1.059599999999999909e+03 1.800000000000000000e+01
9.697999999999999545e+02 1.060200000000000045e+03 1.800000000000000000e+01
9.702000000000000455e+02 1.060799999999999955e+03 1.800000000000000000e+01
9.707999999999999545e+02 1.061400000000000091e+03 1.800000000000000000e+01
9.712000000000000455e+02 1.062200000000000045e+03 1.800000000000000000e+01
9.717999999999999545e+02 1.063000000000000000e+03 1.800000000000000000e+01
9.722000000000000455e+02 1.064000000000000000e+03 1.800000000000000000e+01
9.726000000000000227e+02 1.065000000000000000e+03 1.800000000000000000e+01
9.730000000000000000e+02 1.065799999999999955e+03 1.800000000000000000e+01
9.733999999999999773e+02 1.066599999999999909e+03 1.800000000000000000e+01
9.736000000000000227e+02 1.067400000000000091e+03 1.800000000000000000e+01
9.737999999999999545e+02 1.068200000000000045e+03 1.800000000000000000e+01
9.742000000000000455e+02 1.068799999999999955e+03 1.800000000000000000e+01
9.743999999999999773e+02 1.069599999999999909e+03 1.800000000000000000e+01
9.746000000000000227e+02 1.070400000000000091e+03 1.800000000000000000e+01
9.747999999999999545e+02 1.071200000000000045e+03 1.800000000000000000e+01
9.750000000000000000e+02 1.072000000000000000e+03 1.800000000000000000e+01
9.752000000000000455e+02 1.073000000000000000e+03 1.800000000000000000e+01
9.753999999999999773e+02 1.074000000000000000e+03 1.800000000000000000e+01
9.756000000000000227e+02 1.074799999999999955e+03 1.800000000000000000e+01
9.757999999999999545e+02 1.075599999999999909e+03 1.700000000000000000e+01
9.760000000000000000e+02 1.076400000000000091e+03 1.700000000000000000e+01
9.760000000000000000e+02 1.077200000000000045e+03 1.700000000000000000e+01
9.760000000000000000e+02 1.078000000000000000e+03 1.700000000000000000e+01
9.762000000000000455e+02 1.079000000000000000e+03 1.700000000000000000e+01
9.763999999999999773e+02 1.080000000000000000e+03 1.700000000000000000e+01
9.766000000000000227e+02 1.081000000000000000e+03 1.700000000000000000e+01
9.767999999999999545e+02 1.082000000000000000e+03 1.700000000000000000e+01
9.770000000000000000e+02 1.083000000000000000e+03 1.700000000000000000e+01
9.770000000000000000e+02 1.084000000000000000e+03 1.700000000000000000e+01
9.770000000000000000e+02 1.085000000000000000e+03 1.700000000000000000e+01
9.770000000000000000e+02 1.086000000000000000e+03 1.700000000000000000e+01
9.770000000000000000e+02 1.087000000000000000e+03 1.700000000000000000e+01
9.770000000000000000e+02 1.088000000000000000e+03 1.600000000000000000e+01
9.770000000000000000e+02 1.089000000000000000e+03 1.600000000000000000e+01
9.770000000000000000e+02 1.090000000000000000e+03 1.600000000000000000e+01
9.770000000000000000e+02 1.091000000000000000e+03 1.600000000000000000e+01
9.770000000000000000e+02 1.092000000000000000e+03 1.600000000000000000e+01
9.770000000000000000e+02 1.093000000000000000e+03 1.600000000000000000e+01
9.770000000000000000e+02 1.094000000000000000e+03 1.600000000000000000e+01
9.767999999999999545e+02 1.094799999999999955e+03 1.600000000000000000e+01
9.767999999999999545e+02 1.095599999999999909e+03 1.600000000000000000e+01
9.767999999999999545e+02 1.096400000000000091e+03 1.600000000000000000e+01
9.770000000000000000e+02 1.097200000000000045e+03 1.600000000000000000e+01
9.772000000000000455e+02 1.098000000000000000e+03 1.600000000000000000e+01
9.776000000000000227e+02 1.099000000000000000e+03 1.600000000000000000e+01
9.780000000000000000e+02 1.100000000000000000e+03 1.600000000000000000e+01
9.783999999999999773e+02 1.101000000000000000e+03 1.600000000000000000e+01
9.786000000000000227e+02 1.102000000000000000e+03 1.600000000000000000e+01
9.787999999999999545e+02 1.103000000000000000e+03 1.600000000000000000e+01
9.790000000000000000e+02 1.104000000000000000e+03 1.600000000000000000e+01
9.792000000000000455e+02 1.104799999999999955e+03 1.600000000000000000e+01
9.793999999999999773e+02 1.105599999999999909e+03 1.600000000000000000e+01
9.796000000000000227e+02 1.106400000000000091e+03 1.600000000000000000e+01
9.797999999999999545e+02 1.107200000000000045e+03 1.600000000000000000e+01
9.800000000000000000e+02 1.108000000000000000e+03 1.600000000000000000e+01
9.797999999999999545e+02 1.108799999999999955e+03 1.600000000000000000e+01
9.796000000000000227e+02 1.109599999999999909e+03 1.600000000000000000e+01
9.793999999999999773e+02 1.110400000000000091e+03 1.600000000000000000e+01
9.792000000000000455e+02 1.111200000000000045e+03 1.600000000000000000e+01
9.790000000000000000e+02 1.112000000000000000e+03 1.600000000000000000e+01
9.787999999999999545e+02 1.112799999999999955e+03 1.600000000000000000e+01
9.786000000000000227e+02 1.113599999999999909e+03 1.600000000000000000e+01
9.783999999999999773e+02 1.114400000000000091e+03 1.600000000000000000e+01
9.780000000000000000e+02 1.115000000000000000e+03 1.600000000000000000e+01
9.776000000000000227e+02 1.115599999999999909e+03 1.600000000000000000e+01
9.773999999999999773e+02 1.116400000000000091e+03 1.600000000000000000e+01
9.770000000000000000e+02 1.117000000000000000e+03 1.600000000000000000e+01
9.766000000000000227e+02 1.117599999999999909e+03 1.600000000000000000e+01
9.762000000000000455e+02 1.118200000000000045e+03 1.600000000000000000e+01
9.757999999999999545e+02 1.118799999999999955e+03 1.600000000000000000e+01
9.753999999999999773e+02 1.119400000000000091e+03 1.600000000000000000e+01
9.750000000000000000e+02 1.120000000000000000e+03 1.600000000000000000e+01
9.746000000000000227e+02 1.120599999999999909e+03 1.600000000000000000e+01
9.742000000000000455e+02 1.121200000000000045e+03 1.600000000000000000e+01
9.737999999999999545e+02 1.121799999999999955e+03 1.600000000000000000e+01
9.732000000000000455e+02 1.122400000000000091e+03 1.600000000000000000e+01
9.727999999999999545e+02 1.123200000000000045e+03 1.600000000000000000e+01
9.722000000000000455e+02 1.123799999999999955e+03 1.600000000000000000e+01
9.717999999999999545e+02 1.124599999999999909e+03 1.600000000000000000e+01
9.715000000000000000e+02 1.125000000000000000e+03 1.600000000000000000e+01
