9.787999999999999545e+02 8.847999999999999545e+02 8.000000000000000000e+00
9.793999999999999773e+02 8.843999999999999773e+02 8.000000000000000000e+00
9.802000000000000455e+02 8.840000000000000000e+02 8.000000000000000000e+00
9.810000000000000000e+02 8.836000000000000227e+02 8.000000000000000000e+00
9.820000000000000000e+02 8.836000000000000227e+02 8.000000000000000000e+00
9.830000000000000000e+02 8.836000000000000227e+02 8.000000000000000000e+00
9.840000000000000000e+02 8.836000000000000227e+02 8.000000000000000000e+00
9.850000000000000000e+02 8.837999999999999545e+02 8.000000000000000000e+00
9.857999999999999545e+02 8.842000000000000455e+02 8.000000000000000000e+00
9.866000000000000227e+02 8.843999999999999773e+02 8.000000000000000000e+00
9.873999999999999773e+02 8.846000000000000227e+02 8.000000000000000000e+00
9.882000000000000455e+02 8.847999999999999545e+02 8.000000000000000000e+00
9.890000000000000000e+02 8.850000000000000000e+02 8.000000000000000000e+00
9.900000000000000000e+02 8.850000000000000000e+02 8.000000000000000000e+00
9.910000000000000000e+02 8.847999999999999545e+02 8.000000000000000000e+00
9.917999999999999545e+02 8.843999999999999773e+02 8.000000000000000000e+00
9.926000000000000227e+02 8.840000000000000000e+02 8.000000000000000000e+00
9.932000000000000455e+02 8.833999999999999773e+02 8.000000000000000000e+00
9.937999999999999545e+02 8.827999999999999545e+02 8.000000000000000000e+00
9.942000000000000455e+02 8.822000000000000455e+02 8.000000000000000000e+00
9.946000000000000227e+02 8.816000000000000227e+02 8.000000000000000000e+00
9.950000000000000000e+02 8.810000000000000000e+02 8.000000000000000000e+00
9.953999999999999773e+02 8.803999999999999773e+02 8.000000000000000000e+00
9.956000000000000227e+02 8.796000000000000227e+02 8.000000000000000000e+00
9.960000000000000000e+02 8.790000000000000000e+02 8.000000000000000000e+00
9.963999999999999773e+02 8.783999999999999773e+02 8.000000000000000000e+00
9.967999999999999545e+02 8.777999999999999545e+02 8.000000000000000000e+00
9.972000000000000455e+02 8.772000000000000455e+02 8.000000000000000000e+00
9.976000000000000227e+02 8.766000000000000227e+02 8.000000000000000000e+00
9.980000000000000000e+02 8.760000000000000000e+02 8.000000000000000000e+00
9.983999999999999773e+02 8.753999999999999773e+02 8.000000000000000000e+00
9.987999999999999545e+02 8.746000000000000227e+02 8.000000000000000000e+00
9.992000000000000455e+02 8.737999999999999545e+02 8.000000000000000000e+00
9.997999999999999545e+02 8.732000000000000455e+02 8.000000000000000000e+00
1.000200000000000045e+03 8.723999999999999773e+02 8.000000000000000000e+00
1.000799999999999955e+03 8.717999999999999545e+02 8.000000000000000000e+00
1.001200000000000045e+03 8.712000000000000455e+02 8.000000000000000000e+00
1.001799999999999955e+03 8.707999999999999545e+02 8.000000000000000000e+00
1.002399999999999977e+03 8.702000000000000455e+02 8.000000000000000000e+00
1.003200000000000045e+03 8.697999999999999545e+02 8.000000000000000000e+00
1.003500000000000000e+03 8.695000000000000000e+02 8.000000000000000000e+00
