1.254400000000000091e+03 7.976000000000000227e+02 7.000000000000000000e+00
1.254599999999999909e+03 7.983999999999999773e+02 7.000000000000000000e+00
1.254799999999999955e+03 7.992000000000000455e+02 7.000000000000000000e+00
1.255200000000000045e+03 7.997999999999999545e+02 7.000000000000000000e+00
1.255400000000000091e+03 8.006000000000000227e+02 7.000000000000000000e+00
1.255599999999999909e+03 8.013999999999999773e+02 7.000000000000000000e+00
1.255799999999999955e+03 8.022000000000000455e+02 7.000000000000000000e+00
1.256200000000000045e+03 8.027999999999999545e+02 7.000000000000000000e+00
1.256400000000000091e+03 8.036000000000000227e+02 7.000000000000000000e+00
1.256599999999999909e+03 8.043999999999999773e+02 7.000000000000000000e+00
1.256799999999999955e+03 8.052000000000000455e+02 7.000000000000000000e+00
1.257200000000000045e+03 8.060000000000000000e+02 7.000000000000000000e+00
1.257400000000000091e+03 8.070000000000000000e+02 7.000000000000000000e+00
1.257599999999999909e+03 8.080000000000000000e+02 7.000000000000000000e+00
1.257799999999999955e+03 8.090000000000000000e+02 7.000000000000000000e+00
1.258200000000000045e+03 8.100000000000000000e+02 7.000000000000000000e+00
1.258400000000000091e+03 8.110000000000000000e+02 7.000000000000000000e+00
1.258599999999999909e+03 8.120000000000000000e+02 7.000000000000000000e+00
1.258799999999999955e+03 8.130000000000000000e+02 7.000000000000000000e+00
1.259200000000000045e+03 8.137999999999999545e+02 7.000000000000000000e+00
1.259400000000000091e+03 8.146000000000000227e+02 7.000000000000000000e+00
1.259599999999999909e+03 8.153999999999999773e+02 7.000000000000000000e+00
1.259799999999999955e+03 8.162000000000000455e+02 7.000000000000000000e+00
1.260000000000000000e+03 8.170000000000000000e+02 7.000000000000000000e+00
1.260200000000000045e+03 8.177999999999999545e+02 7.000000000000000000e+00
1.260400000000000091e+03 8.186000000000000227e+02 7.000000000000000000e+00
1.260599999999999909e+03 8.193999999999999773e+02 7.000000000000000000e+00
1.260799999999999955e+03 8.202000000000000455e+02 7.000000000000000000e+00
1.261200000000000045e+03 8.207999999999999545e+02 7.000000000000000000e+00
1.261400000000000091e+03 8.216000000000000227e+02 7.000000000000000000e+00
1.261599999999999909e+03 8.223999999999999773e+02 7.000000000000000000e+00
1.261799999999999955e+03 8.232000000000000455e+02 7.000000000000000000e+00
1.262000000000000000e+03 8.240000000000000000e+02 7.000000000000000000e+00
1.262200000000000045e+03 8.247999999999999545e+02 7.000000000000000000e+00
1.262400000000000091e+03 8.256000000000000227e+02 7.000000000000000000e+00
1.262599999999999909e+03 8.263999999999999773e+02 7.000000000000000000e+00
1.262799999999999955e+03 8.272000000000000455e+02 7.000000000000000000e+00
1.263000000000000000e+03 8.280000000000000000e+02 7.000000000000000000e+00
1.263000000000000000e+03 8.290000000000000000e+02 7.000000000000000000e+00
1.263000000000000000e+03 8.300000000000000000e+02 7.000000000000000000e+00
1.263000000000000000e+03 8.310000000000000000e+02 7.000000000000000000e+00
1.263000000000000000e+03 8.320000000000000000e+02 7.000000000000000000e+00
1.263200000000000045e+03 8.327999999999999545e+02 7.000000000000000000e+00
1.263400000000000091e+03 8.336000000000000227e+02 7.000000000000000000e+00
1.263599999999999909e+03 8.343999999999999773e+02 7.000000000000000000e+00
1.263799999999999955e+03 8.352000000000000455e+02 7.000000000000000000e+00
1.264000000000000000e+03 8.360000000000000000e+02 7.000000000000000000e+00
1.264000000000000000e+03 8.370000000000000000e+02 7.000000000000000000e+00
1.264000000000000000e+03 8.377999999999999545e+02 7.000000000000000000e+00
1.264000000000000000e+03 8.386000000000000227e+02 8.000000000000000000e+00
1.264000000000000000e+03 8.393999999999999773e+02 8.000000000000000000e+00
1.264000000000000000e+03 8.402000000000000455e+02 8.000000000000000000e+00
1.264000000000000000e+03 8.410000000000000000e+02 8.000000000000000000e+00
1.264200000000000045e+03 8.417999999999999545e+02 8.000000000000000000e+00
1.264400000000000091e+03 8.426000000000000227e+02 8.000000000000000000e+00
1.264599999999999909e+03 8.433999999999999773e+02 8.000000000000000000e+00
1.264799999999999955e+03 8.442000000000000455e+02 8.000000000000000000e+00
1.265000000000000000e+03 8.450000000000000000e+02 8.000000000000000000e+00
1.265000000000000000e+03 8.460000000000000000e+02 8.000000000000000000e+00
1.265000000000000000e+03 8.470000000000000000e+02 8.000000000000000000e+00
1.265000000000000000e+03 8.480000000000000000e+02 8.000000000000000000e+00
1.265000000000000000e+03 8.490000000000000000e+02 8.000000000000000000e+00
1.265000000000000000e+03 8.500000000000000000e+02 8.000000000000000000e+00
1.265000000000000000e+03 8.510000000000000000e+02 8.000000000000000000e+00
1.264799999999999955e+03 8.517999999999999545e+02 8.000000000000000000e+00
1.264599999999999909e+03 8.526000000000000227e+02 8.000000000000000000e+00
1.264400000000000091e+03 8.533999999999999773e+02 8.000000000000000000e+00
1.264000000000000000e+03 8.540000000000000000e+02 8.000000000000000000e+00
1.263599999999999909e+03 8.546000000000000227e+02 8.000000000000000000e+00
1.263400000000000091e+03 8.553999999999999773e+02 8.000000000000000000e+00
1.263000000000000000e+03 8.560000000000000000e+02 8.000000000000000000e+00
1.262599999999999909e+03 8.566000000000000227e+02 8.000000000000000000e+00
1.262400000000000091e+03 8.573999999999999773e+02 8.000000000000000000e+00
1.262000000000000000e+03 8.580000000000000000e+02 8.000000000000000000e+00
1.261599999999999909e+03 8.586000000000000227e+02 8.000000000000000000e+00
1.261400000000000091e+03 8.593999999999999773e+02 8.000000000000000000e+00
1.261400000000000091e+03 8.600000000000000000e+02 8.000000000000000000e+00
1.261400000000000091e+03 8.606000000000000227e+02 8.000000000000000000e+00
1.261599999999999909e+03 8.613999999999999773e+02 8.000000000000000000e+00
1.261799999999999955e+03 8.622000000000000455e+02 8.000000000000000000e+00
1.262000000000000000e+03 8.625000000000000000e+02 8.000000000000000000e+00
