2.244000000000000057e+02 4.343999999999999773e+02 1.800000000000000000e+01
2.241999999999999886e+02 4.351999999999999886e+02 1.800000000000000000e+01
2.238000000000000114e+02 4.358000000000000114e+02 1.800000000000000000e+01
2.235999999999999943e+02 4.366000000000000227e+02 1.800000000000000000e+01
2.234000000000000057e+02 4.373999999999999773e+02 1.800000000000000000e+01
2.234000000000000057e+02 4.380000000000000000e+02 1.800000000000000000e+01
2.234000000000000057e+02 4.386000000000000227e+02 1.800000000000000000e+01
2.235999999999999943e+02 4.393999999999999773e+02 1.800000000000000000e+01
2.238000000000000114e+02 4.401999999999999886e+02 1.800000000000000000e+01
2.241999999999999886e+02 4.408000000000000114e+02 1.800000000000000000e+01
2.244000000000000057e+02 4.416000000000000227e+02 1.800000000000000000e+01
2.248000000000000114e+02 4.421999999999999886e+02 1.800000000000000000e+01
2.251999999999999886e+02 4.428000000000000114e+02 1.800000000000000000e+01
2.258000000000000114e+02 4.431999999999999886e+02 1.800000000000000000e+01
2.261999999999999886e+02 4.438000000000000114e+02 1.800000000000000000e+01
2.268000000000000114e+02 4.441999999999999886e+02 1.800000000000000000e+01
2.271999999999999886e+02 4.448000000000000114e+02 1.800000000000000000e+01
2.278000000000000114e+02 4.451999999999999886e+02 1.800000000000000000e+01
2.281999999999999886e+02 4.458000000000000114e+02 1.800000000000000000e+01
2.288000000000000114e+02 4.461999999999999886e+02 1.800000000000000000e+01
2.291999999999999886e+02 4.468000000000000114e+02 1.800000000000000000e+01
2.295999999999999943e+02 4.473999999999999773e+02 1.800000000000000000e+01
2.300000000000000000e+02 4.480000000000000000e+02 1.800000000000000000e+01
2.304000000000000057e+02 4.486000000000000227e+02 1.800000000000000000e+01
2.305999999999999943e+02 4.493999999999999773e+02 1.800000000000000000e+01
2.310000000000000000e+02 4.500000000000000000e+02 1.800000000000000000e+01
2.314000000000000057e+02 4.506000000000000227e+02 1.800000000000000000e+01
2.315999999999999943e+02 4.513999999999999773e+02 1.800000000000000000e+01
2.318000000000000114e+02 4.521999999999999886e+02 1.800000000000000000e+01
2.320000000000000000e+02 4.530000000000000000e+02 1.700000000000000000e+01
2.320000000000000000e+02 4.540000000000000000e+02 1.700000000000000000e+01
2.320000000000000000e+02 4.550000000000000000e+02 1.700000000000000000e+01
2.320000000000000000e+02 4.555000000000000000e+02 1.700000000000000000e+01
