6.090000000000000000e+02 2.700000000000000000e+01 6.000000000000000000e+00
6.087999999999999545e+02 2.760000000000000142e+01 6.000000000000000000e+00
6.082000000000000455e+02 2.819999999999999929e+01 6.000000000000000000e+00
6.077999999999999545e+02 2.880000000000000071e+01 6.000000000000000000e+00
6.073999999999999773e+02 2.939999999999999858e+01 6.000000000000000000e+00
6.070000000000000000e+02 3.000000000000000000e+01 6.000000000000000000e+00
6.066000000000000227e+02 3.060000000000000142e+01 6.000000000000000000e+00
6.062000000000000455e+02 3.119999999999999929e+01 6.000000000000000000e+00
6.057999999999999545e+02 3.180000000000000071e+01 6.000000000000000000e+00
6.052000000000000455e+02 3.220000000000000284e+01 6.000000000000000000e+00
6.047999999999999545e+02 3.279999999999999716e+01 6.000000000000000000e+00
6.043999999999999773e+02 3.339999999999999858e+01 6.000000000000000000e+00
6.040000000000000000e+02 3.400000000000000000e+01 6.000000000000000000e+00
6.036000000000000227e+02 3.460000000000000142e+01 6.000000000000000000e+00
6.032000000000000455e+02 3.520000000000000284e+01 6.000000000000000000e+00
6.027999999999999545e+02 3.579999999999999716e+01 6.000000000000000000e+00
6.022000000000000455e+02 3.620000000000000284e+01 6.000000000000000000e+00
6.017999999999999545e+02 3.679999999999999716e+01 6.000000000000000000e+00
6.012000000000000455e+02 3.739999999999999858e+01 6.000000000000000000e+00
6.007999999999999545e+02 3.820000000000000284e+01 6.000000000000000000e+00
6.002000000000000455e+02 3.879999999999999716e+01 6.000000000000000000e+00
5.997999999999999545e+02 3.960000000000000142e+01 6.000000000000000000e+00
5.993999999999999773e+02 4.039999999999999858e+01 6.000000000000000000e+00
5.990000000000000000e+02 4.120000000000000284e+01 6.000000000000000000e+00
5.986000000000000227e+02 4.200000000000000000e+01 6.000000000000000000e+00
5.983999999999999773e+02 4.300000000000000000e+01 6.000000000000000000e+00
5.980000000000000000e+02 4.400000000000000000e+01 6.000000000000000000e+00
5.976000000000000227e+02 4.500000000000000000e+01 6.000000000000000000e+00
5.973999999999999773e+02 4.600000000000000000e+01 6.000000000000000000e+00
5.972000000000000455e+02 4.700000000000000000e+01 6.000000000000000000e+00
5.970000000000000000e+02 4.800000000000000000e+01 6.000000000000000000e+00
5.970000000000000000e+02 4.900000000000000000e+01 6.000000000000000000e+00
5.970000000000000000e+02 5.000000000000000000e+01 6.000000000000000000e+00
5.970000000000000000e+02 5.100000000000000000e+01 6.000000000000000000e+00
5.970000000000000000e+02 5.200000000000000000e+01 6.000000000000000000e+00
5.970000000000000000e+02 5.250000000000000000e+01 6.000000000000000000e+00
