1.073000000000000000e+03 1.404000000000000000e+03 1.300000000000000000e+01
1.073000000000000000e+03 1.405000000000000000e+03 1.300000000000000000e+01
1.073000000000000000e+03 1.406000000000000000e+03 1.300000000000000000e+01
1.073000000000000000e+03 1.407000000000000000e+03 1.300000000000000000e+01
1.073000000000000000e+03 1.408000000000000000e+03 1.300000000000000000e+01
1.073000000000000000e+03 1.409000000000000000e+03 1.300000000000000000e+01
1.073000000000000000e+03 1.410000000000000000e+03 1.300000000000000000e+01
1.073200000000000045e+03 1.410799999999999955e+03 1.300000000000000000e+01
1.073400000000000091e+03 1.411599999999999909e+03 1.300000000000000000e+01
1.073599999999999909e+03 1.412400000000000091e+03 1.200000000000000000e+01
1.073799999999999955e+03 1.413200000000000045e+03 1.200000000000000000e+01
1.074200000000000045e+03 1.414000000000000000e+03 1.200000000000000000e+01
1.074400000000000091e+03 1.415000000000000000e+03 1.200000000000000000e+01
1.074799999999999955e+03 1.415799999999999955e+03 1.200000000000000000e+01
1.075200000000000045e+03 1.416599999999999909e+03 1.200000000000000000e+01
1.075799999999999955e+03 1.417400000000000091e+03 1.200000000000000000e+01
1.076400000000000091e+03 1.418200000000000045e+03 1.200000000000000000e+01
1.077200000000000045e+03 1.418799999999999955e+03 1.200000000000000000e+01
1.077799999999999955e+03 1.419599999999999909e+03 1.200000000000000000e+01
1.078599999999999909e+03 1.420200000000000045e+03 1.200000000000000000e+01
1.079400000000000091e+03 1.420599999999999909e+03 1.200000000000000000e+01
1.080000000000000000e+03 1.421000000000000000e+03 1.200000000000000000e+01
1.080599999999999909e+03 1.421400000000000091e+03 1.200000000000000000e+01
1.081400000000000091e+03 1.421599999999999909e+03 1.200000000000000000e+01
1.082200000000000045e+03 1.422000000000000000e+03 1.200000000000000000e+01
1.083000000000000000e+03 1.422400000000000091e+03 1.200000000000000000e+01
1.084000000000000000e+03 1.422599999999999909e+03 1.200000000000000000e+01
1.085000000000000000e+03 1.422799999999999955e+03 1.200000000000000000e+01
1.085799999999999955e+03 1.423200000000000045e+03 1.200000000000000000e+01
1.086599999999999909e+03 1.423400000000000091e+03 1.200000000000000000e+01
1.087400000000000091e+03 1.423599999999999909e+03 1.200000000000000000e+01
1.088200000000000045e+03 1.423799999999999955e+03 1.200000000000000000e+01
1.089000000000000000e+03 1.424000000000000000e+03 1.200000000000000000e+01
1.090000000000000000e+03 1.424000000000000000e+03 1.200000000000000000e+01
1.091000000000000000e+03 1.424200000000000045e+03 1.200000000000000000e+01
1.092000000000000000e+03 1.424400000000000091e+03 1.200000000000000000e+01
1.093000000000000000e+03 1.424599999999999909e+03 1.200000000000000000e+01
1.094000000000000000e+03 1.424799999999999955e+03 1.200000000000000000e+01
1.095000000000000000e+03 1.425000000000000000e+03 1.200000000000000000e+01
1.096000000000000000e+03 1.425000000000000000e+03 1.200000000000000000e+01
1.097000000000000000e+03 1.425000000000000000e+03 1.200000000000000000e+01
1.098000000000000000e+03 1.425000000000000000e+03 1.200000000000000000e+01
1.098799999999999955e+03 1.425200000000000045e+03 1.200000000000000000e+01
1.099599999999999909e+03 1.425400000000000091e+03 1.200000000000000000e+01
1.100200000000000045e+03 1.425599999999999909e+03 1.200000000000000000e+01
1.100799999999999955e+03 1.425799999999999955e+03 1.300000000000000000e+01
1.101400000000000091e+03 1.426000000000000000e+03 1.300000000000000000e+01
1.102200000000000045e+03 1.426000000000000000e+03 1.300000000000000000e+01
1.103000000000000000e+03 1.426000000000000000e+03 1.300000000000000000e+01
1.103799999999999955e+03 1.426200000000000045e+03 1.300000000000000000e+01
1.104599999999999909e+03 1.426400000000000091e+03 1.300000000000000000e+01
1.105400000000000091e+03 1.426599999999999909e+03 1.300000000000000000e+01
1.106200000000000045e+03 1.426799999999999955e+03 1.300000000000000000e+01
1.106799999999999955e+03 1.427200000000000045e+03 1.300000000000000000e+01
1.107599999999999909e+03 1.427400000000000091e+03 1.300000000000000000e+01
1.108400000000000091e+03 1.427599999999999909e+03 1.300000000000000000e+01
1.109200000000000045e+03 1.428000000000000000e+03 1.300000000000000000e+01
1.110000000000000000e+03 1.428400000000000091e+03 1.300000000000000000e+01
1.110799999999999955e+03 1.428799999999999955e+03 1.300000000000000000e+01
1.111599999999999909e+03 1.429200000000000045e+03 1.300000000000000000e+01
1.112400000000000091e+03 1.429599999999999909e+03 1.300000000000000000e+01
1.113000000000000000e+03 1.430000000000000000e+03 1.300000000000000000e+01
1.113599999999999909e+03 1.430400000000000091e+03 1.300000000000000000e+01
1.114400000000000091e+03 1.430799999999999955e+03 1.300000000000000000e+01
1.115200000000000045e+03 1.431200000000000045e+03 1.300000000000000000e+01
1.115799999999999955e+03 1.431799999999999955e+03 1.300000000000000000e+01
1.116599999999999909e+03 1.432200000000000045e+03 1.300000000000000000e+01
1.117400000000000091e+03 1.432799999999999955e+03 1.300000000000000000e+01
1.118200000000000045e+03 1.433200000000000045e+03 1.300000000000000000e+01
1.118799999999999955e+03 1.433799999999999955e+03 1.300000000000000000e+01
1.119599999999999909e+03 1.434200000000000045e+03 1.300000000000000000e+01
1.120200000000000045e+03 1.434799999999999955e+03 1.300000000000000000e+01
1.120799999999999955e+03 1.435200000000000045e+03 1.300000000000000000e+01
1.121200000000000045e+03 1.435799999999999955e+03 1.300000000000000000e+01
1.121799999999999955e+03 1.436200000000000045e+03 1.300000000000000000e+01
1.122200000000000045e+03 1.436799999999999955e+03 1.300000000000000000e+01
1.122799999999999955e+03 1.437200000000000045e+03 1.300000000000000000e+01
1.123400000000000091e+03 1.437799999999999955e+03 1.300000000000000000e+01
1.124200000000000045e+03 1.438400000000000091e+03 1.300000000000000000e+01
1.124799999999999955e+03 1.439200000000000045e+03 1.300000000000000000e+01
1.125599999999999909e+03 1.439799999999999955e+03 1.300000000000000000e+01
1.126200000000000045e+03 1.440599999999999909e+03 1.300000000000000000e+01
1.126799999999999955e+03 1.441200000000000045e+03 1.300000000000000000e+01
1.127200000000000045e+03 1.441799999999999955e+03 1.300000000000000000e+01
1.127799999999999955e+03 1.442200000000000045e+03 1.300000000000000000e+01
1.128200000000000045e+03 1.442799999999999955e+03 1.300000000000000000e+01
1.128799999999999955e+03 1.443400000000000091e+03 1.300000000000000000e+01
1.129200000000000045e+03 1.444200000000000045e+03 1.300000000000000000e+01
1.129799999999999955e+03 1.445000000000000000e+03 1.300000000000000000e+01
1.130200000000000045e+03 1.446000000000000000e+03 1.300000000000000000e+01
1.130799999999999955e+03 1.446799999999999955e+03 1.300000000000000000e+01
1.131200000000000045e+03 1.447599999999999909e+03 1.300000000000000000e+01
1.131599999999999909e+03 1.448400000000000091e+03 1.300000000000000000e+01
1.132000000000000000e+03 1.449000000000000000e+03 1.300000000000000000e+01
1.132400000000000091e+03 1.449599999999999909e+03 1.300000000000000000e+01
1.132599999999999909e+03 1.450400000000000091e+03 1.300000000000000000e+01
1.133000000000000000e+03 1.451200000000000045e+03 1.300000000000000000e+01
1.133400000000000091e+03 1.452000000000000000e+03 1.300000000000000000e+01
1.133599999999999909e+03 1.453000000000000000e+03 1.300000000000000000e+01
1.134000000000000000e+03 1.454000000000000000e+03 1.300000000000000000e+01
1.134400000000000091e+03 1.455000000000000000e+03 1.300000000000000000e+01
1.134599999999999909e+03 1.456000000000000000e+03 1.300000000000000000e+01
1.134799999999999955e+03 1.456799999999999955e+03 1.300000000000000000e+01
1.135000000000000000e+03 1.457599999999999909e+03 1.400000000000000000e+01
1.135000000000000000e+03 1.458400000000000091e+03 1.400000000000000000e+01
1.135000000000000000e+03 1.459200000000000045e+03 1.400000000000000000e+01
1.135000000000000000e+03 1.460000000000000000e+03 1.400000000000000000e+01
1.135000000000000000e+03 1.461000000000000000e+03 1.400000000000000000e+01
1.135000000000000000e+03 1.462000000000000000e+03 1.400000000000000000e+01
1.135000000000000000e+03 1.463000000000000000e+03 1.400000000000000000e+01
1.134799999999999955e+03 1.463799999999999955e+03 1.400000000000000000e+01
1.134599999999999909e+03 1.464599999999999909e+03 1.400000000000000000e+01
1.134400000000000091e+03 1.465400000000000091e+03 1.400000000000000000e+01
1.134000000000000000e+03 1.466000000000000000e+03 1.400000000000000000e+01
1.133599999999999909e+03 1.466599999999999909e+03 1.400000000000000000e+01
1.133200000000000045e+03 1.467200000000000045e+03 1.400000000000000000e+01
1.132799999999999955e+03 1.467799999999999955e+03 1.400000000000000000e+01
1.132400000000000091e+03 1.468400000000000091e+03 1.400000000000000000e+01
1.132000000000000000e+03 1.469000000000000000e+03 1.400000000000000000e+01
1.131599999999999909e+03 1.469599999999999909e+03 1.400000000000000000e+01
1.131200000000000045e+03 1.470200000000000045e+03 1.400000000000000000e+01
1.130799999999999955e+03 1.470799999999999955e+03 1.400000000000000000e+01
1.130400000000000091e+03 1.471400000000000091e+03 1.400000000000000000e+01
1.130000000000000000e+03 1.472000000000000000e+03 1.400000000000000000e+01
1.129599999999999909e+03 1.472599999999999909e+03 1.400000000000000000e+01
1.129400000000000091e+03 1.473400000000000091e+03 1.400000000000000000e+01
1.129000000000000000e+03 1.474000000000000000e+03 1.400000000000000000e+01
1.128599999999999909e+03 1.474599999999999909e+03 1.400000000000000000e+01
1.128400000000000091e+03 1.475400000000000091e+03 1.400000000000000000e+01
1.128200000000000045e+03 1.476200000000000045e+03 1.400000000000000000e+01
1.127799999999999955e+03 1.477000000000000000e+03 1.400000000000000000e+01
1.127599999999999909e+03 1.478000000000000000e+03 1.400000000000000000e+01
1.127400000000000091e+03 1.479000000000000000e+03 1.400000000000000000e+01
1.127200000000000045e+03 1.480000000000000000e+03 1.400000000000000000e+01
1.126799999999999955e+03 1.480799999999999955e+03 1.400000000000000000e+01
1.126599999999999909e+03 1.481599999999999909e+03 1.400000000000000000e+01
1.126400000000000091e+03 1.482400000000000091e+03 1.400000000000000000e+01
1.126200000000000045e+03 1.483200000000000045e+03 1.400000000000000000e+01
1.125799999999999955e+03 1.484000000000000000e+03 1.400000000000000000e+01
1.125599999999999909e+03 1.485000000000000000e+03 1.400000000000000000e+01
1.125200000000000045e+03 1.486000000000000000e+03 1.400000000000000000e+01
1.124799999999999955e+03 1.487000000000000000e+03 1.400000000000000000e+01
1.124200000000000045e+03 1.487799999999999955e+03 1.400000000000000000e+01
1.123799999999999955e+03 1.488599999999999909e+03 1.400000000000000000e+01
1.123200000000000045e+03 1.489400000000000091e+03 1.400000000000000000e+01
1.122599999999999909e+03 1.490200000000000045e+03 1.400000000000000000e+01
1.122000000000000000e+03 1.491000000000000000e+03 1.400000000000000000e+01
1.121400000000000091e+03 1.491799999999999955e+03 1.400000000000000000e+01
1.120599999999999909e+03 1.492599999999999909e+03 1.400000000000000000e+01
1.119799999999999955e+03 1.493200000000000045e+03 1.400000000000000000e+01
1.119200000000000045e+03 1.493799999999999955e+03 1.400000000000000000e+01
1.118400000000000091e+03 1.494200000000000045e+03 1.400000000000000000e+01
1.117799999999999955e+03 1.494799999999999955e+03 1.400000000000000000e+01
1.117400000000000091e+03 1.495400000000000091e+03 1.300000000000000000e+01
1.117200000000000045e+03 1.496200000000000045e+03 1.300000000000000000e+01
1.117200000000000045e+03 1.496799999999999955e+03 1.300000000000000000e+01
1.117400000000000091e+03 1.497599999999999909e+03 1.300000000000000000e+01
1.117599999999999909e+03 1.498400000000000091e+03 1.300000000000000000e+01
1.117799999999999955e+03 1.499200000000000045e+03 1.300000000000000000e+01
1.118000000000000000e+03 1.500000000000000000e+03 1.300000000000000000e+01
1.118200000000000045e+03 1.500799999999999955e+03 1.300000000000000000e+01
1.118400000000000091e+03 1.501599999999999909e+03 1.300000000000000000e+01
1.118599999999999909e+03 1.502400000000000091e+03 1.300000000000000000e+01
1.118799999999999955e+03 1.503200000000000045e+03 1.300000000000000000e+01
1.119200000000000045e+03 1.504000000000000000e+03 1.300000000000000000e+01
1.119400000000000091e+03 1.504799999999999955e+03 1.200000000000000000e+01
1.119599999999999909e+03 1.505599999999999909e+03 1.300000000000000000e+01
1.119799999999999955e+03 1.506400000000000091e+03 1.200000000000000000e+01
1.120200000000000045e+03 1.507000000000000000e+03 1.200000000000000000e+01
1.120400000000000091e+03 1.507599999999999909e+03 1.200000000000000000e+01
1.120599999999999909e+03 1.508400000000000091e+03 1.200000000000000000e+01
1.121000000000000000e+03 1.509200000000000045e+03 1.200000000000000000e+01
1.121400000000000091e+03 1.510000000000000000e+03 1.200000000000000000e+01
1.121799999999999955e+03 1.510799999999999955e+03 1.200000000000000000e+01
1.122200000000000045e+03 1.511599999999999909e+03 1.200000000000000000e+01
1.122599999999999909e+03 1.512400000000000091e+03 1.200000000000000000e+01
1.123000000000000000e+03 1.513000000000000000e+03 1.200000000000000000e+01
1.123400000000000091e+03 1.513599999999999909e+03 1.200000000000000000e+01
1.123799999999999955e+03 1.514400000000000091e+03 1.200000000000000000e+01
1.124400000000000091e+03 1.515200000000000045e+03 1.200000000000000000e+01
1.125000000000000000e+03 1.516000000000000000e+03 1.200000000000000000e+01
1.125599999999999909e+03 1.516799999999999955e+03 1.200000000000000000e+01
1.126200000000000045e+03 1.517599999999999909e+03 1.200000000000000000e+01
1.126799999999999955e+03 1.518200000000000045e+03 1.200000000000000000e+01
1.127200000000000045e+03 1.518799999999999955e+03 1.200000000000000000e+01
1.127799999999999955e+03 1.519200000000000045e+03 1.200000000000000000e+01
1.128200000000000045e+03 1.519799999999999955e+03 1.200000000000000000e+01
1.128799999999999955e+03 1.520200000000000045e+03 1.200000000000000000e+01
1.129000000000000000e+03 1.520500000000000000e+03 1.200000000000000000e+01
