3.076000000000000227e+02 4.073999999999999773e+02 6.000000000000000000e+00
3.083999999999999773e+02 4.078000000000000114e+02 6.000000000000000000e+00
3.091999999999999886e+02 4.081999999999999886e+02 6.000000000000000000e+00
3.098000000000000114e+02 4.088000000000000114e+02 6.000000000000000000e+00
3.106000000000000227e+02 4.091999999999999886e+02 6.000000000000000000e+00
3.113999999999999773e+02 4.096000000000000227e+02 6.000000000000000000e+00
3.120000000000000000e+02 4.100000000000000000e+02 6.000000000000000000e+00
3.126000000000000227e+02 4.103999999999999773e+02 6.000000000000000000e+00
3.133999999999999773e+02 4.106000000000000227e+02 6.000000000000000000e+00
3.140000000000000000e+02 4.110000000000000000e+02 6.000000000000000000e+00
3.146000000000000227e+02 4.113999999999999773e+02 7.000000000000000000e+00
3.153999999999999773e+02 4.116000000000000227e+02 7.000000000000000000e+00
3.161999999999999886e+02 4.118000000000000114e+02 7.000000000000000000e+00
3.170000000000000000e+02 4.121999999999999886e+02 7.000000000000000000e+00
3.180000000000000000e+02 4.123999999999999773e+02 7.000000000000000000e+00
3.190000000000000000e+02 4.126000000000000227e+02 7.000000000000000000e+00
3.200000000000000000e+02 4.128000000000000114e+02 7.000000000000000000e+00
3.210000000000000000e+02 4.130000000000000000e+02 7.000000000000000000e+00
3.220000000000000000e+02 4.130000000000000000e+02 7.000000000000000000e+00
3.230000000000000000e+02 4.130000000000000000e+02 7.000000000000000000e+00
3.240000000000000000e+02 4.130000000000000000e+02 7.000000000000000000e+00
3.250000000000000000e+02 4.130000000000000000e+02 7.000000000000000000e+00
3.260000000000000000e+02 4.130000000000000000e+02 7.000000000000000000e+00
3.270000000000000000e+02 4.130000000000000000e+02 7.000000000000000000e+00
3.280000000000000000e+02 4.130000000000000000e+02 7.000000000000000000e+00
3.290000000000000000e+02 4.130000000000000000e+02 7.000000000000000000e+00
3.300000000000000000e+02 4.130000000000000000e+02 7.000000000000000000e+00
3.308000000000000114e+02 4.130000000000000000e+02 7.000000000000000000e+00
3.313999999999999773e+02 4.131999999999999886e+02 8.000000000000000000e+00
3.318000000000000114e+02 4.136000000000000227e+02 7.000000000000000000e+00
3.321999999999999886e+02 4.140000000000000000e+02 7.000000000000000000e+00
3.323999999999999773e+02 4.146000000000000227e+02 7.000000000000000000e+00
3.326000000000000227e+02 4.153999999999999773e+02 7.000000000000000000e+00
3.330000000000000000e+02 4.160000000000000000e+02 7.000000000000000000e+00
3.333999999999999773e+02 4.166000000000000227e+02 7.000000000000000000e+00
3.338000000000000114e+02 4.173999999999999773e+02 7.000000000000000000e+00
3.343999999999999773e+02 4.181999999999999886e+02 7.000000000000000000e+00
3.350000000000000000e+02 4.190000000000000000e+02 7.000000000000000000e+00
3.356000000000000227e+02 4.198000000000000114e+02 7.000000000000000000e+00
3.363999999999999773e+02 4.206000000000000227e+02 7.000000000000000000e+00
3.371999999999999886e+02 4.211999999999999886e+02 7.000000000000000000e+00
3.378000000000000114e+02 4.218000000000000114e+02 7.000000000000000000e+00
3.386000000000000227e+02 4.221999999999999886e+02 7.000000000000000000e+00
3.393999999999999773e+02 4.226000000000000227e+02 7.000000000000000000e+00
3.400000000000000000e+02 4.230000000000000000e+02 7.000000000000000000e+00
3.406000000000000227e+02 4.233999999999999773e+02 7.000000000000000000e+00
3.413999999999999773e+02 4.236000000000000227e+02 7.000000000000000000e+00
3.421999999999999886e+02 4.238000000000000114e+02 7.000000000000000000e+00
3.428000000000000114e+02 4.238000000000000114e+02 7.000000000000000000e+00
3.436000000000000227e+02 4.236000000000000227e+02 7.000000000000000000e+00
3.443999999999999773e+02 4.233999999999999773e+02 7.000000000000000000e+00
3.451999999999999886e+02 4.231999999999999886e+02 7.000000000000000000e+00
3.458000000000000114e+02 4.228000000000000114e+02 7.000000000000000000e+00
3.466000000000000227e+02 4.226000000000000227e+02 7.000000000000000000e+00
3.473999999999999773e+02 4.221999999999999886e+02 7.000000000000000000e+00
3.481999999999999886e+02 4.218000000000000114e+02 8.000000000000000000e+00
3.488000000000000114e+02 4.211999999999999886e+02 8.000000000000000000e+00
3.496000000000000227e+02 4.208000000000000114e+02 8.000000000000000000e+00
3.503999999999999773e+02 4.201999999999999886e+02 8.000000000000000000e+00
3.511999999999999886e+02 4.198000000000000114e+02 8.000000000000000000e+00
3.518000000000000114e+02 4.191999999999999886e+02 8.000000000000000000e+00
3.526000000000000227e+02 4.188000000000000114e+02 8.000000000000000000e+00
3.531999999999999886e+02 4.181999999999999886e+02 8.000000000000000000e+00
3.538000000000000114e+02 4.178000000000000114e+02 8.000000000000000000e+00
3.543999999999999773e+02 4.173999999999999773e+02 8.000000000000000000e+00
3.550000000000000000e+02 4.170000000000000000e+02 8.000000000000000000e+00
3.556000000000000227e+02 4.166000000000000227e+02 8.000000000000000000e+00
3.563999999999999773e+02 4.163999999999999773e+02 8.000000000000000000e+00
3.571999999999999886e+02 4.160000000000000000e+02 8.000000000000000000e+00
3.580000000000000000e+02 4.156000000000000227e+02 8.000000000000000000e+00
3.590000000000000000e+02 4.153999999999999773e+02 8.000000000000000000e+00
3.600000000000000000e+02 4.151999999999999886e+02 8.000000000000000000e+00
3.608000000000000114e+02 4.148000000000000114e+02 8.000000000000000000e+00
3.616000000000000227e+02 4.146000000000000227e+02 8.000000000000000000e+00
3.623999999999999773e+02 4.143999999999999773e+02 8.000000000000000000e+00
3.631999999999999886e+02 4.141999999999999886e+02 8.000000000000000000e+00
3.640000000000000000e+02 4.140000000000000000e+02 8.000000000000000000e+00
3.650000000000000000e+02 4.140000000000000000e+02 8.000000000000000000e+00
3.660000000000000000e+02 4.140000000000000000e+02 8.000000000000000000e+00
3.670000000000000000e+02 4.140000000000000000e+02 8.000000000000000000e+00
3.680000000000000000e+02 4.140000000000000000e+02 8.000000000000000000e+00
3.688000000000000114e+02 4.140000000000000000e+02 7.000000000000000000e+00
3.696000000000000227e+02 4.140000000000000000e+02 8.000000000000000000e+00
3.703999999999999773e+02 4.140000000000000000e+02 7.000000000000000000e+00
3.710000000000000000e+02 4.141999999999999886e+02 7.000000000000000000e+00
3.716000000000000227e+02 4.143999999999999773e+02 7.000000000000000000e+00
3.723999999999999773e+02 4.146000000000000227e+02 7.000000000000000000e+00
3.731999999999999886e+02 4.148000000000000114e+02 6.000000000000000000e+00
3.738000000000000114e+02 4.151999999999999886e+02 6.000000000000000000e+00
3.746000000000000227e+02 4.153999999999999773e+02 6.000000000000000000e+00
3.750000000000000000e+02 4.155000000000000000e+02 6.000000000000000000e+00
