1.006799999999999955e+03 8.702000000000000455e+02 8.000000000000000000e+00
1.007200000000000045e+03 8.707999999999999545e+02 8.000000000000000000e+00
1.007799999999999955e+03 8.712000000000000455e+02 8.000000000000000000e+00
1.008200000000000045e+03 8.717999999999999545e+02 8.000000000000000000e+00
1.008799999999999955e+03 8.722000000000000455e+02 8.000000000000000000e+00
1.009200000000000045e+03 8.727999999999999545e+02 8.000000000000000000e+00
1.009799999999999955e+03 8.732000000000000455e+02 8.000000000000000000e+00
1.010399999999999977e+03 8.737999999999999545e+02 8.000000000000000000e+00
1.011200000000000045e+03 8.742000000000000455e+02 8.000000000000000000e+00
1.011799999999999955e+03 8.747999999999999545e+02 8.000000000000000000e+00
1.012600000000000023e+03 8.752000000000000455e+02 8.000000000000000000e+00
1.013200000000000045e+03 8.757999999999999545e+02 8.000000000000000000e+00
1.013799999999999955e+03 8.762000000000000455e+02 8.000000000000000000e+00
1.014399999999999977e+03 8.766000000000000227e+02 8.000000000000000000e+00
1.015000000000000000e+03 8.770000000000000000e+02 8.000000000000000000e+00
1.015600000000000023e+03 8.773999999999999773e+02 8.000000000000000000e+00
1.016399999999999977e+03 8.776000000000000227e+02 8.000000000000000000e+00
1.017200000000000045e+03 8.780000000000000000e+02 8.000000000000000000e+00
1.018000000000000000e+03 8.783999999999999773e+02 8.000000000000000000e+00
1.019000000000000000e+03 8.786000000000000227e+02 8.000000000000000000e+00
1.020000000000000000e+03 8.790000000000000000e+02 8.000000000000000000e+00
1.021000000000000000e+03 8.793999999999999773e+02 8.000000000000000000e+00
1.022000000000000000e+03 8.796000000000000227e+02 8.000000000000000000e+00
1.023000000000000000e+03 8.797999999999999545e+02 8.000000000000000000e+00
1.023799999999999955e+03 8.797999999999999545e+02 8.000000000000000000e+00
1.024599999999999909e+03 8.796000000000000227e+02 8.000000000000000000e+00
1.025200000000000045e+03 8.792000000000000455e+02 8.000000000000000000e+00
1.025799999999999955e+03 8.787999999999999545e+02 8.000000000000000000e+00
1.026200000000000045e+03 8.782000000000000455e+02 8.000000000000000000e+00
1.026799999999999955e+03 8.777999999999999545e+02 8.000000000000000000e+00
1.027200000000000045e+03 8.772000000000000455e+02 8.000000000000000000e+00
1.027799999999999955e+03 8.766000000000000227e+02 8.000000000000000000e+00
1.028200000000000045e+03 8.757999999999999545e+02 8.000000000000000000e+00
1.028799999999999955e+03 8.752000000000000455e+02 8.000000000000000000e+00
1.029200000000000045e+03 8.743999999999999773e+02 8.000000000000000000e+00
1.029799999999999955e+03 8.737999999999999545e+02 8.000000000000000000e+00
1.030400000000000091e+03 8.732000000000000455e+02 8.000000000000000000e+00
1.031200000000000045e+03 8.727999999999999545e+02 8.000000000000000000e+00
1.032000000000000000e+03 8.723999999999999773e+02 8.000000000000000000e+00
1.033000000000000000e+03 8.722000000000000455e+02 8.000000000000000000e+00
1.034000000000000000e+03 8.722000000000000455e+02 8.000000000000000000e+00
1.035000000000000000e+03 8.726000000000000227e+02 8.000000000000000000e+00
1.035799999999999955e+03 8.732000000000000455e+02 8.000000000000000000e+00
1.036599999999999909e+03 8.737999999999999545e+02 8.000000000000000000e+00
1.037200000000000045e+03 8.746000000000000227e+02 8.000000000000000000e+00
1.037799999999999955e+03 8.752000000000000455e+02 8.000000000000000000e+00
1.038200000000000045e+03 8.757999999999999545e+02 8.000000000000000000e+00
1.038799999999999955e+03 8.763999999999999773e+02 8.000000000000000000e+00
1.039400000000000091e+03 8.772000000000000455e+02 8.000000000000000000e+00
1.040200000000000045e+03 8.780000000000000000e+02 8.000000000000000000e+00
1.041000000000000000e+03 8.790000000000000000e+02 8.000000000000000000e+00
1.042000000000000000e+03 8.800000000000000000e+02 8.000000000000000000e+00
1.043000000000000000e+03 8.807999999999999545e+02 8.000000000000000000e+00
1.043799999999999955e+03 8.816000000000000227e+02 8.000000000000000000e+00
1.044599999999999909e+03 8.822000000000000455e+02 8.000000000000000000e+00
1.045200000000000045e+03 8.827999999999999545e+02 8.000000000000000000e+00
1.045799999999999955e+03 8.832000000000000455e+02 8.000000000000000000e+00
1.046200000000000045e+03 8.837999999999999545e+02 8.000000000000000000e+00
1.046799999999999955e+03 8.842000000000000455e+02 8.000000000000000000e+00
1.047200000000000045e+03 8.847999999999999545e+02 8.000000000000000000e+00
1.047799999999999955e+03 8.852000000000000455e+02 8.000000000000000000e+00
1.048400000000000091e+03 8.857999999999999545e+02 8.000000000000000000e+00
1.049200000000000045e+03 8.862000000000000455e+02 8.000000000000000000e+00
1.049799999999999955e+03 8.867999999999999545e+02 8.000000000000000000e+00
1.050599999999999909e+03 8.872000000000000455e+02 8.000000000000000000e+00
1.051200000000000045e+03 8.877999999999999545e+02 8.000000000000000000e+00
1.051799999999999955e+03 8.882000000000000455e+02 8.000000000000000000e+00
1.052400000000000091e+03 8.886000000000000227e+02 8.000000000000000000e+00
1.053200000000000045e+03 8.887999999999999545e+02 8.000000000000000000e+00
1.054000000000000000e+03 8.890000000000000000e+02 8.000000000000000000e+00
1.055000000000000000e+03 8.890000000000000000e+02 8.000000000000000000e+00
1.056000000000000000e+03 8.890000000000000000e+02 8.000000000000000000e+00
1.057000000000000000e+03 8.890000000000000000e+02 8.000000000000000000e+00
1.057799999999999955e+03 8.887999999999999545e+02 8.000000000000000000e+00
1.058599999999999909e+03 8.886000000000000227e+02 8.000000000000000000e+00
1.059400000000000091e+03 8.883999999999999773e+02 8.000000000000000000e+00
1.060000000000000000e+03 8.880000000000000000e+02 8.000000000000000000e+00
1.060250000000000000e+03 8.877500000000000000e+02 8.000000000000000000e+00
