6.176000000000000227e+02 7.450000000000000000e+02 7.000000000000000000e+00
6.173999999999999773e+02 7.460000000000000000e+02 7.000000000000000000e+00
6.172000000000000455e+02 7.470000000000000000e+02 7.000000000000000000e+00
6.167999999999999545e+02 7.477999999999999545e+02 7.000000000000000000e+00
6.166000000000000227e+02 7.486000000000000227e+02 7.000000000000000000e+00
6.163999999999999773e+02 7.493999999999999773e+02 7.000000000000000000e+00
6.162000000000000455e+02 7.502000000000000455e+02 7.000000000000000000e+00
6.157999999999999545e+02 7.507999999999999545e+02 7.000000000000000000e+00
6.156000000000000227e+02 7.516000000000000227e+02 7.000000000000000000e+00
6.152000000000000455e+02 7.522000000000000455e+02 7.000000000000000000e+00
6.147999999999999545e+02 7.527999999999999545e+02 7.000000000000000000e+00
6.143999999999999773e+02 7.533999999999999773e+02 7.000000000000000000e+00
6.140000000000000000e+02 7.540000000000000000e+02 7.000000000000000000e+00
6.136000000000000227e+02 7.546000000000000227e+02 7.000000000000000000e+00
6.132000000000000455e+02 7.552000000000000455e+02 7.000000000000000000e+00
6.127999999999999545e+02 7.557999999999999545e+02 7.000000000000000000e+00
6.122000000000000455e+02 7.562000000000000455e+02 7.000000000000000000e+00
6.117999999999999545e+02 7.567999999999999545e+02 7.000000000000000000e+00
6.112000000000000455e+02 7.572000000000000455e+02 7.000000000000000000e+00
6.106000000000000227e+02 7.577999999999999545e+02 7.000000000000000000e+00
6.097999999999999545e+02 7.583999999999999773e+02 7.000000000000000000e+00
6.090000000000000000e+02 7.590000000000000000e+02 7.000000000000000000e+00
6.082000000000000455e+02 7.596000000000000227e+02 7.000000000000000000e+00
6.073999999999999773e+02 7.602000000000000455e+02 7.000000000000000000e+00
6.067999999999999545e+02 7.607999999999999545e+02 7.000000000000000000e+00
6.062000000000000455e+02 7.612000000000000455e+02 7.000000000000000000e+00
6.057999999999999545e+02 7.617999999999999545e+02 7.000000000000000000e+00
6.052000000000000455e+02 7.622000000000000455e+02 7.000000000000000000e+00
6.047999999999999545e+02 7.627999999999999545e+02 7.000000000000000000e+00
6.042000000000000455e+02 7.632000000000000455e+02 7.000000000000000000e+00
6.037999999999999545e+02 7.637999999999999545e+02 7.000000000000000000e+00
6.032000000000000455e+02 7.642000000000000455e+02 7.000000000000000000e+00
6.027999999999999545e+02 7.647999999999999545e+02 7.000000000000000000e+00
6.022000000000000455e+02 7.652000000000000455e+02 7.000000000000000000e+00
6.017999999999999545e+02 7.657999999999999545e+02 7.000000000000000000e+00
6.012000000000000455e+02 7.663999999999999773e+02 7.000000000000000000e+00
6.007999999999999545e+02 7.672000000000000455e+02 7.000000000000000000e+00
6.002000000000000455e+02 7.680000000000000000e+02 7.000000000000000000e+00
5.997999999999999545e+02 7.690000000000000000e+02 7.000000000000000000e+00
5.993999999999999773e+02 7.700000000000000000e+02 7.000000000000000000e+00
5.992000000000000455e+02 7.710000000000000000e+02 7.000000000000000000e+00
5.990000000000000000e+02 7.720000000000000000e+02 7.000000000000000000e+00
5.990000000000000000e+02 7.730000000000000000e+02 7.000000000000000000e+00
5.990000000000000000e+02 7.740000000000000000e+02 7.000000000000000000e+00
5.990000000000000000e+02 7.747999999999999545e+02 7.000000000000000000e+00
5.990000000000000000e+02 7.756000000000000227e+02 8.000000000000000000e+00
5.990000000000000000e+02 7.763999999999999773e+02 8.000000000000000000e+00
5.990000000000000000e+02 7.772000000000000455e+02 8.000000000000000000e+00
5.990000000000000000e+02 7.780000000000000000e+02 8.000000000000000000e+00
5.990000000000000000e+02 7.790000000000000000e+02 8.000000000000000000e+00
5.990000000000000000e+02 7.800000000000000000e+02 8.000000000000000000e+00
5.990000000000000000e+02 7.810000000000000000e+02 8.000000000000000000e+00
5.990000000000000000e+02 7.820000000000000000e+02 8.000000000000000000e+00
5.990000000000000000e+02 7.830000000000000000e+02 8.000000000000000000e+00
5.990000000000000000e+02 7.840000000000000000e+02 9.000000000000000000e+00
5.990000000000000000e+02 7.850000000000000000e+02 9.000000000000000000e+00
5.990000000000000000e+02 7.860000000000000000e+02 9.000000000000000000e+00
5.990000000000000000e+02 7.870000000000000000e+02 9.000000000000000000e+00
5.990000000000000000e+02 7.880000000000000000e+02 9.000000000000000000e+00
5.990000000000000000e+02 7.890000000000000000e+02 9.000000000000000000e+00
5.990000000000000000e+02 7.900000000000000000e+02 9.000000000000000000e+00
5.992000000000000455e+02 7.910000000000000000e+02 9.000000000000000000e+00
5.992500000000000000e+02 7.915000000000000000e+02 1.000000000000000000e+01
