4.611999999999999886e+02 1.464000000000000057e+02 1.100000000000000000e+01
4.608000000000000114e+02 1.471999999999999886e+02 1.100000000000000000e+01
4.601999999999999886e+02 1.480000000000000000e+02 1.100000000000000000e+01
4.598000000000000114e+02 1.490000000000000000e+02 1.100000000000000000e+01
4.593999999999999773e+02 1.500000000000000000e+02 1.100000000000000000e+01
4.591999999999999886e+02 1.510000000000000000e+02 1.100000000000000000e+01
4.590000000000000000e+02 1.520000000000000000e+02 1.100000000000000000e+01
4.590000000000000000e+02 1.530000000000000000e+02 1.100000000000000000e+01
4.590000000000000000e+02 1.540000000000000000e+02 1.100000000000000000e+01
4.590000000000000000e+02 1.550000000000000000e+02 1.100000000000000000e+01
4.590000000000000000e+02 1.560000000000000000e+02 1.100000000000000000e+01
4.591999999999999886e+02 1.568000000000000114e+02 1.100000000000000000e+01
4.593999999999999773e+02 1.575999999999999943e+02 1.100000000000000000e+01
4.596000000000000227e+02 1.584000000000000057e+02 1.100000000000000000e+01
4.600000000000000000e+02 1.590000000000000000e+02 1.100000000000000000e+01
4.603999999999999773e+02 1.595999999999999943e+02 1.100000000000000000e+01
4.606000000000000227e+02 1.604000000000000057e+02 1.000000000000000000e+01
4.610000000000000000e+02 1.611999999999999886e+02 1.000000000000000000e+01
4.613999999999999773e+02 1.620000000000000000e+02 1.000000000000000000e+01
4.618000000000000114e+02 1.628000000000000114e+02 1.000000000000000000e+01
4.621999999999999886e+02 1.635999999999999943e+02 1.000000000000000000e+01
4.626000000000000227e+02 1.644000000000000057e+02 1.000000000000000000e+01
4.630000000000000000e+02 1.650000000000000000e+02 1.000000000000000000e+01
4.633999999999999773e+02 1.655999999999999943e+02 1.000000000000000000e+01
4.636000000000000227e+02 1.664000000000000057e+02 1.000000000000000000e+01
4.640000000000000000e+02 1.670000000000000000e+02 1.000000000000000000e+01
4.643999999999999773e+02 1.675999999999999943e+02 1.000000000000000000e+01
4.646000000000000227e+02 1.684000000000000057e+02 1.000000000000000000e+01
4.648000000000000114e+02 1.691999999999999886e+02 1.000000000000000000e+01
4.651999999999999886e+02 1.698000000000000114e+02 1.000000000000000000e+01
4.653999999999999773e+02 1.705999999999999943e+02 1.000000000000000000e+01
4.655000000000000000e+02 1.710000000000000000e+02 1.000000000000000000e+01
