6.510000000000000000e+02 1.300000000000000000e+02 1.900000000000000000e+01
6.517999999999999545e+02 1.305999999999999943e+02 1.900000000000000000e+01
6.526000000000000227e+02 1.311999999999999886e+02 1.900000000000000000e+01
6.533999999999999773e+02 1.318000000000000114e+02 1.900000000000000000e+01
6.542000000000000455e+02 1.321999999999999886e+02 1.900000000000000000e+01
6.550000000000000000e+02 1.325999999999999943e+02 1.900000000000000000e+01
6.557999999999999545e+02 1.330000000000000000e+02 1.900000000000000000e+01
6.566000000000000227e+02 1.334000000000000057e+02 1.900000000000000000e+01
6.573999999999999773e+02 1.335999999999999943e+02 1.900000000000000000e+01
6.582000000000000455e+02 1.338000000000000114e+02 1.900000000000000000e+01
6.590000000000000000e+02 1.340000000000000000e+02 1.900000000000000000e+01
6.600000000000000000e+02 1.340000000000000000e+02 1.900000000000000000e+01
6.610000000000000000e+02 1.340000000000000000e+02 1.900000000000000000e+01
6.620000000000000000e+02 1.340000000000000000e+02 1.900000000000000000e+01
6.630000000000000000e+02 1.340000000000000000e+02 1.900000000000000000e+01
6.640000000000000000e+02 1.340000000000000000e+02 1.900000000000000000e+01
6.650000000000000000e+02 1.338000000000000114e+02 1.900000000000000000e+01
6.660000000000000000e+02 1.335999999999999943e+02 1.900000000000000000e+01
6.670000000000000000e+02 1.334000000000000057e+02 1.900000000000000000e+01
6.680000000000000000e+02 1.331999999999999886e+02 1.900000000000000000e+01
6.690000000000000000e+02 1.330000000000000000e+02 1.900000000000000000e+01
6.700000000000000000e+02 1.330000000000000000e+02 1.900000000000000000e+01
6.707999999999999545e+02 1.328000000000000114e+02 1.900000000000000000e+01
6.716000000000000227e+02 1.325999999999999943e+02 1.900000000000000000e+01
6.722000000000000455e+02 1.325999999999999943e+02 1.900000000000000000e+01
6.727999999999999545e+02 1.325999999999999943e+02 1.900000000000000000e+01
6.733999999999999773e+02 1.325999999999999943e+02 1.900000000000000000e+01
6.742000000000000455e+02 1.328000000000000114e+02 1.900000000000000000e+01
6.750000000000000000e+02 1.330000000000000000e+02 1.900000000000000000e+01
6.760000000000000000e+02 1.330000000000000000e+02 1.900000000000000000e+01
6.770000000000000000e+02 1.330000000000000000e+02 1.900000000000000000e+01
6.780000000000000000e+02 1.330000000000000000e+02 1.900000000000000000e+01
6.790000000000000000e+02 1.330000000000000000e+02 1.900000000000000000e+01
6.800000000000000000e+02 1.330000000000000000e+02 1.900000000000000000e+01
6.810000000000000000e+02 1.330000000000000000e+02 1.900000000000000000e+01
6.820000000000000000e+02 1.330000000000000000e+02 1.900000000000000000e+01
6.830000000000000000e+02 1.330000000000000000e+02 2.000000000000000000e+01
6.840000000000000000e+02 1.331999999999999886e+02 2.000000000000000000e+01
6.847999999999999545e+02 1.334000000000000057e+02 2.000000000000000000e+01
6.856000000000000227e+02 1.335999999999999943e+02 1.900000000000000000e+01
6.863999999999999773e+02 1.338000000000000114e+02 1.900000000000000000e+01
6.872000000000000455e+02 1.340000000000000000e+02 1.900000000000000000e+01
6.880000000000000000e+02 1.340000000000000000e+02 1.900000000000000000e+01
6.887999999999999545e+02 1.341999999999999886e+02 1.900000000000000000e+01
6.896000000000000227e+02 1.344000000000000057e+02 1.900000000000000000e+01
6.903999999999999773e+02 1.345999999999999943e+02 1.900000000000000000e+01
6.912000000000000455e+02 1.348000000000000114e+02 1.900000000000000000e+01
6.920000000000000000e+02 1.350000000000000000e+02 1.900000000000000000e+01
6.930000000000000000e+02 1.350000000000000000e+02 1.900000000000000000e+01
6.940000000000000000e+02 1.350000000000000000e+02 1.900000000000000000e+01
6.950000000000000000e+02 1.350000000000000000e+02 1.900000000000000000e+01
6.960000000000000000e+02 1.351999999999999886e+02 1.900000000000000000e+01
6.970000000000000000e+02 1.354000000000000057e+02 1.900000000000000000e+01
6.980000000000000000e+02 1.355999999999999943e+02 1.900000000000000000e+01
6.990000000000000000e+02 1.358000000000000114e+02 1.900000000000000000e+01
6.997999999999999545e+02 1.358000000000000114e+02 1.900000000000000000e+01
7.006000000000000227e+02 1.355999999999999943e+02 1.900000000000000000e+01
7.013999999999999773e+02 1.354000000000000057e+02 1.900000000000000000e+01
7.022000000000000455e+02 1.351999999999999886e+02 1.900000000000000000e+01
7.030000000000000000e+02 1.350000000000000000e+02 1.900000000000000000e+01
7.040000000000000000e+02 1.350000000000000000e+02 1.900000000000000000e+01
7.047999999999999545e+02 1.348000000000000114e+02 1.900000000000000000e+01
7.056000000000000227e+02 1.345999999999999943e+02 1.900000000000000000e+01
7.063999999999999773e+02 1.344000000000000057e+02 1.900000000000000000e+01
7.072000000000000455e+02 1.341999999999999886e+02 1.900000000000000000e+01
7.080000000000000000e+02 1.340000000000000000e+02 1.900000000000000000e+01
7.087999999999999545e+02 1.338000000000000114e+02 1.800000000000000000e+01
7.096000000000000227e+02 1.335999999999999943e+02 1.800000000000000000e+01
7.103999999999999773e+02 1.334000000000000057e+02 1.800000000000000000e+01
7.112000000000000455e+02 1.331999999999999886e+02 1.800000000000000000e+01
7.120000000000000000e+02 1.330000000000000000e+02 1.800000000000000000e+01
7.130000000000000000e+02 1.330000000000000000e+02 1.800000000000000000e+01
7.140000000000000000e+02 1.330000000000000000e+02 1.800000000000000000e+01
7.150000000000000000e+02 1.330000000000000000e+02 1.800000000000000000e+01
7.157999999999999545e+02 1.331999999999999886e+02 1.800000000000000000e+01
7.166000000000000227e+02 1.334000000000000057e+02 1.800000000000000000e+01
7.173999999999999773e+02 1.335999999999999943e+02 1.800000000000000000e+01
7.180000000000000000e+02 1.340000000000000000e+02 1.800000000000000000e+01
7.186000000000000227e+02 1.344000000000000057e+02 1.800000000000000000e+01
7.193999999999999773e+02 1.345999999999999943e+02 1.800000000000000000e+01
7.200000000000000000e+02 1.350000000000000000e+02 1.800000000000000000e+01
7.206000000000000227e+02 1.354000000000000057e+02 1.800000000000000000e+01
7.212000000000000455e+02 1.358000000000000114e+02 1.800000000000000000e+01
7.217999999999999545e+02 1.361999999999999886e+02 1.800000000000000000e+01
7.223999999999999773e+02 1.365999999999999943e+02 1.800000000000000000e+01
7.230000000000000000e+02 1.370000000000000000e+02 1.800000000000000000e+01
7.236000000000000227e+02 1.374000000000000057e+02 1.800000000000000000e+01
7.243999999999999773e+02 1.378000000000000114e+02 1.800000000000000000e+01
7.252000000000000455e+02 1.384000000000000057e+02 1.800000000000000000e+01
7.260000000000000000e+02 1.390000000000000000e+02 1.800000000000000000e+01
7.267999999999999545e+02 1.395999999999999943e+02 1.800000000000000000e+01
7.276000000000000227e+02 1.401999999999999886e+02 1.800000000000000000e+01
7.283999999999999773e+02 1.408000000000000114e+02 1.800000000000000000e+01
7.292000000000000455e+02 1.414000000000000057e+02 1.800000000000000000e+01
7.300000000000000000e+02 1.420000000000000000e+02 1.900000000000000000e+01
7.307999999999999545e+02 1.425999999999999943e+02 1.900000000000000000e+01
7.316000000000000227e+02 1.431999999999999886e+02 1.900000000000000000e+01
7.323999999999999773e+02 1.438000000000000114e+02 1.900000000000000000e+01
7.332000000000000455e+02 1.441999999999999886e+02 1.900000000000000000e+01
7.337999999999999545e+02 1.448000000000000114e+02 1.900000000000000000e+01
7.346000000000000227e+02 1.451999999999999886e+02 1.900000000000000000e+01
7.353999999999999773e+02 1.458000000000000114e+02 1.900000000000000000e+01
7.362000000000000455e+02 1.461999999999999886e+02 1.900000000000000000e+01
7.367999999999999545e+02 1.468000000000000114e+02 1.900000000000000000e+01
7.376000000000000227e+02 1.471999999999999886e+02 1.900000000000000000e+01
7.383999999999999773e+02 1.475999999999999943e+02 1.900000000000000000e+01
7.390000000000000000e+02 1.480000000000000000e+02 1.900000000000000000e+01
7.396000000000000227e+02 1.484000000000000057e+02 1.900000000000000000e+01
7.403999999999999773e+02 1.488000000000000114e+02 1.900000000000000000e+01
7.412000000000000455e+02 1.491999999999999886e+02 1.900000000000000000e+01
7.420000000000000000e+02 1.495999999999999943e+02 1.900000000000000000e+01
7.427999999999999545e+02 1.500000000000000000e+02 1.900000000000000000e+01
7.436000000000000227e+02 1.504000000000000057e+02 1.900000000000000000e+01
7.443999999999999773e+02 1.505999999999999943e+02 1.900000000000000000e+01
7.452000000000000455e+02 1.508000000000000114e+02 1.900000000000000000e+01
7.457999999999999545e+02 1.511999999999999886e+02 1.900000000000000000e+01
7.466000000000000227e+02 1.514000000000000057e+02 1.900000000000000000e+01
7.473999999999999773e+02 1.515999999999999943e+02 1.900000000000000000e+01
7.482000000000000455e+02 1.518000000000000114e+02 1.900000000000000000e+01
7.490000000000000000e+02 1.520000000000000000e+02 1.900000000000000000e+01
7.500000000000000000e+02 1.520000000000000000e+02 1.900000000000000000e+01
7.507999999999999545e+02 1.518000000000000114e+02 1.900000000000000000e+01
7.516000000000000227e+02 1.515999999999999943e+02 1.900000000000000000e+01
7.523999999999999773e+02 1.514000000000000057e+02 1.900000000000000000e+01
7.532000000000000455e+02 1.511999999999999886e+02 1.900000000000000000e+01
7.537999999999999545e+02 1.508000000000000114e+02 1.900000000000000000e+01
7.546000000000000227e+02 1.505999999999999943e+02 1.900000000000000000e+01
7.553999999999999773e+02 1.504000000000000057e+02 1.900000000000000000e+01
7.560000000000000000e+02 1.500000000000000000e+02 1.900000000000000000e+01
7.566000000000000227e+02 1.495999999999999943e+02 1.900000000000000000e+01
7.573999999999999773e+02 1.491999999999999886e+02 1.900000000000000000e+01
7.582000000000000455e+02 1.485999999999999943e+02 1.900000000000000000e+01
7.590000000000000000e+02 1.480000000000000000e+02 1.900000000000000000e+01
7.600000000000000000e+02 1.474000000000000057e+02 1.900000000000000000e+01
7.610000000000000000e+02 1.470000000000000000e+02 1.900000000000000000e+01
7.620000000000000000e+02 1.468000000000000114e+02 1.900000000000000000e+01
7.630000000000000000e+02 1.470000000000000000e+02 1.900000000000000000e+01
7.640000000000000000e+02 1.471999999999999886e+02 1.900000000000000000e+01
7.650000000000000000e+02 1.475999999999999943e+02 1.900000000000000000e+01
7.657999999999999545e+02 1.480000000000000000e+02 1.900000000000000000e+01
7.666000000000000227e+02 1.484000000000000057e+02 1.900000000000000000e+01
7.673999999999999773e+02 1.485999999999999943e+02 1.900000000000000000e+01
7.682000000000000455e+02 1.488000000000000114e+02 1.900000000000000000e+01
7.690000000000000000e+02 1.490000000000000000e+02 1.900000000000000000e+01
7.700000000000000000e+02 1.490000000000000000e+02 1.900000000000000000e+01
7.710000000000000000e+02 1.490000000000000000e+02 1.900000000000000000e+01
7.720000000000000000e+02 1.490000000000000000e+02 1.900000000000000000e+01
7.730000000000000000e+02 1.490000000000000000e+02 1.900000000000000000e+01
7.740000000000000000e+02 1.490000000000000000e+02 1.900000000000000000e+01
7.750000000000000000e+02 1.490000000000000000e+02 1.800000000000000000e+01
7.757999999999999545e+02 1.488000000000000114e+02 1.800000000000000000e+01
7.762500000000000000e+02 1.487500000000000000e+02 1.800000000000000000e+01
