8.893999999999999773e+02 5.756000000000000227e+02 1.600000000000000000e+01
8.896000000000000227e+02 5.763999999999999773e+02 1.600000000000000000e+01
8.897999999999999545e+02 5.772000000000000455e+02 1.600000000000000000e+01
8.902000000000000455e+02 5.777999999999999545e+02 1.600000000000000000e+01
8.903999999999999773e+02 5.786000000000000227e+02 1.600000000000000000e+01
8.906000000000000227e+02 5.793999999999999773e+02 1.600000000000000000e+01
8.907999999999999545e+02 5.802000000000000455e+02 1.600000000000000000e+01
8.910000000000000000e+02 5.810000000000000000e+02 1.600000000000000000e+01
8.912000000000000455e+02 5.817999999999999545e+02 1.600000000000000000e+01
8.913999999999999773e+02 5.826000000000000227e+02 1.600000000000000000e+01
8.916000000000000227e+02 5.833999999999999773e+02 1.600000000000000000e+01
8.917999999999999545e+02 5.842000000000000455e+02 1.600000000000000000e+01
8.920000000000000000e+02 5.850000000000000000e+02 1.600000000000000000e+01
8.920000000000000000e+02 5.860000000000000000e+02 1.600000000000000000e+01
8.922000000000000455e+02 5.867999999999999545e+02 1.600000000000000000e+01
8.923999999999999773e+02 5.876000000000000227e+02 1.600000000000000000e+01
8.926000000000000227e+02 5.883999999999999773e+02 1.600000000000000000e+01
8.927999999999999545e+02 5.892000000000000455e+02 1.600000000000000000e+01
8.930000000000000000e+02 5.900000000000000000e+02 1.600000000000000000e+01
8.932000000000000455e+02 5.907999999999999545e+02 1.600000000000000000e+01
8.933999999999999773e+02 5.916000000000000227e+02 1.600000000000000000e+01
8.936000000000000227e+02 5.923999999999999773e+02 1.600000000000000000e+01
8.937999999999999545e+02 5.932000000000000455e+02 1.600000000000000000e+01
8.942000000000000455e+02 5.937999999999999545e+02 1.600000000000000000e+01
8.943999999999999773e+02 5.946000000000000227e+02 1.600000000000000000e+01
8.946000000000000227e+02 5.953999999999999773e+02 1.600000000000000000e+01
8.947999999999999545e+02 5.962000000000000455e+02 1.600000000000000000e+01
8.952000000000000455e+02 5.967999999999999545e+02 1.600000000000000000e+01
8.953999999999999773e+02 5.976000000000000227e+02 1.600000000000000000e+01
8.956000000000000227e+02 5.983999999999999773e+02 1.600000000000000000e+01
8.960000000000000000e+02 5.992000000000000455e+02 1.600000000000000000e+01
8.963999999999999773e+02 6.000000000000000000e+02 1.600000000000000000e+01
8.966000000000000227e+02 6.010000000000000000e+02 1.600000000000000000e+01
8.970000000000000000e+02 6.017999999999999545e+02 1.600000000000000000e+01
8.973999999999999773e+02 6.026000000000000227e+02 1.600000000000000000e+01
8.976000000000000227e+02 6.033999999999999773e+02 1.700000000000000000e+01
8.980000000000000000e+02 6.042000000000000455e+02 1.700000000000000000e+01
8.983999999999999773e+02 6.050000000000000000e+02 1.700000000000000000e+01
8.986000000000000227e+02 6.060000000000000000e+02 1.700000000000000000e+01
8.990000000000000000e+02 6.067999999999999545e+02 1.700000000000000000e+01
8.993999999999999773e+02 6.076000000000000227e+02 1.700000000000000000e+01
8.996000000000000227e+02 6.083999999999999773e+02 1.700000000000000000e+01
9.000000000000000000e+02 6.092000000000000455e+02 1.700000000000000000e+01
9.003999999999999773e+02 6.100000000000000000e+02 1.700000000000000000e+01
9.006000000000000227e+02 6.110000000000000000e+02 1.700000000000000000e+01
9.010000000000000000e+02 6.117999999999999545e+02 1.700000000000000000e+01
9.013999999999999773e+02 6.126000000000000227e+02 1.700000000000000000e+01
9.016000000000000227e+02 6.133999999999999773e+02 1.700000000000000000e+01
9.017999999999999545e+02 6.142000000000000455e+02 1.700000000000000000e+01
9.022000000000000455e+02 6.147999999999999545e+02 1.700000000000000000e+01
9.023999999999999773e+02 6.156000000000000227e+02 1.700000000000000000e+01
9.026000000000000227e+02 6.163999999999999773e+02 1.700000000000000000e+01
9.027999999999999545e+02 6.172000000000000455e+02 1.700000000000000000e+01
9.030000000000000000e+02 6.180000000000000000e+02 1.700000000000000000e+01
9.030000000000000000e+02 6.190000000000000000e+02 1.700000000000000000e+01
9.030000000000000000e+02 6.200000000000000000e+02 1.700000000000000000e+01
9.030000000000000000e+02 6.210000000000000000e+02 1.700000000000000000e+01
9.027999999999999545e+02 6.217999999999999545e+02 1.700000000000000000e+01
9.026000000000000227e+02 6.226000000000000227e+02 1.700000000000000000e+01
9.023999999999999773e+02 6.233999999999999773e+02 1.700000000000000000e+01
9.020000000000000000e+02 6.240000000000000000e+02 1.700000000000000000e+01
9.016000000000000227e+02 6.246000000000000227e+02 1.700000000000000000e+01
9.012000000000000455e+02 6.252000000000000455e+02 1.700000000000000000e+01
9.007999999999999545e+02 6.257999999999999545e+02 1.700000000000000000e+01
9.002000000000000455e+02 6.262000000000000455e+02 1.700000000000000000e+01
8.997999999999999545e+02 6.267999999999999545e+02 1.700000000000000000e+01
8.992000000000000455e+02 6.272000000000000455e+02 1.700000000000000000e+01
8.987999999999999545e+02 6.277999999999999545e+02 1.700000000000000000e+01
8.982000000000000455e+02 6.282000000000000455e+02 1.700000000000000000e+01
8.977999999999999545e+02 6.287999999999999545e+02 1.700000000000000000e+01
8.972000000000000455e+02 6.293999999999999773e+02 1.700000000000000000e+01
8.967999999999999545e+02 6.302000000000000455e+02 1.700000000000000000e+01
8.962000000000000455e+02 6.307999999999999545e+02 1.700000000000000000e+01
8.957999999999999545e+02 6.316000000000000227e+02 1.700000000000000000e+01
8.953999999999999773e+02 6.323999999999999773e+02 1.700000000000000000e+01
8.950000000000000000e+02 6.330000000000000000e+02 1.700000000000000000e+01
8.946000000000000227e+02 6.336000000000000227e+02 1.700000000000000000e+01
8.943999999999999773e+02 6.343999999999999773e+02 1.700000000000000000e+01
8.940000000000000000e+02 6.350000000000000000e+02 1.700000000000000000e+01
8.937500000000000000e+02 6.352500000000000000e+02 1.700000000000000000e+01
