4.916000000000000227e+02 2.690000000000000000e+02 1.000000000000000000e+01
4.918000000000000114e+02 2.700000000000000000e+02 1.000000000000000000e+01
4.921999999999999886e+02 2.708000000000000114e+02 1.000000000000000000e+01
4.923999999999999773e+02 2.716000000000000227e+02 1.000000000000000000e+01
4.926000000000000227e+02 2.723999999999999773e+02 1.000000000000000000e+01
4.928000000000000114e+02 2.731999999999999886e+02 1.000000000000000000e+01
4.930000000000000000e+02 2.740000000000000000e+02 1.000000000000000000e+01
4.931999999999999886e+02 2.748000000000000114e+02 1.000000000000000000e+01
4.933999999999999773e+02 2.756000000000000227e+02 1.000000000000000000e+01
4.936000000000000227e+02 2.763999999999999773e+02 1.000000000000000000e+01
4.938000000000000114e+02 2.771999999999999886e+02 1.000000000000000000e+01
4.941999999999999886e+02 2.778000000000000114e+02 1.000000000000000000e+01
4.943999999999999773e+02 2.786000000000000227e+02 1.000000000000000000e+01
4.946000000000000227e+02 2.793999999999999773e+02 1.000000000000000000e+01
4.950000000000000000e+02 2.801999999999999886e+02 1.000000000000000000e+01
4.953999999999999773e+02 2.810000000000000000e+02 1.000000000000000000e+01
4.958000000000000114e+02 2.818000000000000114e+02 1.000000000000000000e+01
4.961999999999999886e+02 2.826000000000000227e+02 1.000000000000000000e+01
4.966000000000000227e+02 2.833999999999999773e+02 1.000000000000000000e+01
4.970000000000000000e+02 2.840000000000000000e+02 1.000000000000000000e+01
4.973999999999999773e+02 2.846000000000000227e+02 1.000000000000000000e+01
4.978000000000000114e+02 2.851999999999999886e+02 1.000000000000000000e+01
4.981999999999999886e+02 2.858000000000000114e+02 1.000000000000000000e+01
4.988000000000000114e+02 2.861999999999999886e+02 1.000000000000000000e+01
4.991999999999999886e+02 2.868000000000000114e+02 1.000000000000000000e+01
4.998000000000000114e+02 2.871999999999999886e+02 1.000000000000000000e+01
5.001999999999999886e+02 2.878000000000000114e+02 1.000000000000000000e+01
5.008000000000000114e+02 2.881999999999999886e+02 1.000000000000000000e+01
5.011999999999999886e+02 2.888000000000000114e+02 1.000000000000000000e+01
5.018000000000000114e+02 2.891999999999999886e+02 1.000000000000000000e+01
5.021999999999999886e+02 2.898000000000000114e+02 1.000000000000000000e+01
5.028000000000000114e+02 2.903999999999999773e+02 1.000000000000000000e+01
5.033999999999999773e+02 2.911999999999999886e+02 1.000000000000000000e+01
5.041999999999999886e+02 2.918000000000000114e+02 1.000000000000000000e+01
5.048000000000000114e+02 2.926000000000000227e+02 1.000000000000000000e+01
5.056000000000000227e+02 2.931999999999999886e+02 1.000000000000000000e+01
5.061999999999999886e+02 2.938000000000000114e+02 1.000000000000000000e+01
5.068000000000000114e+02 2.941999999999999886e+02 1.000000000000000000e+01
5.071999999999999886e+02 2.948000000000000114e+02 1.000000000000000000e+01
5.078000000000000114e+02 2.951999999999999886e+02 1.000000000000000000e+01
5.081999999999999886e+02 2.958000000000000114e+02 1.000000000000000000e+01
5.088000000000000114e+02 2.961999999999999886e+02 1.000000000000000000e+01
5.091999999999999886e+02 2.968000000000000114e+02 1.000000000000000000e+01
5.098000000000000114e+02 2.971999999999999886e+02 1.000000000000000000e+01
5.101999999999999886e+02 2.978000000000000114e+02 1.000000000000000000e+01
5.108000000000000114e+02 2.981999999999999886e+02 1.000000000000000000e+01
5.111999999999999886e+02 2.988000000000000114e+02 1.000000000000000000e+01
5.118000000000000114e+02 2.991999999999999886e+02 1.000000000000000000e+01
5.122000000000000455e+02 2.998000000000000114e+02 1.000000000000000000e+01
5.127999999999999545e+02 3.001999999999999886e+02 1.000000000000000000e+01
5.132000000000000455e+02 3.008000000000000114e+02 1.000000000000000000e+01
5.137999999999999545e+02 3.011999999999999886e+02 1.000000000000000000e+01
5.142000000000000455e+02 3.018000000000000114e+02 1.000000000000000000e+01
5.147999999999999545e+02 3.021999999999999886e+02 1.000000000000000000e+01
5.152000000000000455e+02 3.028000000000000114e+02 1.000000000000000000e+01
5.157999999999999545e+02 3.031999999999999886e+02 1.000000000000000000e+01
5.162000000000000455e+02 3.038000000000000114e+02 1.000000000000000000e+01
5.167999999999999545e+02 3.041999999999999886e+02 1.000000000000000000e+01
5.172000000000000455e+02 3.048000000000000114e+02 1.000000000000000000e+01
5.177999999999999545e+02 3.051999999999999886e+02 1.000000000000000000e+01
5.182000000000000455e+02 3.058000000000000114e+02 1.000000000000000000e+01
5.187999999999999545e+02 3.063999999999999773e+02 1.000000000000000000e+01
5.193999999999999773e+02 3.071999999999999886e+02 1.000000000000000000e+01
5.200000000000000000e+02 3.080000000000000000e+02 1.000000000000000000e+01
5.206000000000000227e+02 3.088000000000000114e+02 1.000000000000000000e+01
5.212000000000000455e+02 3.096000000000000227e+02 1.000000000000000000e+01
5.217999999999999545e+02 3.103999999999999773e+02 1.000000000000000000e+01
5.222000000000000455e+02 3.111999999999999886e+02 1.000000000000000000e+01
5.227999999999999545e+02 3.118000000000000114e+02 1.000000000000000000e+01
5.232000000000000455e+02 3.126000000000000227e+02 1.000000000000000000e+01
5.237999999999999545e+02 3.133999999999999773e+02 1.000000000000000000e+01
5.242000000000000455e+02 3.141999999999999886e+02 1.000000000000000000e+01
5.246000000000000227e+02 3.150000000000000000e+02 1.000000000000000000e+01
5.250000000000000000e+02 3.158000000000000114e+02 1.000000000000000000e+01
5.253999999999999773e+02 3.166000000000000227e+02 1.000000000000000000e+01
5.256000000000000227e+02 3.173999999999999773e+02 1.000000000000000000e+01
5.260000000000000000e+02 3.180000000000000000e+02 1.000000000000000000e+01
5.263999999999999773e+02 3.186000000000000227e+02 1.000000000000000000e+01
5.266000000000000227e+02 3.193999999999999773e+02 1.000000000000000000e+01
5.270000000000000000e+02 3.200000000000000000e+02 1.000000000000000000e+01
5.273999999999999773e+02 3.206000000000000227e+02 1.000000000000000000e+01
5.276000000000000227e+02 3.213999999999999773e+02 1.000000000000000000e+01
5.277500000000000000e+02 3.217500000000000000e+02 1.000000000000000000e+01
