9.962000000000000455e+02 4.318000000000000114e+02 1.300000000000000000e+01
9.953999999999999773e+02 4.326000000000000227e+02 1.300000000000000000e+01
9.943999999999999773e+02 4.331999999999999886e+02 1.300000000000000000e+01
9.937999999999999545e+02 4.338000000000000114e+02 1.300000000000000000e+01
9.932000000000000455e+02 4.341999999999999886e+02 1.300000000000000000e+01
9.927999999999999545e+02 4.348000000000000114e+02 1.300000000000000000e+01
9.922000000000000455e+02 4.353999999999999773e+02 1.300000000000000000e+01
9.917999999999999545e+02 4.361999999999999886e+02 1.300000000000000000e+01
9.912000000000000455e+02 4.368000000000000114e+02 1.300000000000000000e+01
9.910000000000000000e+02 4.372500000000000000e+02 1.300000000000000000e+01
