7.700000000000000000e+02 1.058000000000000000e+03 1.700000000000000000e+01
7.706000000000000227e+02 1.057599999999999909e+03 1.700000000000000000e+01
7.713999999999999773e+02 1.057200000000000045e+03 1.700000000000000000e+01
7.722000000000000455e+02 1.056799999999999955e+03 1.700000000000000000e+01
7.727999999999999545e+02 1.056200000000000045e+03 1.700000000000000000e+01
7.736000000000000227e+02 1.055799999999999955e+03 1.700000000000000000e+01
7.743999999999999773e+02 1.055200000000000045e+03 1.700000000000000000e+01
7.752000000000000455e+02 1.054799999999999955e+03 1.700000000000000000e+01
7.757999999999999545e+02 1.054200000000000045e+03 1.700000000000000000e+01
7.766000000000000227e+02 1.053799999999999955e+03 1.700000000000000000e+01
7.772000000000000455e+02 1.053200000000000045e+03 1.700000000000000000e+01
7.777999999999999545e+02 1.052799999999999955e+03 1.700000000000000000e+01
7.783999999999999773e+02 1.052400000000000091e+03 1.700000000000000000e+01
7.787500000000000000e+02 1.052250000000000000e+03 1.700000000000000000e+01
