3.956000000000000227e+02 4.943999999999999773e+02 3.000000000000000000e+00
3.960000000000000000e+02 4.951999999999999886e+02 3.000000000000000000e+00
3.963999999999999773e+02 4.960000000000000000e+02 3.000000000000000000e+00
3.968000000000000114e+02 4.970000000000000000e+02 3.000000000000000000e+00
3.971999999999999886e+02 4.980000000000000000e+02 3.000000000000000000e+00
3.976000000000000227e+02 4.990000000000000000e+02 3.000000000000000000e+00
3.980000000000000000e+02 5.000000000000000000e+02 3.000000000000000000e+00
3.983999999999999773e+02 5.010000000000000000e+02 3.000000000000000000e+00
3.986000000000000227e+02 5.020000000000000000e+02 3.000000000000000000e+00
3.988000000000000114e+02 5.030000000000000000e+02 3.000000000000000000e+00
3.990000000000000000e+02 5.040000000000000000e+02 3.000000000000000000e+00
3.990000000000000000e+02 5.050000000000000000e+02 3.000000000000000000e+00
3.988000000000000114e+02 5.058000000000000114e+02 3.000000000000000000e+00
3.986000000000000227e+02 5.066000000000000227e+02 3.000000000000000000e+00
3.983999999999999773e+02 5.073999999999999773e+02 3.000000000000000000e+00
3.980000000000000000e+02 5.080000000000000000e+02 3.000000000000000000e+00
3.976000000000000227e+02 5.086000000000000227e+02 3.000000000000000000e+00
3.971999999999999886e+02 5.093999999999999773e+02 3.000000000000000000e+00
3.968000000000000114e+02 5.101999999999999886e+02 3.000000000000000000e+00
3.961999999999999886e+02 5.108000000000000114e+02 3.000000000000000000e+00
3.958000000000000114e+02 5.116000000000000227e+02 3.000000000000000000e+00
3.951999999999999886e+02 5.122000000000000455e+02 3.000000000000000000e+00
3.948000000000000114e+02 5.127999999999999545e+02 3.000000000000000000e+00
3.943999999999999773e+02 5.133999999999999773e+02 3.000000000000000000e+00
3.940000000000000000e+02 5.140000000000000000e+02 3.000000000000000000e+00
3.936000000000000227e+02 5.146000000000000227e+02 3.000000000000000000e+00
3.933999999999999773e+02 5.153999999999999773e+02 3.000000000000000000e+00
3.930000000000000000e+02 5.162000000000000455e+02 3.000000000000000000e+00
3.926000000000000227e+02 5.170000000000000000e+02 3.000000000000000000e+00
3.923999999999999773e+02 5.180000000000000000e+02 3.000000000000000000e+00
3.921999999999999886e+02 5.187999999999999545e+02 3.000000000000000000e+00
3.920000000000000000e+02 5.196000000000000227e+02 4.000000000000000000e+00
3.920000000000000000e+02 5.203999999999999773e+02 4.000000000000000000e+00
3.918000000000000114e+02 5.210000000000000000e+02 4.000000000000000000e+00
3.916000000000000227e+02 5.216000000000000227e+02 4.000000000000000000e+00
3.913999999999999773e+02 5.223999999999999773e+02 4.000000000000000000e+00
3.911999999999999886e+02 5.232000000000000455e+02 4.000000000000000000e+00
3.910000000000000000e+02 5.240000000000000000e+02 4.000000000000000000e+00
3.910000000000000000e+02 5.250000000000000000e+02 4.000000000000000000e+00
3.908000000000000114e+02 5.257999999999999545e+02 4.000000000000000000e+00
3.906000000000000227e+02 5.266000000000000227e+02 5.000000000000000000e+00
3.903999999999999773e+02 5.273999999999999773e+02 5.000000000000000000e+00
3.901999999999999886e+02 5.282000000000000455e+02 5.000000000000000000e+00
3.900000000000000000e+02 5.290000000000000000e+02 5.000000000000000000e+00
3.900000000000000000e+02 5.300000000000000000e+02 5.000000000000000000e+00
3.900000000000000000e+02 5.310000000000000000e+02 6.000000000000000000e+00
3.898000000000000114e+02 5.317999999999999545e+02 6.000000000000000000e+00
3.896000000000000227e+02 5.326000000000000227e+02 6.000000000000000000e+00
3.893999999999999773e+02 5.333999999999999773e+02 6.000000000000000000e+00
3.891999999999999886e+02 5.340000000000000000e+02 6.000000000000000000e+00
3.890000000000000000e+02 5.342500000000000000e+02 7.000000000000000000e+00
