7.742000000000000455e+02 1.094799999999999955e+03 1.800000000000000000e+01
7.743999999999999773e+02 1.095599999999999909e+03 1.800000000000000000e+01
7.746000000000000227e+02 1.096400000000000091e+03 1.800000000000000000e+01
7.747999999999999545e+02 1.097200000000000045e+03 1.800000000000000000e+01
7.750000000000000000e+02 1.098000000000000000e+03 1.800000000000000000e+01
7.750000000000000000e+02 1.099000000000000000e+03 1.800000000000000000e+01
7.750000000000000000e+02 1.100000000000000000e+03 1.800000000000000000e+01
7.750000000000000000e+02 1.101000000000000000e+03 1.800000000000000000e+01
7.750000000000000000e+02 1.102000000000000000e+03 1.800000000000000000e+01
7.747999999999999545e+02 1.102799999999999955e+03 1.800000000000000000e+01
7.746000000000000227e+02 1.103599999999999909e+03 1.800000000000000000e+01
7.743999999999999773e+02 1.104400000000000091e+03 1.800000000000000000e+01
7.740000000000000000e+02 1.105000000000000000e+03 1.800000000000000000e+01
7.736000000000000227e+02 1.105599999999999909e+03 1.800000000000000000e+01
7.733999999999999773e+02 1.106400000000000091e+03 1.800000000000000000e+01
7.730000000000000000e+02 1.107000000000000000e+03 1.800000000000000000e+01
7.726000000000000227e+02 1.107599999999999909e+03 1.800000000000000000e+01
7.722000000000000455e+02 1.108200000000000045e+03 1.900000000000000000e+01
7.717999999999999545e+02 1.108799999999999955e+03 1.900000000000000000e+01
7.712000000000000455e+02 1.109200000000000045e+03 1.900000000000000000e+01
7.706000000000000227e+02 1.109799999999999955e+03 1.900000000000000000e+01
7.697999999999999545e+02 1.110200000000000045e+03 1.900000000000000000e+01
7.692000000000000455e+02 1.110799999999999955e+03 1.900000000000000000e+01
7.683999999999999773e+02 1.111200000000000045e+03 1.900000000000000000e+01
7.676000000000000227e+02 1.111599999999999909e+03 1.900000000000000000e+01
7.670000000000000000e+02 1.112000000000000000e+03 1.900000000000000000e+01
7.667500000000000000e+02 1.112250000000000000e+03 1.900000000000000000e+01
