7.237999999999999545e+02 8.379999999999999716e+01 1.800000000000000000e+01
7.233999999999999773e+02 8.440000000000000568e+01 1.800000000000000000e+01
7.230000000000000000e+02 8.500000000000000000e+01 1.800000000000000000e+01
7.226000000000000227e+02 8.559999999999999432e+01 1.800000000000000000e+01
7.223999999999999773e+02 8.640000000000000568e+01 1.800000000000000000e+01
7.220000000000000000e+02 8.700000000000000000e+01 1.800000000000000000e+01
7.216000000000000227e+02 8.759999999999999432e+01 1.700000000000000000e+01
7.213999999999999773e+02 8.840000000000000568e+01 1.700000000000000000e+01
7.212000000000000455e+02 8.920000000000000284e+01 1.700000000000000000e+01
7.210000000000000000e+02 8.979999999999999716e+01 1.700000000000000000e+01
7.210000000000000000e+02 9.059999999999999432e+01 1.600000000000000000e+01
7.207999999999999545e+02 9.120000000000000284e+01 1.600000000000000000e+01
7.206000000000000227e+02 9.179999999999999716e+01 1.600000000000000000e+01
7.203999999999999773e+02 9.240000000000000568e+01 1.600000000000000000e+01
7.202000000000000455e+02 9.320000000000000284e+01 1.500000000000000000e+01
7.197999999999999545e+02 9.400000000000000000e+01 1.500000000000000000e+01
7.196000000000000227e+02 9.500000000000000000e+01 1.400000000000000000e+01
7.195000000000000000e+02 9.550000000000000000e+01 1.400000000000000000e+01
