1.029000000000000000e+03 4.750000000000000000e+02 1.700000000000000000e+01
1.029000000000000000e+03 4.760000000000000000e+02 1.700000000000000000e+01
1.029200000000000045e+03 4.768000000000000114e+02 1.700000000000000000e+01
1.029400000000000091e+03 4.776000000000000227e+02 1.700000000000000000e+01
1.029599999999999909e+03 4.783999999999999773e+02 1.700000000000000000e+01
1.029799999999999955e+03 4.791999999999999886e+02 1.700000000000000000e+01
1.030000000000000000e+03 4.800000000000000000e+02 1.700000000000000000e+01
1.030000000000000000e+03 4.810000000000000000e+02 1.700000000000000000e+01
1.030000000000000000e+03 4.820000000000000000e+02 1.700000000000000000e+01
1.030000000000000000e+03 4.830000000000000000e+02 1.700000000000000000e+01
1.030000000000000000e+03 4.840000000000000000e+02 1.700000000000000000e+01
1.030000000000000000e+03 4.850000000000000000e+02 1.700000000000000000e+01
1.030200000000000045e+03 4.858000000000000114e+02 1.700000000000000000e+01
1.030400000000000091e+03 4.866000000000000227e+02 1.700000000000000000e+01
1.030599999999999909e+03 4.873999999999999773e+02 1.700000000000000000e+01
1.030799999999999955e+03 4.881999999999999886e+02 1.700000000000000000e+01
1.031000000000000000e+03 4.890000000000000000e+02 1.700000000000000000e+01
1.031000000000000000e+03 4.900000000000000000e+02 1.700000000000000000e+01
1.031000000000000000e+03 4.910000000000000000e+02 1.700000000000000000e+01
1.031000000000000000e+03 4.920000000000000000e+02 1.700000000000000000e+01
1.031000000000000000e+03 4.930000000000000000e+02 1.700000000000000000e+01
1.031000000000000000e+03 4.940000000000000000e+02 1.700000000000000000e+01
1.031000000000000000e+03 4.950000000000000000e+02 1.700000000000000000e+01
1.031000000000000000e+03 4.960000000000000000e+02 1.700000000000000000e+01
1.031000000000000000e+03 4.970000000000000000e+02 1.700000000000000000e+01
1.031000000000000000e+03 4.980000000000000000e+02 1.700000000000000000e+01
1.030799999999999955e+03 4.988000000000000114e+02 1.700000000000000000e+01
1.030599999999999909e+03 4.996000000000000227e+02 1.700000000000000000e+01
1.030400000000000091e+03 5.003999999999999773e+02 1.700000000000000000e+01
1.030200000000000045e+03 5.011999999999999886e+02 1.700000000000000000e+01
1.029799999999999955e+03 5.020000000000000000e+02 1.700000000000000000e+01
1.029599999999999909e+03 5.030000000000000000e+02 1.700000000000000000e+01
1.029400000000000091e+03 5.040000000000000000e+02 1.700000000000000000e+01
1.029200000000000045e+03 5.050000000000000000e+02 1.700000000000000000e+01
1.029000000000000000e+03 5.060000000000000000e+02 1.700000000000000000e+01
1.029000000000000000e+03 5.070000000000000000e+02 1.700000000000000000e+01
1.029000000000000000e+03 5.080000000000000000e+02 1.700000000000000000e+01
1.029000000000000000e+03 5.090000000000000000e+02 1.700000000000000000e+01
1.029000000000000000e+03 5.100000000000000000e+02 1.700000000000000000e+01
1.029000000000000000e+03 5.110000000000000000e+02 1.700000000000000000e+01
1.029000000000000000e+03 5.120000000000000000e+02 1.700000000000000000e+01
1.029000000000000000e+03 5.130000000000000000e+02 1.700000000000000000e+01
1.029000000000000000e+03 5.140000000000000000e+02 1.700000000000000000e+01
1.029000000000000000e+03 5.150000000000000000e+02 1.700000000000000000e+01
1.029000000000000000e+03 5.160000000000000000e+02 1.700000000000000000e+01
1.028799999999999955e+03 5.170000000000000000e+02 1.700000000000000000e+01
1.028599999999999909e+03 5.180000000000000000e+02 1.700000000000000000e+01
1.028400000000000091e+03 5.190000000000000000e+02 1.700000000000000000e+01
1.028200000000000045e+03 5.200000000000000000e+02 1.700000000000000000e+01
1.028000000000000000e+03 5.210000000000000000e+02 1.700000000000000000e+01
1.028000000000000000e+03 5.220000000000000000e+02 1.700000000000000000e+01
1.028000000000000000e+03 5.230000000000000000e+02 1.700000000000000000e+01
1.028000000000000000e+03 5.240000000000000000e+02 1.700000000000000000e+01
1.027799999999999955e+03 5.247999999999999545e+02 1.700000000000000000e+01
1.027599999999999909e+03 5.256000000000000227e+02 1.700000000000000000e+01
1.027400000000000091e+03 5.263999999999999773e+02 1.700000000000000000e+01
1.027200000000000045e+03 5.272000000000000455e+02 1.700000000000000000e+01
1.027000000000000000e+03 5.280000000000000000e+02 1.700000000000000000e+01
1.027000000000000000e+03 5.290000000000000000e+02 1.700000000000000000e+01
1.026799999999999955e+03 5.297999999999999545e+02 1.700000000000000000e+01
1.026599999999999909e+03 5.306000000000000227e+02 1.700000000000000000e+01
1.026400000000000091e+03 5.313999999999999773e+02 1.700000000000000000e+01
1.026200000000000045e+03 5.322000000000000455e+02 1.700000000000000000e+01
1.026000000000000000e+03 5.330000000000000000e+02 1.700000000000000000e+01
1.026000000000000000e+03 5.340000000000000000e+02 1.700000000000000000e+01
1.026000000000000000e+03 5.350000000000000000e+02 1.700000000000000000e+01
1.026000000000000000e+03 5.360000000000000000e+02 1.700000000000000000e+01
1.026000000000000000e+03 5.370000000000000000e+02 1.700000000000000000e+01
1.026000000000000000e+03 5.380000000000000000e+02 1.700000000000000000e+01
1.026000000000000000e+03 5.390000000000000000e+02 1.700000000000000000e+01
1.026000000000000000e+03 5.400000000000000000e+02 1.800000000000000000e+01
1.026200000000000045e+03 5.407999999999999545e+02 1.800000000000000000e+01
1.026400000000000091e+03 5.416000000000000227e+02 1.800000000000000000e+01
1.026599999999999909e+03 5.423999999999999773e+02 1.800000000000000000e+01
1.027000000000000000e+03 5.430000000000000000e+02 1.800000000000000000e+01
1.027400000000000091e+03 5.436000000000000227e+02 1.800000000000000000e+01
1.027599999999999909e+03 5.443999999999999773e+02 1.800000000000000000e+01
1.027799999999999955e+03 5.452000000000000455e+02 1.800000000000000000e+01
1.028200000000000045e+03 5.457999999999999545e+02 1.800000000000000000e+01
1.028400000000000091e+03 5.466000000000000227e+02 1.800000000000000000e+01
1.028599999999999909e+03 5.473999999999999773e+02 1.800000000000000000e+01
1.028799999999999955e+03 5.482000000000000455e+02 1.800000000000000000e+01
1.029000000000000000e+03 5.490000000000000000e+02 1.800000000000000000e+01
1.029000000000000000e+03 5.500000000000000000e+02 1.800000000000000000e+01
1.029000000000000000e+03 5.510000000000000000e+02 1.800000000000000000e+01
1.029000000000000000e+03 5.520000000000000000e+02 1.800000000000000000e+01
1.029000000000000000e+03 5.530000000000000000e+02 1.800000000000000000e+01
1.029000000000000000e+03 5.540000000000000000e+02 1.800000000000000000e+01
1.029000000000000000e+03 5.550000000000000000e+02 1.800000000000000000e+01
1.028799999999999955e+03 5.557999999999999545e+02 1.800000000000000000e+01
1.028599999999999909e+03 5.566000000000000227e+02 1.800000000000000000e+01
1.028400000000000091e+03 5.573999999999999773e+02 1.800000000000000000e+01
1.028200000000000045e+03 5.582000000000000455e+02 1.800000000000000000e+01
1.028000000000000000e+03 5.590000000000000000e+02 1.800000000000000000e+01
1.028000000000000000e+03 5.600000000000000000e+02 1.800000000000000000e+01
1.027799999999999955e+03 5.610000000000000000e+02 1.800000000000000000e+01
1.027599999999999909e+03 5.620000000000000000e+02 1.800000000000000000e+01
1.027400000000000091e+03 5.630000000000000000e+02 1.800000000000000000e+01
1.027200000000000045e+03 5.640000000000000000e+02 1.800000000000000000e+01
1.027000000000000000e+03 5.650000000000000000e+02 1.800000000000000000e+01
1.027000000000000000e+03 5.660000000000000000e+02 1.800000000000000000e+01
1.027000000000000000e+03 5.670000000000000000e+02 1.800000000000000000e+01
1.027000000000000000e+03 5.680000000000000000e+02 1.800000000000000000e+01
1.027000000000000000e+03 5.690000000000000000e+02 1.800000000000000000e+01
1.027000000000000000e+03 5.700000000000000000e+02 1.800000000000000000e+01
1.026799999999999955e+03 5.707999999999999545e+02 1.800000000000000000e+01
1.026599999999999909e+03 5.716000000000000227e+02 1.800000000000000000e+01
1.026400000000000091e+03 5.723999999999999773e+02 1.800000000000000000e+01
1.026200000000000045e+03 5.732000000000000455e+02 1.800000000000000000e+01
1.026000000000000000e+03 5.740000000000000000e+02 1.800000000000000000e+01
1.025799999999999955e+03 5.750000000000000000e+02 1.800000000000000000e+01
1.025599999999999909e+03 5.760000000000000000e+02 1.800000000000000000e+01
1.025400000000000091e+03 5.770000000000000000e+02 1.800000000000000000e+01
1.025200000000000045e+03 5.780000000000000000e+02 1.800000000000000000e+01
1.025000000000000000e+03 5.790000000000000000e+02 1.800000000000000000e+01
1.025000000000000000e+03 5.800000000000000000e+02 1.800000000000000000e+01
1.025000000000000000e+03 5.810000000000000000e+02 1.800000000000000000e+01
1.025000000000000000e+03 5.820000000000000000e+02 1.800000000000000000e+01
1.025000000000000000e+03 5.830000000000000000e+02 1.800000000000000000e+01
1.025000000000000000e+03 5.840000000000000000e+02 1.800000000000000000e+01
1.025200000000000045e+03 5.850000000000000000e+02 1.800000000000000000e+01
1.025400000000000091e+03 5.860000000000000000e+02 1.800000000000000000e+01
1.025599999999999909e+03 5.870000000000000000e+02 1.800000000000000000e+01
1.025799999999999955e+03 5.880000000000000000e+02 1.800000000000000000e+01
1.026000000000000000e+03 5.890000000000000000e+02 1.800000000000000000e+01
1.026200000000000045e+03 5.900000000000000000e+02 1.800000000000000000e+01
1.026400000000000091e+03 5.910000000000000000e+02 1.800000000000000000e+01
1.026599999999999909e+03 5.920000000000000000e+02 1.800000000000000000e+01
1.026799999999999955e+03 5.930000000000000000e+02 1.800000000000000000e+01
1.027000000000000000e+03 5.940000000000000000e+02 1.800000000000000000e+01
1.027200000000000045e+03 5.947999999999999545e+02 1.800000000000000000e+01
1.027400000000000091e+03 5.956000000000000227e+02 1.800000000000000000e+01
1.027599999999999909e+03 5.963999999999999773e+02 1.800000000000000000e+01
1.027799999999999955e+03 5.972000000000000455e+02 1.800000000000000000e+01
1.028200000000000045e+03 5.977999999999999545e+02 1.800000000000000000e+01
1.028400000000000091e+03 5.986000000000000227e+02 1.800000000000000000e+01
1.028599999999999909e+03 5.993999999999999773e+02 1.800000000000000000e+01
1.028799999999999955e+03 6.002000000000000455e+02 1.800000000000000000e+01
1.029000000000000000e+03 6.010000000000000000e+02 1.800000000000000000e+01
1.029000000000000000e+03 6.020000000000000000e+02 1.800000000000000000e+01
1.029200000000000045e+03 6.030000000000000000e+02 1.800000000000000000e+01
1.029400000000000091e+03 6.040000000000000000e+02 1.800000000000000000e+01
1.029599999999999909e+03 6.050000000000000000e+02 1.800000000000000000e+01
1.029799999999999955e+03 6.060000000000000000e+02 1.800000000000000000e+01
1.030000000000000000e+03 6.070000000000000000e+02 1.800000000000000000e+01
1.030000000000000000e+03 6.080000000000000000e+02 1.800000000000000000e+01
1.030000000000000000e+03 6.090000000000000000e+02 1.800000000000000000e+01
1.030000000000000000e+03 6.100000000000000000e+02 1.800000000000000000e+01
1.030000000000000000e+03 6.110000000000000000e+02 1.800000000000000000e+01
1.030000000000000000e+03 6.120000000000000000e+02 1.800000000000000000e+01
1.030000000000000000e+03 6.130000000000000000e+02 1.800000000000000000e+01
1.030000000000000000e+03 6.140000000000000000e+02 1.800000000000000000e+01
1.030000000000000000e+03 6.145000000000000000e+02 1.800000000000000000e+01
