7.470000000000000000e+02 1.000000000000000000e+00 1.000000000000000000e+01
7.466000000000000227e+02 1.600000000000000089e+00 1.000000000000000000e+01
7.463999999999999773e+02 2.399999999999999911e+00 1.000000000000000000e+01
7.460000000000000000e+02 3.000000000000000000e+00 1.000000000000000000e+01
7.456000000000000227e+02 3.600000000000000089e+00 1.000000000000000000e+01
7.453999999999999773e+02 4.400000000000000355e+00 1.000000000000000000e+01
7.450000000000000000e+02 5.000000000000000000e+00 1.000000000000000000e+01
7.446000000000000227e+02 5.599999999999999645e+00 1.000000000000000000e+01
7.443999999999999773e+02 6.400000000000000355e+00 1.000000000000000000e+01
7.440000000000000000e+02 7.000000000000000000e+00 1.000000000000000000e+01
7.436000000000000227e+02 7.599999999999999645e+00 1.000000000000000000e+01
7.433999999999999773e+02 8.400000000000000355e+00 1.000000000000000000e+01
7.430000000000000000e+02 9.000000000000000000e+00 1.000000000000000000e+01
7.426000000000000227e+02 9.599999999999999645e+00 1.000000000000000000e+01
7.423999999999999773e+02 1.040000000000000036e+01 1.000000000000000000e+01
7.422000000000000455e+02 1.119999999999999929e+01 1.000000000000000000e+01
7.420000000000000000e+02 1.200000000000000000e+01 1.000000000000000000e+01
7.420000000000000000e+02 1.300000000000000000e+01 1.000000000000000000e+01
7.420000000000000000e+02 1.400000000000000000e+01 1.000000000000000000e+01
7.420000000000000000e+02 1.500000000000000000e+01 1.000000000000000000e+01
7.420000000000000000e+02 1.600000000000000000e+01 1.000000000000000000e+01
7.422000000000000455e+02 1.700000000000000000e+01 1.000000000000000000e+01
7.423999999999999773e+02 1.800000000000000000e+01 1.000000000000000000e+01
7.426000000000000227e+02 1.900000000000000000e+01 1.000000000000000000e+01
7.430000000000000000e+02 2.000000000000000000e+01 1.000000000000000000e+01
7.433999999999999773e+02 2.100000000000000000e+01 1.000000000000000000e+01
7.436000000000000227e+02 2.200000000000000000e+01 1.000000000000000000e+01
7.440000000000000000e+02 2.280000000000000071e+01 1.000000000000000000e+01
7.443999999999999773e+02 2.360000000000000142e+01 1.000000000000000000e+01
7.446000000000000227e+02 2.439999999999999858e+01 1.000000000000000000e+01
7.450000000000000000e+02 2.519999999999999929e+01 1.000000000000000000e+01
7.453999999999999773e+02 2.600000000000000000e+01 1.000000000000000000e+01
7.456000000000000227e+02 2.700000000000000000e+01 1.000000000000000000e+01
7.457999999999999545e+02 2.800000000000000000e+01 1.000000000000000000e+01
7.460000000000000000e+02 2.900000000000000000e+01 1.000000000000000000e+01
7.460000000000000000e+02 2.980000000000000071e+01 1.000000000000000000e+01
7.462000000000000455e+02 3.039999999999999858e+01 9.000000000000000000e+00
7.463999999999999773e+02 3.100000000000000000e+01 9.000000000000000000e+00
7.466000000000000227e+02 3.160000000000000142e+01 9.000000000000000000e+00
7.466000000000000227e+02 3.200000000000000000e+01 9.000000000000000000e+00
7.466000000000000227e+02 3.260000000000000142e+01 9.000000000000000000e+00
7.463999999999999773e+02 3.339999999999999858e+01 9.000000000000000000e+00
7.462000000000000455e+02 3.420000000000000284e+01 9.000000000000000000e+00
7.460000000000000000e+02 3.500000000000000000e+01 9.000000000000000000e+00
7.460000000000000000e+02 3.600000000000000000e+01 9.000000000000000000e+00
7.460000000000000000e+02 3.700000000000000000e+01 9.000000000000000000e+00
7.460000000000000000e+02 3.800000000000000000e+01 9.000000000000000000e+00
7.460000000000000000e+02 3.900000000000000000e+01 9.000000000000000000e+00
7.460000000000000000e+02 4.000000000000000000e+01 9.000000000000000000e+00
7.462000000000000455e+02 4.079999999999999716e+01 9.000000000000000000e+00
7.463999999999999773e+02 4.160000000000000142e+01 9.000000000000000000e+00
7.466000000000000227e+02 4.239999999999999858e+01 9.000000000000000000e+00
7.470000000000000000e+02 4.320000000000000284e+01 9.000000000000000000e+00
7.473999999999999773e+02 4.400000000000000000e+01 9.000000000000000000e+00
7.477999999999999545e+02 4.500000000000000000e+01 9.000000000000000000e+00
7.482000000000000455e+02 4.600000000000000000e+01 9.000000000000000000e+00
7.487999999999999545e+02 4.679999999999999716e+01 9.000000000000000000e+00
7.492000000000000455e+02 4.760000000000000142e+01 9.000000000000000000e+00
7.496000000000000227e+02 4.839999999999999858e+01 9.000000000000000000e+00
7.500000000000000000e+02 4.900000000000000000e+01 9.000000000000000000e+00
7.503999999999999773e+02 4.960000000000000142e+01 9.000000000000000000e+00
7.507999999999999545e+02 5.020000000000000284e+01 9.000000000000000000e+00
7.512000000000000455e+02 5.079999999999999716e+01 9.000000000000000000e+00
7.517999999999999545e+02 5.120000000000000284e+01 9.000000000000000000e+00
7.522000000000000455e+02 5.179999999999999716e+01 9.000000000000000000e+00
7.527999999999999545e+02 5.239999999999999858e+01 9.000000000000000000e+00
7.533999999999999773e+02 5.320000000000000284e+01 9.000000000000000000e+00
7.540000000000000000e+02 5.400000000000000000e+01 9.000000000000000000e+00
7.546000000000000227e+02 5.479999999999999716e+01 9.000000000000000000e+00
7.552000000000000455e+02 5.560000000000000142e+01 9.000000000000000000e+00
7.557999999999999545e+02 5.620000000000000284e+01 9.000000000000000000e+00
7.562000000000000455e+02 5.679999999999999716e+01 9.000000000000000000e+00
7.567999999999999545e+02 5.720000000000000284e+01 9.000000000000000000e+00
7.572000000000000455e+02 5.779999999999999716e+01 9.000000000000000000e+00
7.577999999999999545e+02 5.839999999999999858e+01 9.000000000000000000e+00
7.582000000000000455e+02 5.920000000000000284e+01 9.000000000000000000e+00
7.587999999999999545e+02 6.000000000000000000e+01 9.000000000000000000e+00
7.592000000000000455e+02 6.100000000000000000e+01 9.000000000000000000e+00
7.596000000000000227e+02 6.200000000000000000e+01 9.000000000000000000e+00
7.600000000000000000e+02 6.279999999999999716e+01 9.000000000000000000e+00
7.603999999999999773e+02 6.360000000000000142e+01 9.000000000000000000e+00
7.606000000000000227e+02 6.440000000000000568e+01 9.000000000000000000e+00
7.610000000000000000e+02 6.500000000000000000e+01 9.000000000000000000e+00
7.613999999999999773e+02 6.559999999999999432e+01 9.000000000000000000e+00
7.617999999999999545e+02 6.659999999999999432e+01 9.000000000000000000e+00
7.622000000000000455e+02 6.759999999999999432e+01 9.000000000000000000e+00
7.627999999999999545e+02 6.859999999999999432e+01 9.000000000000000000e+00
7.632000000000000455e+02 6.979999999999999716e+01 9.000000000000000000e+00
7.637999999999999545e+02 7.079999999999999716e+01 9.000000000000000000e+00
7.642000000000000455e+02 7.159999999999999432e+01 9.000000000000000000e+00
7.646000000000000227e+02 7.240000000000000568e+01 8.000000000000000000e+00
7.650000000000000000e+02 7.300000000000000000e+01 8.000000000000000000e+00
7.653999999999999773e+02 7.359999999999999432e+01 8.000000000000000000e+00
7.656000000000000227e+02 7.440000000000000568e+01 8.000000000000000000e+00
7.660000000000000000e+02 7.520000000000000284e+01 8.000000000000000000e+00
7.663999999999999773e+02 7.600000000000000000e+01 8.000000000000000000e+00
7.667999999999999545e+02 7.700000000000000000e+01 8.000000000000000000e+00
7.672000000000000455e+02 7.800000000000000000e+01 8.000000000000000000e+00
7.676000000000000227e+02 7.900000000000000000e+01 8.000000000000000000e+00
7.680000000000000000e+02 8.000000000000000000e+01 8.000000000000000000e+00
7.683999999999999773e+02 8.100000000000000000e+01 8.000000000000000000e+00
7.686000000000000227e+02 8.200000000000000000e+01 8.000000000000000000e+00
7.690000000000000000e+02 8.279999999999999716e+01 8.000000000000000000e+00
7.693999999999999773e+02 8.359999999999999432e+01 8.000000000000000000e+00
7.696000000000000227e+02 8.440000000000000568e+01 8.000000000000000000e+00
7.697999999999999545e+02 8.520000000000000284e+01 8.000000000000000000e+00
7.702000000000000455e+02 8.579999999999999716e+01 8.000000000000000000e+00
7.703999999999999773e+02 8.659999999999999432e+01 8.000000000000000000e+00
7.706000000000000227e+02 8.740000000000000568e+01 8.000000000000000000e+00
7.707999999999999545e+02 8.820000000000000284e+01 8.000000000000000000e+00
7.712000000000000455e+02 8.900000000000000000e+01 8.000000000000000000e+00
7.713999999999999773e+02 9.000000000000000000e+01 8.000000000000000000e+00
7.716000000000000227e+02 9.100000000000000000e+01 8.000000000000000000e+00
7.720000000000000000e+02 9.200000000000000000e+01 8.000000000000000000e+00
7.723999999999999773e+02 9.300000000000000000e+01 8.000000000000000000e+00
7.726000000000000227e+02 9.400000000000000000e+01 8.000000000000000000e+00
7.727999999999999545e+02 9.500000000000000000e+01 8.000000000000000000e+00
7.732000000000000455e+02 9.600000000000000000e+01 8.000000000000000000e+00
7.733999999999999773e+02 9.700000000000000000e+01 8.000000000000000000e+00
7.736000000000000227e+02 9.800000000000000000e+01 8.000000000000000000e+00
7.740000000000000000e+02 9.900000000000000000e+01 8.000000000000000000e+00
7.743999999999999773e+02 1.000000000000000000e+02 8.000000000000000000e+00
7.746000000000000227e+02 1.010000000000000000e+02 8.000000000000000000e+00
7.750000000000000000e+02 1.020000000000000000e+02 8.000000000000000000e+00
7.753999999999999773e+02 1.030000000000000000e+02 8.000000000000000000e+00
7.757999999999999545e+02 1.040000000000000000e+02 8.000000000000000000e+00
7.762000000000000455e+02 1.050000000000000000e+02 8.000000000000000000e+00
7.766000000000000227e+02 1.060000000000000000e+02 8.000000000000000000e+00
7.770000000000000000e+02 1.067999999999999972e+02 8.000000000000000000e+00
7.773999999999999773e+02 1.075999999999999943e+02 8.000000000000000000e+00
7.777999999999999545e+02 1.084000000000000057e+02 8.000000000000000000e+00
7.782000000000000455e+02 1.092000000000000028e+02 7.000000000000000000e+00
7.787999999999999545e+02 1.100000000000000000e+02 7.000000000000000000e+00
7.792000000000000455e+02 1.110000000000000000e+02 7.000000000000000000e+00
7.797999999999999545e+02 1.117999999999999972e+02 7.000000000000000000e+00
7.802000000000000455e+02 1.125999999999999943e+02 7.000000000000000000e+00
7.806000000000000227e+02 1.134000000000000057e+02 7.000000000000000000e+00
7.807999999999999545e+02 1.142000000000000028e+02 7.000000000000000000e+00
7.810000000000000000e+02 1.150000000000000000e+02 7.000000000000000000e+00
7.810000000000000000e+02 1.160000000000000000e+02 7.000000000000000000e+00
7.810000000000000000e+02 1.170000000000000000e+02 7.000000000000000000e+00
7.810000000000000000e+02 1.180000000000000000e+02 7.000000000000000000e+00
7.810000000000000000e+02 1.190000000000000000e+02 7.000000000000000000e+00
7.810000000000000000e+02 1.200000000000000000e+02 7.000000000000000000e+00
7.810000000000000000e+02 1.210000000000000000e+02 7.000000000000000000e+00
7.810000000000000000e+02 1.220000000000000000e+02 7.000000000000000000e+00
7.810000000000000000e+02 1.230000000000000000e+02 7.000000000000000000e+00
7.810000000000000000e+02 1.240000000000000000e+02 7.000000000000000000e+00
7.810000000000000000e+02 1.247999999999999972e+02 7.000000000000000000e+00
7.810000000000000000e+02 1.255999999999999943e+02 8.000000000000000000e+00
7.810000000000000000e+02 1.264000000000000057e+02 8.000000000000000000e+00
7.810000000000000000e+02 1.272000000000000028e+02 8.000000000000000000e+00
7.810000000000000000e+02 1.280000000000000000e+02 8.000000000000000000e+00
7.810000000000000000e+02 1.290000000000000000e+02 8.000000000000000000e+00
7.810000000000000000e+02 1.300000000000000000e+02 8.000000000000000000e+00
7.807999999999999545e+02 1.308000000000000114e+02 8.000000000000000000e+00
7.806000000000000227e+02 1.315999999999999943e+02 8.000000000000000000e+00
7.803999999999999773e+02 1.324000000000000057e+02 8.000000000000000000e+00
7.800000000000000000e+02 1.331999999999999886e+02 9.000000000000000000e+00
7.796000000000000227e+02 1.340000000000000000e+02 9.000000000000000000e+00
7.792000000000000455e+02 1.348000000000000114e+02 9.000000000000000000e+00
7.787999999999999545e+02 1.355999999999999943e+02 9.000000000000000000e+00
7.782000000000000455e+02 1.361999999999999886e+02 9.000000000000000000e+00
7.777999999999999545e+02 1.368000000000000114e+02 9.000000000000000000e+00
7.772000000000000455e+02 1.371999999999999886e+02 9.000000000000000000e+00
7.766000000000000227e+02 1.375999999999999943e+02 9.000000000000000000e+00
7.760000000000000000e+02 1.380000000000000000e+02 9.000000000000000000e+00
7.753999999999999773e+02 1.384000000000000057e+02 9.000000000000000000e+00
7.747999999999999545e+02 1.388000000000000114e+02 9.000000000000000000e+00
7.742000000000000455e+02 1.391999999999999886e+02 9.000000000000000000e+00
7.737999999999999545e+02 1.398000000000000114e+02 9.000000000000000000e+00
7.733999999999999773e+02 1.404000000000000057e+02 9.000000000000000000e+00
7.730000000000000000e+02 1.410000000000000000e+02 9.000000000000000000e+00
7.726000000000000227e+02 1.415999999999999943e+02 9.000000000000000000e+00
7.723999999999999773e+02 1.424000000000000057e+02 9.000000000000000000e+00
7.720000000000000000e+02 1.430000000000000000e+02 9.000000000000000000e+00
7.716000000000000227e+02 1.435999999999999943e+02 9.000000000000000000e+00
7.713999999999999773e+02 1.444000000000000057e+02 9.000000000000000000e+00
7.712000000000000455e+02 1.451999999999999886e+02 9.000000000000000000e+00
7.710000000000000000e+02 1.460000000000000000e+02 9.000000000000000000e+00
7.710000000000000000e+02 1.470000000000000000e+02 9.000000000000000000e+00
7.710000000000000000e+02 1.480000000000000000e+02 9.000000000000000000e+00
7.710000000000000000e+02 1.490000000000000000e+02 9.000000000000000000e+00
7.710000000000000000e+02 1.500000000000000000e+02 9.000000000000000000e+00
7.712000000000000455e+02 1.510000000000000000e+02 9.000000000000000000e+00
7.713999999999999773e+02 1.520000000000000000e+02 9.000000000000000000e+00
7.716000000000000227e+02 1.530000000000000000e+02 9.000000000000000000e+00
7.720000000000000000e+02 1.540000000000000000e+02 9.000000000000000000e+00
7.723999999999999773e+02 1.550000000000000000e+02 9.000000000000000000e+00
7.727999999999999545e+02 1.560000000000000000e+02 9.000000000000000000e+00
7.732000000000000455e+02 1.570000000000000000e+02 9.000000000000000000e+00
7.737999999999999545e+02 1.578000000000000114e+02 9.000000000000000000e+00
7.742000000000000455e+02 1.585999999999999943e+02 9.000000000000000000e+00
7.747999999999999545e+02 1.594000000000000057e+02 9.000000000000000000e+00
7.753999999999999773e+02 1.601999999999999886e+02 9.000000000000000000e+00
7.760000000000000000e+02 1.610000000000000000e+02 9.000000000000000000e+00
7.766000000000000227e+02 1.618000000000000114e+02 9.000000000000000000e+00
7.772000000000000455e+02 1.625999999999999943e+02 9.000000000000000000e+00
7.777999999999999545e+02 1.635999999999999943e+02 1.000000000000000000e+01
7.782000000000000455e+02 1.645999999999999943e+02 1.000000000000000000e+01
7.786000000000000227e+02 1.655999999999999943e+02 1.000000000000000000e+01
7.787999999999999545e+02 1.668000000000000114e+02 1.000000000000000000e+01
7.790000000000000000e+02 1.680000000000000000e+02 1.000000000000000000e+01
7.790000000000000000e+02 1.690000000000000000e+02 1.000000000000000000e+01
7.790000000000000000e+02 1.700000000000000000e+02 1.000000000000000000e+01
7.790000000000000000e+02 1.710000000000000000e+02 1.000000000000000000e+01
7.790000000000000000e+02 1.720000000000000000e+02 1.000000000000000000e+01
7.790000000000000000e+02 1.730000000000000000e+02 1.000000000000000000e+01
7.790000000000000000e+02 1.740000000000000000e+02 1.000000000000000000e+01
7.790000000000000000e+02 1.750000000000000000e+02 1.000000000000000000e+01
7.790000000000000000e+02 1.760000000000000000e+02 1.000000000000000000e+01
7.790000000000000000e+02 1.770000000000000000e+02 1.000000000000000000e+01
7.790000000000000000e+02 1.780000000000000000e+02 1.000000000000000000e+01
7.790000000000000000e+02 1.790000000000000000e+02 1.000000000000000000e+01
7.790000000000000000e+02 1.800000000000000000e+02 1.000000000000000000e+01
7.787999999999999545e+02 1.808000000000000114e+02 1.000000000000000000e+01
7.786000000000000227e+02 1.815999999999999943e+02 1.000000000000000000e+01
7.783999999999999773e+02 1.824000000000000057e+02 1.000000000000000000e+01
7.782000000000000455e+02 1.831999999999999886e+02 1.000000000000000000e+01
7.780000000000000000e+02 1.838000000000000114e+02 1.000000000000000000e+01
7.780000000000000000e+02 1.845999999999999943e+02 1.100000000000000000e+01
7.780000000000000000e+02 1.854000000000000057e+02 1.100000000000000000e+01
7.777999999999999545e+02 1.860000000000000000e+02 1.100000000000000000e+01
7.776000000000000227e+02 1.865999999999999943e+02 1.100000000000000000e+01
7.773999999999999773e+02 1.874000000000000057e+02 1.100000000000000000e+01
7.772000000000000455e+02 1.881999999999999886e+02 1.100000000000000000e+01
7.767999999999999545e+02 1.890000000000000000e+02 1.100000000000000000e+01
7.766000000000000227e+02 1.900000000000000000e+02 1.100000000000000000e+01
7.763999999999999773e+02 1.910000000000000000e+02 1.100000000000000000e+01
7.762000000000000455e+02 1.920000000000000000e+02 1.100000000000000000e+01
7.760000000000000000e+02 1.930000000000000000e+02 1.100000000000000000e+01
7.760000000000000000e+02 1.940000000000000000e+02 1.100000000000000000e+01
7.760000000000000000e+02 1.950000000000000000e+02 1.100000000000000000e+01
7.760000000000000000e+02 1.960000000000000000e+02 1.100000000000000000e+01
7.762000000000000455e+02 1.968000000000000114e+02 1.100000000000000000e+01
7.763999999999999773e+02 1.975999999999999943e+02 1.100000000000000000e+01
7.766000000000000227e+02 1.984000000000000057e+02 1.100000000000000000e+01
7.770000000000000000e+02 1.991999999999999886e+02 1.100000000000000000e+01
7.773999999999999773e+02 2.000000000000000000e+02 1.100000000000000000e+01
7.777999999999999545e+02 2.008000000000000114e+02 1.100000000000000000e+01
7.782000000000000455e+02 2.015999999999999943e+02 1.100000000000000000e+01
7.786000000000000227e+02 2.024000000000000057e+02 1.100000000000000000e+01
7.790000000000000000e+02 2.030000000000000000e+02 1.100000000000000000e+01
7.793999999999999773e+02 2.035999999999999943e+02 1.100000000000000000e+01
7.796000000000000227e+02 2.044000000000000057e+02 1.100000000000000000e+01
7.800000000000000000e+02 2.050000000000000000e+02 1.100000000000000000e+01
7.803999999999999773e+02 2.055999999999999943e+02 1.100000000000000000e+01
7.807999999999999545e+02 2.064000000000000057e+02 1.100000000000000000e+01
7.812000000000000455e+02 2.070000000000000000e+02 1.100000000000000000e+01
7.816000000000000227e+02 2.075999999999999943e+02 1.200000000000000000e+01
7.820000000000000000e+02 2.084000000000000057e+02 1.200000000000000000e+01
7.823999999999999773e+02 2.091999999999999886e+02 1.200000000000000000e+01
7.827999999999999545e+02 2.098000000000000114e+02 1.200000000000000000e+01
7.832000000000000455e+02 2.105999999999999943e+02 1.200000000000000000e+01
7.836000000000000227e+02 2.114000000000000057e+02 1.200000000000000000e+01
7.840000000000000000e+02 2.121999999999999886e+02 1.200000000000000000e+01
7.843999999999999773e+02 2.130000000000000000e+02 1.200000000000000000e+01
7.847999999999999545e+02 2.140000000000000000e+02 1.200000000000000000e+01
7.852000000000000455e+02 2.150000000000000000e+02 1.200000000000000000e+01
7.856000000000000227e+02 2.160000000000000000e+02 1.200000000000000000e+01
7.860000000000000000e+02 2.168000000000000114e+02 1.200000000000000000e+01
7.862500000000000000e+02 2.172500000000000000e+02 1.200000000000000000e+01
