7.660000000000000000e+02 1.075000000000000000e+03 1.900000000000000000e+01
7.662000000000000455e+02 1.076000000000000000e+03 1.900000000000000000e+01
7.663999999999999773e+02 1.077000000000000000e+03 1.900000000000000000e+01
7.666000000000000227e+02 1.078000000000000000e+03 1.900000000000000000e+01
7.667999999999999545e+02 1.079000000000000000e+03 1.900000000000000000e+01
7.670000000000000000e+02 1.080000000000000000e+03 1.900000000000000000e+01
7.672000000000000455e+02 1.080799999999999955e+03 1.900000000000000000e+01
7.673999999999999773e+02 1.081599999999999909e+03 1.900000000000000000e+01
7.676000000000000227e+02 1.082400000000000091e+03 1.900000000000000000e+01
7.680000000000000000e+02 1.083200000000000045e+03 1.900000000000000000e+01
7.683999999999999773e+02 1.084000000000000000e+03 1.900000000000000000e+01
7.686000000000000227e+02 1.085000000000000000e+03 1.900000000000000000e+01
7.690000000000000000e+02 1.085799999999999955e+03 1.900000000000000000e+01
7.693999999999999773e+02 1.086599999999999909e+03 1.900000000000000000e+01
7.697999999999999545e+02 1.087400000000000091e+03 1.900000000000000000e+01
7.702000000000000455e+02 1.088200000000000045e+03 1.900000000000000000e+01
7.707999999999999545e+02 1.088799999999999955e+03 1.900000000000000000e+01
7.712000000000000455e+02 1.089599999999999909e+03 1.900000000000000000e+01
7.717999999999999545e+02 1.090200000000000045e+03 1.900000000000000000e+01
7.722000000000000455e+02 1.090799999999999955e+03 1.900000000000000000e+01
7.727999999999999545e+02 1.091400000000000091e+03 1.900000000000000000e+01
7.730000000000000000e+02 1.091750000000000000e+03 1.900000000000000000e+01
