7.827999999999999545e+02 1.137999999999999972e+02 7.000000000000000000e+00
7.833999999999999773e+02 1.132000000000000028e+02 7.000000000000000000e+00
7.842000000000000455e+02 1.127999999999999972e+02 7.000000000000000000e+00
7.847999999999999545e+02 1.122000000000000028e+02 7.000000000000000000e+00
7.856000000000000227e+02 1.117999999999999972e+02 7.000000000000000000e+00
7.863999999999999773e+02 1.114000000000000057e+02 7.000000000000000000e+00
7.870000000000000000e+02 1.110000000000000000e+02 7.000000000000000000e+00
7.876000000000000227e+02 1.105999999999999943e+02 7.000000000000000000e+00
7.883999999999999773e+02 1.104000000000000057e+02 7.000000000000000000e+00
7.890000000000000000e+02 1.100000000000000000e+02 7.000000000000000000e+00
7.896000000000000227e+02 1.095999999999999943e+02 7.000000000000000000e+00
7.903999999999999773e+02 1.094000000000000057e+02 7.000000000000000000e+00
7.912000000000000455e+02 1.090000000000000000e+02 7.000000000000000000e+00
7.920000000000000000e+02 1.085999999999999943e+02 7.000000000000000000e+00
7.930000000000000000e+02 1.084000000000000057e+02 7.000000000000000000e+00
7.940000000000000000e+02 1.080000000000000000e+02 7.000000000000000000e+00
7.950000000000000000e+02 1.075999999999999943e+02 7.000000000000000000e+00
7.960000000000000000e+02 1.074000000000000057e+02 7.000000000000000000e+00
7.970000000000000000e+02 1.072000000000000028e+02 7.000000000000000000e+00
7.977999999999999545e+02 1.067999999999999972e+02 7.000000000000000000e+00
7.986000000000000227e+02 1.065999999999999943e+02 7.000000000000000000e+00
7.993999999999999773e+02 1.064000000000000057e+02 7.000000000000000000e+00
8.002000000000000455e+02 1.062000000000000028e+02 7.000000000000000000e+00
8.010000000000000000e+02 1.060000000000000000e+02 7.000000000000000000e+00
8.020000000000000000e+02 1.060000000000000000e+02 7.000000000000000000e+00
8.030000000000000000e+02 1.060000000000000000e+02 7.000000000000000000e+00
8.040000000000000000e+02 1.060000000000000000e+02 7.000000000000000000e+00
8.050000000000000000e+02 1.060000000000000000e+02 7.000000000000000000e+00
8.060000000000000000e+02 1.060000000000000000e+02 7.000000000000000000e+00
8.070000000000000000e+02 1.060000000000000000e+02 7.000000000000000000e+00
8.080000000000000000e+02 1.060000000000000000e+02 7.000000000000000000e+00
8.090000000000000000e+02 1.060000000000000000e+02 6.000000000000000000e+00
8.100000000000000000e+02 1.060000000000000000e+02 6.000000000000000000e+00
8.107999999999999545e+02 1.062000000000000028e+02 6.000000000000000000e+00
8.116000000000000227e+02 1.064000000000000057e+02 6.000000000000000000e+00
8.123999999999999773e+02 1.065999999999999943e+02 6.000000000000000000e+00
8.130000000000000000e+02 1.070000000000000000e+02 6.000000000000000000e+00
8.136000000000000227e+02 1.074000000000000057e+02 6.000000000000000000e+00
8.143999999999999773e+02 1.075999999999999943e+02 6.000000000000000000e+00
8.150000000000000000e+02 1.080000000000000000e+02 6.000000000000000000e+00
8.156000000000000227e+02 1.084000000000000057e+02 6.000000000000000000e+00
8.163999999999999773e+02 1.085999999999999943e+02 6.000000000000000000e+00
8.172000000000000455e+02 1.087999999999999972e+02 6.000000000000000000e+00
8.180000000000000000e+02 1.090000000000000000e+02 6.000000000000000000e+00
8.187999999999999545e+02 1.092000000000000028e+02 6.000000000000000000e+00
8.196000000000000227e+02 1.094000000000000057e+02 6.000000000000000000e+00
8.203999999999999773e+02 1.095999999999999943e+02 6.000000000000000000e+00
8.212000000000000455e+02 1.097999999999999972e+02 6.000000000000000000e+00
8.217999999999999545e+02 1.097999999999999972e+02 6.000000000000000000e+00
8.226000000000000227e+02 1.095999999999999943e+02 6.000000000000000000e+00
8.233999999999999773e+02 1.094000000000000057e+02 6.000000000000000000e+00
8.242000000000000455e+02 1.092000000000000028e+02 6.000000000000000000e+00
8.247999999999999545e+02 1.087999999999999972e+02 6.000000000000000000e+00
8.256000000000000227e+02 1.085999999999999943e+02 6.000000000000000000e+00
8.263999999999999773e+02 1.084000000000000057e+02 6.000000000000000000e+00
8.270000000000000000e+02 1.080000000000000000e+02 6.000000000000000000e+00
8.276000000000000227e+02 1.075999999999999943e+02 6.000000000000000000e+00
8.280000000000000000e+02 1.075000000000000000e+02 6.000000000000000000e+00
