2.080000000000000000e+02 5.800000000000000000e+01 1.100000000000000000e+01
2.090000000000000000e+02 5.800000000000000000e+01 1.100000000000000000e+01
2.098000000000000114e+02 5.820000000000000284e+01 1.100000000000000000e+01
2.105999999999999943e+02 5.839999999999999858e+01 1.100000000000000000e+01
2.114000000000000057e+02 5.860000000000000142e+01 1.100000000000000000e+01
2.121999999999999886e+02 5.879999999999999716e+01 1.100000000000000000e+01
2.128000000000000114e+02 5.920000000000000284e+01 1.100000000000000000e+01
2.135999999999999943e+02 5.939999999999999858e+01 1.100000000000000000e+01
2.144000000000000057e+02 5.960000000000000142e+01 1.000000000000000000e+01
2.150000000000000000e+02 6.000000000000000000e+01 1.000000000000000000e+01
2.155999999999999943e+02 6.039999999999999858e+01 1.000000000000000000e+01
2.164000000000000057e+02 6.060000000000000142e+01 1.000000000000000000e+01
2.171999999999999886e+02 6.100000000000000000e+01 1.000000000000000000e+01
2.180000000000000000e+02 6.139999999999999858e+01 1.000000000000000000e+01
2.190000000000000000e+02 6.160000000000000142e+01 1.000000000000000000e+01
2.198000000000000114e+02 6.200000000000000000e+01 1.000000000000000000e+01
2.205999999999999943e+02 6.239999999999999858e+01 1.000000000000000000e+01
2.214000000000000057e+02 6.260000000000000142e+01 1.000000000000000000e+01
2.217500000000000000e+02 6.275000000000000000e+01 1.000000000000000000e+01
