4.020000000000000000e+02 3.390000000000000000e+02 1.100000000000000000e+01
4.020000000000000000e+02 3.400000000000000000e+02 1.100000000000000000e+01
4.020000000000000000e+02 3.410000000000000000e+02 1.100000000000000000e+01
4.021999999999999886e+02 3.420000000000000000e+02 1.100000000000000000e+01
4.023999999999999773e+02 3.430000000000000000e+02 1.100000000000000000e+01
4.026000000000000227e+02 3.440000000000000000e+02 1.100000000000000000e+01
4.028000000000000114e+02 3.450000000000000000e+02 1.100000000000000000e+01
4.031999999999999886e+02 3.458000000000000114e+02 1.100000000000000000e+01
4.033999999999999773e+02 3.466000000000000227e+02 1.100000000000000000e+01
4.036000000000000227e+02 3.473999999999999773e+02 1.100000000000000000e+01
4.040000000000000000e+02 3.481999999999999886e+02 1.100000000000000000e+01
4.043999999999999773e+02 3.490000000000000000e+02 1.100000000000000000e+01
4.048000000000000114e+02 3.498000000000000114e+02 1.100000000000000000e+01
4.051999999999999886e+02 3.506000000000000227e+02 1.100000000000000000e+01
4.056000000000000227e+02 3.513999999999999773e+02 1.100000000000000000e+01
4.060000000000000000e+02 3.520000000000000000e+02 1.100000000000000000e+01
4.063999999999999773e+02 3.526000000000000227e+02 1.100000000000000000e+01
4.066000000000000227e+02 3.533999999999999773e+02 1.100000000000000000e+01
4.070000000000000000e+02 3.540000000000000000e+02 1.100000000000000000e+01
4.073999999999999773e+02 3.546000000000000227e+02 1.100000000000000000e+01
4.078000000000000114e+02 3.551999999999999886e+02 1.100000000000000000e+01
4.081999999999999886e+02 3.558000000000000114e+02 1.100000000000000000e+01
4.088000000000000114e+02 3.563999999999999773e+02 1.100000000000000000e+01
4.091999999999999886e+02 3.571999999999999886e+02 1.100000000000000000e+01
4.098000000000000114e+02 3.578000000000000114e+02 1.100000000000000000e+01
4.101999999999999886e+02 3.586000000000000227e+02 1.100000000000000000e+01
4.108000000000000114e+02 3.593999999999999773e+02 1.100000000000000000e+01
4.113999999999999773e+02 3.601999999999999886e+02 1.100000000000000000e+01
4.120000000000000000e+02 3.610000000000000000e+02 1.100000000000000000e+01
4.126000000000000227e+02 3.618000000000000114e+02 1.100000000000000000e+01
4.131999999999999886e+02 3.626000000000000227e+02 1.100000000000000000e+01
4.138000000000000114e+02 3.631999999999999886e+02 1.100000000000000000e+01
4.141999999999999886e+02 3.638000000000000114e+02 1.100000000000000000e+01
4.148000000000000114e+02 3.641999999999999886e+02 1.100000000000000000e+01
4.153999999999999773e+02 3.648000000000000114e+02 1.100000000000000000e+01
4.161999999999999886e+02 3.651999999999999886e+02 1.100000000000000000e+01
4.168000000000000114e+02 3.658000000000000114e+02 1.100000000000000000e+01
4.176000000000000227e+02 3.661999999999999886e+02 1.100000000000000000e+01
4.183999999999999773e+02 3.666000000000000227e+02 1.100000000000000000e+01
4.191999999999999886e+02 3.670000000000000000e+02 1.100000000000000000e+01
4.200000000000000000e+02 3.673999999999999773e+02 1.100000000000000000e+01
4.210000000000000000e+02 3.676000000000000227e+02 1.100000000000000000e+01
4.220000000000000000e+02 3.678000000000000114e+02 1.100000000000000000e+01
4.230000000000000000e+02 3.680000000000000000e+02 1.100000000000000000e+01
4.240000000000000000e+02 3.680000000000000000e+02 1.100000000000000000e+01
4.250000000000000000e+02 3.680000000000000000e+02 1.100000000000000000e+01
4.260000000000000000e+02 3.680000000000000000e+02 1.100000000000000000e+01
4.270000000000000000e+02 3.680000000000000000e+02 1.100000000000000000e+01
4.278000000000000114e+02 3.681999999999999886e+02 1.100000000000000000e+01
4.286000000000000227e+02 3.683999999999999773e+02 1.100000000000000000e+01
4.293999999999999773e+02 3.686000000000000227e+02 1.100000000000000000e+01
4.301999999999999886e+02 3.688000000000000114e+02 1.100000000000000000e+01
4.310000000000000000e+02 3.690000000000000000e+02 1.100000000000000000e+01
4.320000000000000000e+02 3.690000000000000000e+02 1.100000000000000000e+01
4.330000000000000000e+02 3.690000000000000000e+02 1.100000000000000000e+01
4.340000000000000000e+02 3.690000000000000000e+02 1.100000000000000000e+01
4.350000000000000000e+02 3.690000000000000000e+02 1.100000000000000000e+01
4.355000000000000000e+02 3.690000000000000000e+02 1.100000000000000000e+01
