4.588000000000000114e+02 8.362000000000000455e+02 1.700000000000000000e+01
4.596000000000000227e+02 8.363999999999999773e+02 1.700000000000000000e+01
4.603999999999999773e+02 8.366000000000000227e+02 1.700000000000000000e+01
4.611999999999999886e+02 8.367999999999999545e+02 1.700000000000000000e+01
4.620000000000000000e+02 8.370000000000000000e+02 1.700000000000000000e+01
4.630000000000000000e+02 8.370000000000000000e+02 1.700000000000000000e+01
4.640000000000000000e+02 8.372000000000000455e+02 1.700000000000000000e+01
4.650000000000000000e+02 8.373999999999999773e+02 1.700000000000000000e+01
4.660000000000000000e+02 8.376000000000000227e+02 1.700000000000000000e+01
4.668000000000000114e+02 8.376000000000000227e+02 1.700000000000000000e+01
4.676000000000000227e+02 8.376000000000000227e+02 1.700000000000000000e+01
4.683999999999999773e+02 8.373999999999999773e+02 1.700000000000000000e+01
4.691999999999999886e+02 8.372000000000000455e+02 1.700000000000000000e+01
4.700000000000000000e+02 8.370000000000000000e+02 1.700000000000000000e+01
4.710000000000000000e+02 8.370000000000000000e+02 1.700000000000000000e+01
4.720000000000000000e+02 8.370000000000000000e+02 1.700000000000000000e+01
4.728000000000000114e+02 8.367999999999999545e+02 1.700000000000000000e+01
4.736000000000000227e+02 8.366000000000000227e+02 1.700000000000000000e+01
4.743999999999999773e+02 8.363999999999999773e+02 1.700000000000000000e+01
4.751999999999999886e+02 8.362000000000000455e+02 1.600000000000000000e+01
4.760000000000000000e+02 8.360000000000000000e+02 1.600000000000000000e+01
4.770000000000000000e+02 8.360000000000000000e+02 1.600000000000000000e+01
4.778000000000000114e+02 8.357999999999999545e+02 1.600000000000000000e+01
4.786000000000000227e+02 8.356000000000000227e+02 1.600000000000000000e+01
4.793999999999999773e+02 8.353999999999999773e+02 1.600000000000000000e+01
4.801999999999999886e+02 8.352000000000000455e+02 1.600000000000000000e+01
4.810000000000000000e+02 8.350000000000000000e+02 1.600000000000000000e+01
4.818000000000000114e+02 8.347999999999999545e+02 1.600000000000000000e+01
4.826000000000000227e+02 8.346000000000000227e+02 1.600000000000000000e+01
4.833999999999999773e+02 8.343999999999999773e+02 1.600000000000000000e+01
4.840000000000000000e+02 8.340000000000000000e+02 1.600000000000000000e+01
4.846000000000000227e+02 8.336000000000000227e+02 1.600000000000000000e+01
4.851999999999999886e+02 8.333999999999999773e+02 1.700000000000000000e+01
4.858000000000000114e+02 8.332000000000000455e+02 1.600000000000000000e+01
4.861999999999999886e+02 8.327999999999999545e+02 1.700000000000000000e+01
4.868000000000000114e+02 8.326000000000000227e+02 1.700000000000000000e+01
4.871999999999999886e+02 8.322000000000000455e+02 1.700000000000000000e+01
4.878000000000000114e+02 8.317999999999999545e+02 1.700000000000000000e+01
4.881999999999999886e+02 8.312000000000000455e+02 1.700000000000000000e+01
4.888000000000000114e+02 8.307999999999999545e+02 1.700000000000000000e+01
4.891999999999999886e+02 8.302000000000000455e+02 1.700000000000000000e+01
4.898000000000000114e+02 8.297999999999999545e+02 1.700000000000000000e+01
4.901999999999999886e+02 8.293999999999999773e+02 1.700000000000000000e+01
4.906000000000000227e+02 8.290000000000000000e+02 1.600000000000000000e+01
4.910000000000000000e+02 8.286000000000000227e+02 1.600000000000000000e+01
4.916000000000000227e+02 8.283999999999999773e+02 1.600000000000000000e+01
4.920000000000000000e+02 8.280000000000000000e+02 1.600000000000000000e+01
4.926000000000000227e+02 8.276000000000000227e+02 1.600000000000000000e+01
4.933999999999999773e+02 8.273999999999999773e+02 1.600000000000000000e+01
4.940000000000000000e+02 8.270000000000000000e+02 1.600000000000000000e+01
4.946000000000000227e+02 8.266000000000000227e+02 1.600000000000000000e+01
4.953999999999999773e+02 8.263999999999999773e+02 1.600000000000000000e+01
4.961999999999999886e+02 8.262000000000000455e+02 1.600000000000000000e+01
4.968000000000000114e+02 8.262000000000000455e+02 1.600000000000000000e+01
4.976000000000000227e+02 8.263999999999999773e+02 1.600000000000000000e+01
4.983999999999999773e+02 8.266000000000000227e+02 1.600000000000000000e+01
4.990000000000000000e+02 8.270000000000000000e+02 1.600000000000000000e+01
4.996000000000000227e+02 8.273999999999999773e+02 1.600000000000000000e+01
5.001999999999999886e+02 8.277999999999999545e+02 1.600000000000000000e+01
5.008000000000000114e+02 8.282000000000000455e+02 1.600000000000000000e+01
5.011999999999999886e+02 8.287999999999999545e+02 1.600000000000000000e+01
5.018000000000000114e+02 8.292000000000000455e+02 1.600000000000000000e+01
5.021999999999999886e+02 8.297999999999999545e+02 1.600000000000000000e+01
5.028000000000000114e+02 8.302000000000000455e+02 1.600000000000000000e+01
5.031999999999999886e+02 8.307999999999999545e+02 1.600000000000000000e+01
5.035000000000000000e+02 8.310000000000000000e+02 1.600000000000000000e+01
