5.772000000000000455e+02 1.279599999999999909e+03 1.500000000000000000e+01
5.780000000000000000e+02 1.279400000000000091e+03 1.500000000000000000e+01
5.790000000000000000e+02 1.279200000000000045e+03 1.500000000000000000e+01
5.797999999999999545e+02 1.278799999999999955e+03 1.500000000000000000e+01
5.806000000000000227e+02 1.278599999999999909e+03 1.500000000000000000e+01
5.813999999999999773e+02 1.278400000000000091e+03 1.500000000000000000e+01
5.822000000000000455e+02 1.278200000000000045e+03 1.500000000000000000e+01
5.830000000000000000e+02 1.278000000000000000e+03 1.500000000000000000e+01
5.837999999999999545e+02 1.277799999999999955e+03 1.500000000000000000e+01
5.846000000000000227e+02 1.277599999999999909e+03 1.500000000000000000e+01
5.853999999999999773e+02 1.277400000000000091e+03 1.500000000000000000e+01
5.862000000000000455e+02 1.277200000000000045e+03 1.500000000000000000e+01
5.870000000000000000e+02 1.277000000000000000e+03 1.500000000000000000e+01
5.880000000000000000e+02 1.277000000000000000e+03 1.500000000000000000e+01
5.890000000000000000e+02 1.277000000000000000e+03 1.500000000000000000e+01
5.900000000000000000e+02 1.277000000000000000e+03 1.500000000000000000e+01
5.910000000000000000e+02 1.277000000000000000e+03 1.500000000000000000e+01
5.915000000000000000e+02 1.277000000000000000e+03 1.500000000000000000e+01
