5.896000000000000227e+02 4.200000000000000000e+01 1.200000000000000000e+01
5.903999999999999773e+02 4.200000000000000000e+01 1.200000000000000000e+01
5.912000000000000455e+02 4.200000000000000000e+01 1.200000000000000000e+01
5.920000000000000000e+02 4.200000000000000000e+01 1.200000000000000000e+01
5.927999999999999545e+02 4.200000000000000000e+01 1.200000000000000000e+01
5.936000000000000227e+02 4.220000000000000284e+01 1.300000000000000000e+01
5.943999999999999773e+02 4.239999999999999858e+01 1.300000000000000000e+01
5.952000000000000455e+02 4.260000000000000142e+01 1.300000000000000000e+01
5.960000000000000000e+02 4.300000000000000000e+01 1.300000000000000000e+01
5.970000000000000000e+02 4.339999999999999858e+01 1.300000000000000000e+01
5.977999999999999545e+02 4.360000000000000142e+01 1.300000000000000000e+01
5.983999999999999773e+02 4.400000000000000000e+01 1.400000000000000000e+01
5.990000000000000000e+02 4.439999999999999858e+01 1.400000000000000000e+01
5.996000000000000227e+02 4.460000000000000142e+01 1.400000000000000000e+01
6.000000000000000000e+02 4.500000000000000000e+01 1.400000000000000000e+01
6.006000000000000227e+02 4.539999999999999858e+01 1.400000000000000000e+01
6.012000000000000455e+02 4.579999999999999716e+01 1.400000000000000000e+01
6.017999999999999545e+02 4.620000000000000284e+01 1.400000000000000000e+01
6.022000000000000455e+02 4.679999999999999716e+01 1.400000000000000000e+01
6.027999999999999545e+02 4.720000000000000284e+01 1.400000000000000000e+01
6.032000000000000455e+02 4.779999999999999716e+01 1.400000000000000000e+01
6.037999999999999545e+02 4.820000000000000284e+01 1.400000000000000000e+01
6.042000000000000455e+02 4.879999999999999716e+01 1.500000000000000000e+01
6.047999999999999545e+02 4.920000000000000284e+01 1.500000000000000000e+01
6.052000000000000455e+02 4.979999999999999716e+01 1.500000000000000000e+01
6.057999999999999545e+02 5.020000000000000284e+01 1.500000000000000000e+01
6.062000000000000455e+02 5.079999999999999716e+01 1.500000000000000000e+01
6.066000000000000227e+02 5.139999999999999858e+01 1.500000000000000000e+01
6.070000000000000000e+02 5.200000000000000000e+01 1.500000000000000000e+01
6.073999999999999773e+02 5.260000000000000142e+01 1.500000000000000000e+01
6.076000000000000227e+02 5.339999999999999858e+01 1.500000000000000000e+01
6.080000000000000000e+02 5.420000000000000284e+01 1.500000000000000000e+01
6.083999999999999773e+02 5.500000000000000000e+01 1.500000000000000000e+01
6.086000000000000227e+02 5.600000000000000000e+01 1.500000000000000000e+01
6.087999999999999545e+02 5.700000000000000000e+01 1.500000000000000000e+01
6.090000000000000000e+02 5.800000000000000000e+01 1.500000000000000000e+01
6.090000000000000000e+02 5.900000000000000000e+01 1.500000000000000000e+01
6.090000000000000000e+02 6.000000000000000000e+01 1.500000000000000000e+01
6.090000000000000000e+02 6.100000000000000000e+01 1.500000000000000000e+01
6.090000000000000000e+02 6.200000000000000000e+01 1.500000000000000000e+01
6.090000000000000000e+02 6.300000000000000000e+01 1.500000000000000000e+01
6.090000000000000000e+02 6.400000000000000000e+01 1.500000000000000000e+01
6.087999999999999545e+02 6.479999999999999716e+01 1.500000000000000000e+01
6.086000000000000227e+02 6.559999999999999432e+01 1.500000000000000000e+01
6.083999999999999773e+02 6.640000000000000568e+01 1.500000000000000000e+01
6.082000000000000455e+02 6.720000000000000284e+01 1.500000000000000000e+01
6.080000000000000000e+02 6.779999999999999716e+01 1.500000000000000000e+01
6.077999999999999545e+02 6.840000000000000568e+01 1.600000000000000000e+01
6.076000000000000227e+02 6.900000000000000000e+01 1.600000000000000000e+01
6.073999999999999773e+02 6.959999999999999432e+01 1.600000000000000000e+01
6.072000000000000455e+02 7.020000000000000284e+01 1.600000000000000000e+01
6.067999999999999545e+02 7.079999999999999716e+01 1.600000000000000000e+01
6.066000000000000227e+02 7.159999999999999432e+01 1.600000000000000000e+01
6.063999999999999773e+02 7.240000000000000568e+01 1.600000000000000000e+01
6.060000000000000000e+02 7.300000000000000000e+01 1.600000000000000000e+01
6.056000000000000227e+02 7.359999999999999432e+01 1.600000000000000000e+01
6.053999999999999773e+02 7.440000000000000568e+01 1.600000000000000000e+01
6.052000000000000455e+02 7.520000000000000284e+01 1.600000000000000000e+01
6.047999999999999545e+02 7.579999999999999716e+01 1.600000000000000000e+01
6.046000000000000227e+02 7.640000000000000568e+01 1.600000000000000000e+01
6.043999999999999773e+02 7.700000000000000000e+01 1.700000000000000000e+01
6.042000000000000455e+02 7.759999999999999432e+01 1.700000000000000000e+01
6.037999999999999545e+02 7.800000000000000000e+01 1.700000000000000000e+01
6.036000000000000227e+02 7.859999999999999432e+01 1.700000000000000000e+01
6.033999999999999773e+02 7.940000000000000568e+01 1.700000000000000000e+01
6.030000000000000000e+02 8.000000000000000000e+01 1.700000000000000000e+01
6.026000000000000227e+02 8.059999999999999432e+01 1.700000000000000000e+01
6.023999999999999773e+02 8.120000000000000284e+01 1.700000000000000000e+01
6.022000000000000455e+02 8.179999999999999716e+01 1.800000000000000000e+01
6.017999999999999545e+02 8.240000000000000568e+01 1.800000000000000000e+01
6.016000000000000227e+02 8.320000000000000284e+01 1.800000000000000000e+01
6.012000000000000455e+02 8.400000000000000000e+01 1.800000000000000000e+01
6.007999999999999545e+02 8.500000000000000000e+01 1.800000000000000000e+01
6.002000000000000455e+02 8.600000000000000000e+01 1.800000000000000000e+01
5.997999999999999545e+02 8.700000000000000000e+01 1.800000000000000000e+01
5.992000000000000455e+02 8.779999999999999716e+01 1.900000000000000000e+01
5.987999999999999545e+02 8.859999999999999432e+01 1.900000000000000000e+01
5.983999999999999773e+02 8.940000000000000568e+01 1.900000000000000000e+01
5.982000000000000455e+02 9.020000000000000284e+01 1.900000000000000000e+01
5.977999999999999545e+02 9.079999999999999716e+01 1.900000000000000000e+01
5.976000000000000227e+02 9.159999999999999432e+01 1.900000000000000000e+01
5.973999999999999773e+02 9.240000000000000568e+01 1.900000000000000000e+01
5.972000000000000455e+02 9.320000000000000284e+01 1.900000000000000000e+01
5.967999999999999545e+02 9.400000000000000000e+01 2.000000000000000000e+01
5.966000000000000227e+02 9.500000000000000000e+01 2.000000000000000000e+01
5.963999999999999773e+02 9.600000000000000000e+01 2.000000000000000000e+01
5.962000000000000455e+02 9.700000000000000000e+01 2.000000000000000000e+01
5.960000000000000000e+02 9.800000000000000000e+01 2.100000000000000000e+01
5.962000000000000455e+02 9.900000000000000000e+01 2.100000000000000000e+01
5.963999999999999773e+02 1.000000000000000000e+02 2.100000000000000000e+01
5.966000000000000227e+02 1.007999999999999972e+02 2.100000000000000000e+01
5.967999999999999545e+02 1.015999999999999943e+02 2.200000000000000000e+01
5.972000000000000455e+02 1.022000000000000028e+02 2.200000000000000000e+01
5.973999999999999773e+02 1.027999999999999972e+02 2.200000000000000000e+01
5.977999999999999545e+02 1.034000000000000057e+02 2.200000000000000000e+01
5.983999999999999773e+02 1.042000000000000028e+02 2.200000000000000000e+01
5.990000000000000000e+02 1.047999999999999972e+02 2.200000000000000000e+01
5.996000000000000227e+02 1.054000000000000057e+02 2.300000000000000000e+01
6.002000000000000455e+02 1.060000000000000000e+02 2.300000000000000000e+01
6.007999999999999545e+02 1.064000000000000057e+02 2.300000000000000000e+01
6.012000000000000455e+02 1.067999999999999972e+02 2.300000000000000000e+01
6.017999999999999545e+02 1.072000000000000028e+02 2.300000000000000000e+01
6.023999999999999773e+02 1.075999999999999943e+02 2.300000000000000000e+01
6.030000000000000000e+02 1.080000000000000000e+02 2.300000000000000000e+01
6.036000000000000227e+02 1.084000000000000057e+02 2.300000000000000000e+01
6.043999999999999773e+02 1.085999999999999943e+02 2.300000000000000000e+01
6.047500000000000000e+02 1.087500000000000000e+02 2.300000000000000000e+01
