8.850000000000000000e+02 5.742000000000000455e+02 1.600000000000000000e+01
8.840000000000000000e+02 5.740000000000000000e+02 1.600000000000000000e+01
8.830000000000000000e+02 5.737999999999999545e+02 1.600000000000000000e+01
8.820000000000000000e+02 5.736000000000000227e+02 1.600000000000000000e+01
8.810000000000000000e+02 5.733999999999999773e+02 1.600000000000000000e+01
8.800000000000000000e+02 5.732000000000000455e+02 1.600000000000000000e+01
8.790000000000000000e+02 5.727999999999999545e+02 1.600000000000000000e+01
8.780000000000000000e+02 5.726000000000000227e+02 1.600000000000000000e+01
8.770000000000000000e+02 5.723999999999999773e+02 1.600000000000000000e+01
8.762000000000000455e+02 5.720000000000000000e+02 1.600000000000000000e+01
8.753999999999999773e+02 5.716000000000000227e+02 1.600000000000000000e+01
8.746000000000000227e+02 5.713999999999999773e+02 1.600000000000000000e+01
8.740000000000000000e+02 5.710000000000000000e+02 1.600000000000000000e+01
8.733999999999999773e+02 5.706000000000000227e+02 1.600000000000000000e+01
8.726000000000000227e+02 5.703999999999999773e+02 1.600000000000000000e+01
8.720000000000000000e+02 5.700000000000000000e+02 1.600000000000000000e+01
8.713999999999999773e+02 5.696000000000000227e+02 1.600000000000000000e+01
8.707999999999999545e+02 5.692000000000000455e+02 1.600000000000000000e+01
8.702000000000000455e+02 5.687999999999999545e+02 1.600000000000000000e+01
8.696000000000000227e+02 5.683999999999999773e+02 1.600000000000000000e+01
8.690000000000000000e+02 5.680000000000000000e+02 1.600000000000000000e+01
8.683999999999999773e+02 5.676000000000000227e+02 1.600000000000000000e+01
8.677999999999999545e+02 5.672000000000000455e+02 1.600000000000000000e+01
8.672000000000000455e+02 5.667999999999999545e+02 1.600000000000000000e+01
8.666000000000000227e+02 5.662000000000000455e+02 1.600000000000000000e+01
8.657999999999999545e+02 5.657999999999999545e+02 1.600000000000000000e+01
8.652000000000000455e+02 5.652000000000000455e+02 1.600000000000000000e+01
8.643999999999999773e+02 5.647999999999999545e+02 1.600000000000000000e+01
8.636000000000000227e+02 5.643999999999999773e+02 1.600000000000000000e+01
8.627999999999999545e+02 5.640000000000000000e+02 1.600000000000000000e+01
8.620000000000000000e+02 5.636000000000000227e+02 1.600000000000000000e+01
8.610000000000000000e+02 5.633999999999999773e+02 1.600000000000000000e+01
8.602000000000000455e+02 5.630000000000000000e+02 1.600000000000000000e+01
8.593999999999999773e+02 5.626000000000000227e+02 1.600000000000000000e+01
8.586000000000000227e+02 5.623999999999999773e+02 1.600000000000000000e+01
8.577999999999999545e+02 5.622000000000000455e+02 1.600000000000000000e+01
8.570000000000000000e+02 5.620000000000000000e+02 1.600000000000000000e+01
8.560000000000000000e+02 5.620000000000000000e+02 1.600000000000000000e+01
8.550000000000000000e+02 5.620000000000000000e+02 1.600000000000000000e+01
8.540000000000000000e+02 5.620000000000000000e+02 1.600000000000000000e+01
8.530000000000000000e+02 5.620000000000000000e+02 1.600000000000000000e+01
8.520000000000000000e+02 5.620000000000000000e+02 1.600000000000000000e+01
8.512000000000000455e+02 5.617999999999999545e+02 1.600000000000000000e+01
8.503999999999999773e+02 5.616000000000000227e+02 1.600000000000000000e+01
8.496000000000000227e+02 5.613999999999999773e+02 1.600000000000000000e+01
8.487999999999999545e+02 5.612000000000000455e+02 1.600000000000000000e+01
8.480000000000000000e+02 5.610000000000000000e+02 1.600000000000000000e+01
8.470000000000000000e+02 5.610000000000000000e+02 1.600000000000000000e+01
8.462000000000000455e+02 5.607999999999999545e+02 1.600000000000000000e+01
8.453999999999999773e+02 5.606000000000000227e+02 1.600000000000000000e+01
8.446000000000000227e+02 5.603999999999999773e+02 1.600000000000000000e+01
8.437999999999999545e+02 5.602000000000000455e+02 1.600000000000000000e+01
8.432000000000000455e+02 5.597999999999999545e+02 1.600000000000000000e+01
8.423999999999999773e+02 5.596000000000000227e+02 1.600000000000000000e+01
8.416000000000000227e+02 5.593999999999999773e+02 1.600000000000000000e+01
8.407999999999999545e+02 5.590000000000000000e+02 1.600000000000000000e+01
8.400000000000000000e+02 5.586000000000000227e+02 1.600000000000000000e+01
8.390000000000000000e+02 5.582000000000000455e+02 1.600000000000000000e+01
8.380000000000000000e+02 5.577999999999999545e+02 1.600000000000000000e+01
8.370000000000000000e+02 5.572000000000000455e+02 1.600000000000000000e+01
8.360000000000000000e+02 5.567999999999999545e+02 1.600000000000000000e+01
8.350000000000000000e+02 5.562000000000000455e+02 1.600000000000000000e+01
8.340000000000000000e+02 5.557999999999999545e+02 1.600000000000000000e+01
8.327999999999999545e+02 5.552000000000000455e+02 1.600000000000000000e+01
8.320000000000000000e+02 5.547999999999999545e+02 1.700000000000000000e+01
8.312000000000000455e+02 5.542000000000000455e+02 1.600000000000000000e+01
8.302000000000000455e+02 5.537999999999999545e+02 1.700000000000000000e+01
8.293999999999999773e+02 5.532000000000000455e+02 1.700000000000000000e+01
8.287999999999999545e+02 5.527999999999999545e+02 1.700000000000000000e+01
8.277999999999999545e+02 5.522000000000000455e+02 1.700000000000000000e+01
8.267999999999999545e+02 5.517999999999999545e+02 1.700000000000000000e+01
8.262000000000000455e+02 5.512000000000000455e+02 1.700000000000000000e+01
8.253999999999999773e+02 5.507999999999999545e+02 1.700000000000000000e+01
8.246000000000000227e+02 5.502000000000000455e+02 1.700000000000000000e+01
8.237999999999999545e+02 5.497999999999999545e+02 1.700000000000000000e+01
8.232000000000000455e+02 5.492000000000000455e+02 1.700000000000000000e+01
8.223999999999999773e+02 5.487999999999999545e+02 1.700000000000000000e+01
8.217999999999999545e+02 5.482000000000000455e+02 1.700000000000000000e+01
8.212000000000000455e+02 5.477999999999999545e+02 1.700000000000000000e+01
8.207999999999999545e+02 5.472000000000000455e+02 1.700000000000000000e+01
8.202000000000000455e+02 5.466000000000000227e+02 1.700000000000000000e+01
8.197999999999999545e+02 5.457999999999999545e+02 1.700000000000000000e+01
8.192000000000000455e+02 5.452000000000000455e+02 1.700000000000000000e+01
8.187999999999999545e+02 5.443999999999999773e+02 1.700000000000000000e+01
8.182000000000000455e+02 5.437999999999999545e+02 1.700000000000000000e+01
8.180000000000000000e+02 5.435000000000000000e+02 1.700000000000000000e+01
