9.327999999999999545e+02 6.887999999999999545e+02 1.800000000000000000e+01
9.332000000000000455e+02 6.882000000000000455e+02 1.800000000000000000e+01
9.337999999999999545e+02 6.877999999999999545e+02 1.800000000000000000e+01
9.342000000000000455e+02 6.872000000000000455e+02 1.800000000000000000e+01
9.347999999999999545e+02 6.867999999999999545e+02 1.800000000000000000e+01
9.352000000000000455e+02 6.862000000000000455e+02 1.800000000000000000e+01
9.357999999999999545e+02 6.857999999999999545e+02 1.800000000000000000e+01
9.362000000000000455e+02 6.852000000000000455e+02 1.800000000000000000e+01
9.367999999999999545e+02 6.847999999999999545e+02 1.800000000000000000e+01
9.372000000000000455e+02 6.842000000000000455e+02 1.800000000000000000e+01
9.377999999999999545e+02 6.837999999999999545e+02 1.800000000000000000e+01
9.382000000000000455e+02 6.832000000000000455e+02 1.800000000000000000e+01
9.387999999999999545e+02 6.826000000000000227e+02 1.800000000000000000e+01
9.392000000000000455e+02 6.817999999999999545e+02 1.800000000000000000e+01
9.397999999999999545e+02 6.812000000000000455e+02 1.800000000000000000e+01
9.402000000000000455e+02 6.803999999999999773e+02 1.800000000000000000e+01
9.407999999999999545e+02 6.797999999999999545e+02 1.800000000000000000e+01
9.412000000000000455e+02 6.792000000000000455e+02 1.800000000000000000e+01
9.417999999999999545e+02 6.786000000000000227e+02 1.800000000000000000e+01
9.422000000000000455e+02 6.777999999999999545e+02 1.800000000000000000e+01
9.427999999999999545e+02 6.772000000000000455e+02 1.800000000000000000e+01
9.432000000000000455e+02 6.763999999999999773e+02 1.800000000000000000e+01
9.437999999999999545e+02 6.757999999999999545e+02 1.800000000000000000e+01
9.442000000000000455e+02 6.752000000000000455e+02 1.800000000000000000e+01
9.446000000000000227e+02 6.746000000000000227e+02 1.800000000000000000e+01
9.450000000000000000e+02 6.740000000000000000e+02 1.800000000000000000e+01
9.453999999999999773e+02 6.733999999999999773e+02 1.800000000000000000e+01
9.457999999999999545e+02 6.727999999999999545e+02 1.800000000000000000e+01
9.462000000000000455e+02 6.722000000000000455e+02 1.800000000000000000e+01
9.467999999999999545e+02 6.717999999999999545e+02 1.800000000000000000e+01
9.472000000000000455e+02 6.712000000000000455e+02 1.800000000000000000e+01
9.477999999999999545e+02 6.707999999999999545e+02 1.800000000000000000e+01
9.482000000000000455e+02 6.702000000000000455e+02 1.800000000000000000e+01
9.487999999999999545e+02 6.697999999999999545e+02 1.800000000000000000e+01
9.492000000000000455e+02 6.692000000000000455e+02 1.800000000000000000e+01
9.497999999999999545e+02 6.687999999999999545e+02 1.800000000000000000e+01
9.502000000000000455e+02 6.682000000000000455e+02 1.800000000000000000e+01
9.507999999999999545e+02 6.677999999999999545e+02 1.800000000000000000e+01
9.513999999999999773e+02 6.672000000000000455e+02 1.800000000000000000e+01
9.522000000000000455e+02 6.667999999999999545e+02 1.800000000000000000e+01
9.527999999999999545e+02 6.662000000000000455e+02 1.800000000000000000e+01
9.536000000000000227e+02 6.657999999999999545e+02 1.800000000000000000e+01
9.543999999999999773e+02 6.653999999999999773e+02 1.800000000000000000e+01
9.550000000000000000e+02 6.650000000000000000e+02 1.800000000000000000e+01
9.556000000000000227e+02 6.646000000000000227e+02 1.800000000000000000e+01
9.563999999999999773e+02 6.642000000000000455e+02 1.800000000000000000e+01
9.572000000000000455e+02 6.637999999999999545e+02 1.800000000000000000e+01
9.577999999999999545e+02 6.632000000000000455e+02 1.800000000000000000e+01
9.586000000000000227e+02 6.627999999999999545e+02 1.800000000000000000e+01
9.593999999999999773e+02 6.623999999999999773e+02 1.800000000000000000e+01
9.600000000000000000e+02 6.620000000000000000e+02 1.800000000000000000e+01
9.606000000000000227e+02 6.616000000000000227e+02 1.800000000000000000e+01
9.613999999999999773e+02 6.613999999999999773e+02 1.800000000000000000e+01
9.620000000000000000e+02 6.610000000000000000e+02 1.800000000000000000e+01
9.626000000000000227e+02 6.606000000000000227e+02 1.800000000000000000e+01
9.630000000000000000e+02 6.605000000000000000e+02 1.800000000000000000e+01
