7.162000000000000455e+02 5.692000000000000455e+02 9.000000000000000000e+00
7.167999999999999545e+02 5.697999999999999545e+02 9.000000000000000000e+00
7.176000000000000227e+02 5.702000000000000455e+02 9.000000000000000000e+00
7.182000000000000455e+02 5.707999999999999545e+02 9.000000000000000000e+00
7.187999999999999545e+02 5.713999999999999773e+02 9.000000000000000000e+00
7.192000000000000455e+02 5.722000000000000455e+02 9.000000000000000000e+00
7.197999999999999545e+02 5.727999999999999545e+02 9.000000000000000000e+00
7.202000000000000455e+02 5.736000000000000227e+02 9.000000000000000000e+00
7.207999999999999545e+02 5.742000000000000455e+02 9.000000000000000000e+00
7.212000000000000455e+02 5.747999999999999545e+02 9.000000000000000000e+00
7.217999999999999545e+02 5.752000000000000455e+02 9.000000000000000000e+00
7.222000000000000455e+02 5.757999999999999545e+02 9.000000000000000000e+00
7.227999999999999545e+02 5.762000000000000455e+02 9.000000000000000000e+00
7.232000000000000455e+02 5.767999999999999545e+02 9.000000000000000000e+00
7.237999999999999545e+02 5.772000000000000455e+02 9.000000000000000000e+00
7.243999999999999773e+02 5.777999999999999545e+02 9.000000000000000000e+00
7.252000000000000455e+02 5.782000000000000455e+02 9.000000000000000000e+00
7.260000000000000000e+02 5.786000000000000227e+02 9.000000000000000000e+00
7.270000000000000000e+02 5.787999999999999545e+02 9.000000000000000000e+00
7.280000000000000000e+02 5.790000000000000000e+02 9.000000000000000000e+00
7.290000000000000000e+02 5.790000000000000000e+02 9.000000000000000000e+00
7.300000000000000000e+02 5.787999999999999545e+02 9.000000000000000000e+00
7.310000000000000000e+02 5.786000000000000227e+02 9.000000000000000000e+00
7.320000000000000000e+02 5.783999999999999773e+02 9.000000000000000000e+00
7.327999999999999545e+02 5.780000000000000000e+02 9.000000000000000000e+00
7.336000000000000227e+02 5.776000000000000227e+02 9.000000000000000000e+00
7.343999999999999773e+02 5.773999999999999773e+02 9.000000000000000000e+00
7.350000000000000000e+02 5.770000000000000000e+02 9.000000000000000000e+00
7.356000000000000227e+02 5.766000000000000227e+02 9.000000000000000000e+00
7.363999999999999773e+02 5.763999999999999773e+02 9.000000000000000000e+00
7.372000000000000455e+02 5.762000000000000455e+02 9.000000000000000000e+00
7.377999999999999545e+02 5.757999999999999545e+02 9.000000000000000000e+00
7.386000000000000227e+02 5.756000000000000227e+02 9.000000000000000000e+00
7.393999999999999773e+02 5.753999999999999773e+02 9.000000000000000000e+00
7.402000000000000455e+02 5.752000000000000455e+02 9.000000000000000000e+00
7.410000000000000000e+02 5.750000000000000000e+02 9.000000000000000000e+00
7.417999999999999545e+02 5.752000000000000455e+02 9.000000000000000000e+00
7.426000000000000227e+02 5.753999999999999773e+02 9.000000000000000000e+00
7.433999999999999773e+02 5.756000000000000227e+02 9.000000000000000000e+00
7.440000000000000000e+02 5.760000000000000000e+02 9.000000000000000000e+00
7.446000000000000227e+02 5.763999999999999773e+02 9.000000000000000000e+00
7.452000000000000455e+02 5.766000000000000227e+02 9.000000000000000000e+00
7.457999999999999545e+02 5.770000000000000000e+02 1.000000000000000000e+01
7.463999999999999773e+02 5.776000000000000227e+02 1.000000000000000000e+01
7.472000000000000455e+02 5.782000000000000455e+02 1.000000000000000000e+01
7.477999999999999545e+02 5.790000000000000000e+02 1.000000000000000000e+01
7.486000000000000227e+02 5.797999999999999545e+02 1.000000000000000000e+01
7.492000000000000455e+02 5.806000000000000227e+02 1.000000000000000000e+01
7.496000000000000227e+02 5.813999999999999773e+02 1.000000000000000000e+01
7.500000000000000000e+02 5.820000000000000000e+02 1.000000000000000000e+01
7.503999999999999773e+02 5.826000000000000227e+02 1.000000000000000000e+01
7.506000000000000227e+02 5.833999999999999773e+02 1.000000000000000000e+01
7.510000000000000000e+02 5.840000000000000000e+02 1.000000000000000000e+01
7.513999999999999773e+02 5.846000000000000227e+02 1.000000000000000000e+01
7.516000000000000227e+02 5.853999999999999773e+02 1.000000000000000000e+01
7.517999999999999545e+02 5.862000000000000455e+02 1.000000000000000000e+01
7.522000000000000455e+02 5.867999999999999545e+02 1.000000000000000000e+01
7.523999999999999773e+02 5.876000000000000227e+02 1.000000000000000000e+01
7.526000000000000227e+02 5.883999999999999773e+02 1.000000000000000000e+01
7.527999999999999545e+02 5.892000000000000455e+02 1.000000000000000000e+01
7.530000000000000000e+02 5.900000000000000000e+02 1.000000000000000000e+01
7.530000000000000000e+02 5.910000000000000000e+02 1.000000000000000000e+01
7.530000000000000000e+02 5.920000000000000000e+02 1.000000000000000000e+01
7.530000000000000000e+02 5.930000000000000000e+02 1.000000000000000000e+01
7.530000000000000000e+02 5.940000000000000000e+02 1.000000000000000000e+01
7.530000000000000000e+02 5.950000000000000000e+02 1.000000000000000000e+01
7.530000000000000000e+02 5.960000000000000000e+02 1.000000000000000000e+01
7.530000000000000000e+02 5.970000000000000000e+02 1.000000000000000000e+01
7.530000000000000000e+02 5.980000000000000000e+02 1.000000000000000000e+01
7.530000000000000000e+02 5.990000000000000000e+02 1.000000000000000000e+01
7.530000000000000000e+02 6.000000000000000000e+02 1.000000000000000000e+01
7.530000000000000000e+02 6.010000000000000000e+02 1.000000000000000000e+01
7.530000000000000000e+02 6.020000000000000000e+02 1.000000000000000000e+01
7.527999999999999545e+02 6.030000000000000000e+02 1.000000000000000000e+01
7.526000000000000227e+02 6.040000000000000000e+02 1.000000000000000000e+01
7.523999999999999773e+02 6.050000000000000000e+02 1.000000000000000000e+01
7.522000000000000455e+02 6.060000000000000000e+02 1.000000000000000000e+01
7.520000000000000000e+02 6.070000000000000000e+02 1.000000000000000000e+01
7.520000000000000000e+02 6.077999999999999545e+02 9.000000000000000000e+00
7.520000000000000000e+02 6.086000000000000227e+02 1.000000000000000000e+01
7.520000000000000000e+02 6.093999999999999773e+02 9.000000000000000000e+00
7.520000000000000000e+02 6.102000000000000455e+02 9.000000000000000000e+00
7.520000000000000000e+02 6.110000000000000000e+02 9.000000000000000000e+00
7.517999999999999545e+02 6.117999999999999545e+02 9.000000000000000000e+00
7.516000000000000227e+02 6.126000000000000227e+02 9.000000000000000000e+00
7.513999999999999773e+02 6.133999999999999773e+02 9.000000000000000000e+00
7.512000000000000455e+02 6.142000000000000455e+02 9.000000000000000000e+00
7.510000000000000000e+02 6.150000000000000000e+02 9.000000000000000000e+00
7.507999999999999545e+02 6.157999999999999545e+02 9.000000000000000000e+00
7.506000000000000227e+02 6.166000000000000227e+02 9.000000000000000000e+00
7.503999999999999773e+02 6.173999999999999773e+02 9.000000000000000000e+00
7.502000000000000455e+02 6.182000000000000455e+02 9.000000000000000000e+00
7.497999999999999545e+02 6.187999999999999545e+02 9.000000000000000000e+00
7.496000000000000227e+02 6.196000000000000227e+02 9.000000000000000000e+00
7.493999999999999773e+02 6.203999999999999773e+02 9.000000000000000000e+00
7.492000000000000455e+02 6.212000000000000455e+02 9.000000000000000000e+00
7.490000000000000000e+02 6.220000000000000000e+02 9.000000000000000000e+00
7.490000000000000000e+02 6.230000000000000000e+02 9.000000000000000000e+00
7.490000000000000000e+02 6.240000000000000000e+02 9.000000000000000000e+00
7.490000000000000000e+02 6.250000000000000000e+02 9.000000000000000000e+00
7.490000000000000000e+02 6.260000000000000000e+02 9.000000000000000000e+00
7.492000000000000455e+02 6.267999999999999545e+02 9.000000000000000000e+00
7.493999999999999773e+02 6.276000000000000227e+02 9.000000000000000000e+00
7.497999999999999545e+02 6.282000000000000455e+02 9.000000000000000000e+00
7.502000000000000455e+02 6.287999999999999545e+02 9.000000000000000000e+00
7.507999999999999545e+02 6.293999999999999773e+02 9.000000000000000000e+00
7.513999999999999773e+02 6.302000000000000455e+02 9.000000000000000000e+00
7.522000000000000455e+02 6.307999999999999545e+02 9.000000000000000000e+00
7.527999999999999545e+02 6.316000000000000227e+02 9.000000000000000000e+00
7.536000000000000227e+02 6.322000000000000455e+02 9.000000000000000000e+00
7.542000000000000455e+02 6.327999999999999545e+02 9.000000000000000000e+00
7.547999999999999545e+02 6.332000000000000455e+02 9.000000000000000000e+00
7.553999999999999773e+02 6.336000000000000227e+02 9.000000000000000000e+00
7.560000000000000000e+02 6.340000000000000000e+02 9.000000000000000000e+00
7.566000000000000227e+02 6.343999999999999773e+02 9.000000000000000000e+00
7.572000000000000455e+02 6.347999999999999545e+02 9.000000000000000000e+00
7.577999999999999545e+02 6.352000000000000455e+02 9.000000000000000000e+00
7.583999999999999773e+02 6.356000000000000227e+02 9.000000000000000000e+00
7.590000000000000000e+02 6.360000000000000000e+02 9.000000000000000000e+00
7.596000000000000227e+02 6.363999999999999773e+02 9.000000000000000000e+00
7.603999999999999773e+02 6.366000000000000227e+02 9.000000000000000000e+00
7.610000000000000000e+02 6.370000000000000000e+02 9.000000000000000000e+00
7.616000000000000227e+02 6.373999999999999773e+02 9.000000000000000000e+00
7.623999999999999773e+02 6.376000000000000227e+02 9.000000000000000000e+00
7.630000000000000000e+02 6.380000000000000000e+02 9.000000000000000000e+00
7.636000000000000227e+02 6.383999999999999773e+02 9.000000000000000000e+00
7.643999999999999773e+02 6.386000000000000227e+02 9.000000000000000000e+00
7.650000000000000000e+02 6.390000000000000000e+02 9.000000000000000000e+00
7.656000000000000227e+02 6.393999999999999773e+02 9.000000000000000000e+00
7.663999999999999773e+02 6.397999999999999545e+02 9.000000000000000000e+00
7.672000000000000455e+02 6.402000000000000455e+02 9.000000000000000000e+00
7.680000000000000000e+02 6.407999999999999545e+02 9.000000000000000000e+00
7.690000000000000000e+02 6.412000000000000455e+02 9.000000000000000000e+00
7.697999999999999545e+02 6.417999999999999545e+02 9.000000000000000000e+00
7.706000000000000227e+02 6.422000000000000455e+02 9.000000000000000000e+00
7.712000000000000455e+02 6.427999999999999545e+02 9.000000000000000000e+00
7.717999999999999545e+02 6.432000000000000455e+02 9.000000000000000000e+00
7.722000000000000455e+02 6.437999999999999545e+02 9.000000000000000000e+00
7.727999999999999545e+02 6.442000000000000455e+02 9.000000000000000000e+00
7.733999999999999773e+02 6.447999999999999545e+02 9.000000000000000000e+00
7.742000000000000455e+02 6.453999999999999773e+02 9.000000000000000000e+00
7.747999999999999545e+02 6.462000000000000455e+02 9.000000000000000000e+00
7.756000000000000227e+02 6.467999999999999545e+02 9.000000000000000000e+00
7.762000000000000455e+02 6.476000000000000227e+02 9.000000000000000000e+00
7.767999999999999545e+02 6.482000000000000455e+02 9.000000000000000000e+00
7.772000000000000455e+02 6.487999999999999545e+02 9.000000000000000000e+00
7.777999999999999545e+02 6.492000000000000455e+02 9.000000000000000000e+00
7.782000000000000455e+02 6.497999999999999545e+02 9.000000000000000000e+00
7.787999999999999545e+02 6.502000000000000455e+02 9.000000000000000000e+00
7.792000000000000455e+02 6.507999999999999545e+02 9.000000000000000000e+00
7.795000000000000000e+02 6.510000000000000000e+02 9.000000000000000000e+00
