5.091999999999999886e+02 9.832000000000000455e+02 1.600000000000000000e+01
5.088000000000000114e+02 9.837999999999999545e+02 1.600000000000000000e+01
5.081999999999999886e+02 9.842000000000000455e+02 1.600000000000000000e+01
5.078000000000000114e+02 9.847999999999999545e+02 1.600000000000000000e+01
5.071999999999999886e+02 9.853999999999999773e+02 1.600000000000000000e+01
5.068000000000000114e+02 9.862000000000000455e+02 1.600000000000000000e+01
5.061999999999999886e+02 9.867999999999999545e+02 1.600000000000000000e+01
5.058000000000000114e+02 9.876000000000000227e+02 1.600000000000000000e+01
5.053999999999999773e+02 9.883999999999999773e+02 1.600000000000000000e+01
5.050000000000000000e+02 9.890000000000000000e+02 1.600000000000000000e+01
5.046000000000000227e+02 9.896000000000000227e+02 1.600000000000000000e+01
5.043999999999999773e+02 9.903999999999999773e+02 1.600000000000000000e+01
5.040000000000000000e+02 9.910000000000000000e+02 1.500000000000000000e+01
5.036000000000000227e+02 9.916000000000000227e+02 1.500000000000000000e+01
5.033999999999999773e+02 9.923999999999999773e+02 1.500000000000000000e+01
5.031999999999999886e+02 9.932000000000000455e+02 1.500000000000000000e+01
5.028000000000000114e+02 9.937999999999999545e+02 1.500000000000000000e+01
5.026000000000000227e+02 9.946000000000000227e+02 1.500000000000000000e+01
5.023999999999999773e+02 9.953999999999999773e+02 1.500000000000000000e+01
5.021999999999999886e+02 9.962000000000000455e+02 1.500000000000000000e+01
5.020000000000000000e+02 9.970000000000000000e+02 1.500000000000000000e+01
5.020000000000000000e+02 9.980000000000000000e+02 1.500000000000000000e+01
5.020000000000000000e+02 9.990000000000000000e+02 1.500000000000000000e+01
5.020000000000000000e+02 1.000000000000000000e+03 1.400000000000000000e+01
5.020000000000000000e+02 1.001000000000000000e+03 1.400000000000000000e+01
5.020000000000000000e+02 1.002000000000000000e+03 1.400000000000000000e+01
5.020000000000000000e+02 1.003000000000000000e+03 1.400000000000000000e+01
5.020000000000000000e+02 1.004000000000000000e+03 1.400000000000000000e+01
5.021999999999999886e+02 1.004799999999999955e+03 1.400000000000000000e+01
5.023999999999999773e+02 1.005600000000000023e+03 1.400000000000000000e+01
5.026000000000000227e+02 1.006399999999999977e+03 1.400000000000000000e+01
5.028000000000000114e+02 1.007200000000000045e+03 1.400000000000000000e+01
5.030000000000000000e+02 1.008000000000000000e+03 1.400000000000000000e+01
5.030000000000000000e+02 1.009000000000000000e+03 1.400000000000000000e+01
5.030000000000000000e+02 1.010000000000000000e+03 1.400000000000000000e+01
5.030000000000000000e+02 1.011000000000000000e+03 1.400000000000000000e+01
5.031999999999999886e+02 1.011799999999999955e+03 1.400000000000000000e+01
5.033999999999999773e+02 1.012600000000000023e+03 1.400000000000000000e+01
5.036000000000000227e+02 1.013399999999999977e+03 1.400000000000000000e+01
5.038000000000000114e+02 1.014200000000000045e+03 1.400000000000000000e+01
5.040000000000000000e+02 1.015000000000000000e+03 1.400000000000000000e+01
5.040000000000000000e+02 1.016000000000000000e+03 1.400000000000000000e+01
5.040000000000000000e+02 1.017000000000000000e+03 1.400000000000000000e+01
5.041999999999999886e+02 1.017799999999999955e+03 1.400000000000000000e+01
5.043999999999999773e+02 1.018600000000000023e+03 1.400000000000000000e+01
5.046000000000000227e+02 1.019399999999999977e+03 1.400000000000000000e+01
5.048000000000000114e+02 1.020200000000000045e+03 1.400000000000000000e+01
5.050000000000000000e+02 1.021000000000000000e+03 1.400000000000000000e+01
5.050000000000000000e+02 1.022000000000000000e+03 1.400000000000000000e+01
5.050000000000000000e+02 1.023000000000000000e+03 1.400000000000000000e+01
5.050000000000000000e+02 1.023500000000000000e+03 1.400000000000000000e+01
