4.510000000000000000e+02 1.154000000000000000e+03 1.500000000000000000e+01
4.516000000000000227e+02 1.154799999999999955e+03 1.500000000000000000e+01
4.521999999999999886e+02 1.155599999999999909e+03 1.500000000000000000e+01
4.528000000000000114e+02 1.156200000000000045e+03 1.500000000000000000e+01
4.531999999999999886e+02 1.156799999999999955e+03 1.500000000000000000e+01
4.538000000000000114e+02 1.157200000000000045e+03 1.500000000000000000e+01
4.541999999999999886e+02 1.157799999999999955e+03 1.500000000000000000e+01
4.546000000000000227e+02 1.158400000000000091e+03 1.500000000000000000e+01
4.550000000000000000e+02 1.159000000000000000e+03 1.500000000000000000e+01
4.553999999999999773e+02 1.159599999999999909e+03 1.500000000000000000e+01
4.558000000000000114e+02 1.160200000000000045e+03 1.500000000000000000e+01
4.561999999999999886e+02 1.160799999999999955e+03 1.500000000000000000e+01
4.566000000000000227e+02 1.161400000000000091e+03 1.500000000000000000e+01
4.570000000000000000e+02 1.162000000000000000e+03 1.500000000000000000e+01
4.573999999999999773e+02 1.162599999999999909e+03 1.500000000000000000e+01
4.578000000000000114e+02 1.163200000000000045e+03 1.500000000000000000e+01
4.581999999999999886e+02 1.163799999999999955e+03 1.500000000000000000e+01
4.586000000000000227e+02 1.164400000000000091e+03 1.500000000000000000e+01
4.587500000000000000e+02 1.164750000000000000e+03 1.600000000000000000e+01
