2.555999999999999943e+02 2.933999999999999773e+02 1.100000000000000000e+01
2.563999999999999773e+02 2.936000000000000227e+02 1.100000000000000000e+01
2.571999999999999886e+02 2.938000000000000114e+02 1.100000000000000000e+01
2.578000000000000114e+02 2.941999999999999886e+02 1.100000000000000000e+01
2.586000000000000227e+02 2.943999999999999773e+02 1.100000000000000000e+01
2.593999999999999773e+02 2.946000000000000227e+02 1.100000000000000000e+01
2.601999999999999886e+02 2.948000000000000114e+02 1.100000000000000000e+01
2.608000000000000114e+02 2.951999999999999886e+02 1.100000000000000000e+01
2.616000000000000227e+02 2.953999999999999773e+02 1.100000000000000000e+01
2.623999999999999773e+02 2.956000000000000227e+02 1.100000000000000000e+01
2.631999999999999886e+02 2.958000000000000114e+02 1.100000000000000000e+01
2.640000000000000000e+02 2.960000000000000000e+02 1.100000000000000000e+01
2.650000000000000000e+02 2.960000000000000000e+02 1.100000000000000000e+01
2.658000000000000114e+02 2.961999999999999886e+02 1.100000000000000000e+01
2.666000000000000227e+02 2.963999999999999773e+02 1.100000000000000000e+01
2.673999999999999773e+02 2.966000000000000227e+02 1.100000000000000000e+01
2.681999999999999886e+02 2.968000000000000114e+02 1.100000000000000000e+01
2.690000000000000000e+02 2.970000000000000000e+02 1.100000000000000000e+01
2.700000000000000000e+02 2.970000000000000000e+02 1.100000000000000000e+01
2.710000000000000000e+02 2.970000000000000000e+02 1.100000000000000000e+01
2.720000000000000000e+02 2.970000000000000000e+02 1.100000000000000000e+01
2.730000000000000000e+02 2.970000000000000000e+02 1.100000000000000000e+01
2.738000000000000114e+02 2.970000000000000000e+02 1.100000000000000000e+01
2.746000000000000227e+02 2.970000000000000000e+02 1.200000000000000000e+01
2.753999999999999773e+02 2.970000000000000000e+02 1.200000000000000000e+01
2.760000000000000000e+02 2.968000000000000114e+02 1.200000000000000000e+01
2.766000000000000227e+02 2.966000000000000227e+02 1.200000000000000000e+01
2.773999999999999773e+02 2.963999999999999773e+02 1.200000000000000000e+01
2.781999999999999886e+02 2.961999999999999886e+02 1.200000000000000000e+01
2.790000000000000000e+02 2.960000000000000000e+02 1.200000000000000000e+01
2.798000000000000114e+02 2.958000000000000114e+02 1.200000000000000000e+01
2.806000000000000227e+02 2.956000000000000227e+02 1.200000000000000000e+01
2.813999999999999773e+02 2.953999999999999773e+02 1.200000000000000000e+01
2.821999999999999886e+02 2.951999999999999886e+02 1.200000000000000000e+01
2.828000000000000114e+02 2.948000000000000114e+02 1.200000000000000000e+01
2.836000000000000227e+02 2.946000000000000227e+02 1.200000000000000000e+01
2.843999999999999773e+02 2.943999999999999773e+02 1.200000000000000000e+01
2.851999999999999886e+02 2.940000000000000000e+02 1.200000000000000000e+01
2.855000000000000000e+02 2.937500000000000000e+02 1.200000000000000000e+01
