1.177000000000000000e+03 1.167400000000000091e+03 1.400000000000000000e+01
1.176200000000000045e+03 1.168000000000000000e+03 1.400000000000000000e+01
1.175400000000000091e+03 1.168400000000000091e+03 1.400000000000000000e+01
1.174599999999999909e+03 1.168599999999999909e+03 1.400000000000000000e+01
1.173799999999999955e+03 1.168799999999999955e+03 1.400000000000000000e+01
1.173200000000000045e+03 1.169200000000000045e+03 1.400000000000000000e+01
1.172400000000000091e+03 1.169400000000000091e+03 1.400000000000000000e+01
1.171599999999999909e+03 1.169599999999999909e+03 1.400000000000000000e+01
1.171000000000000000e+03 1.170000000000000000e+03 1.400000000000000000e+01
1.170400000000000091e+03 1.170400000000000091e+03 1.400000000000000000e+01
1.169599999999999909e+03 1.170599999999999909e+03 1.400000000000000000e+01
1.169000000000000000e+03 1.171000000000000000e+03 1.400000000000000000e+01
1.168400000000000091e+03 1.171400000000000091e+03 1.400000000000000000e+01
1.167799999999999955e+03 1.171799999999999955e+03 1.400000000000000000e+01
1.167200000000000045e+03 1.172200000000000045e+03 1.400000000000000000e+01
1.167000000000000000e+03 1.172500000000000000e+03 1.400000000000000000e+01
