4.138000000000000114e+02 5.987999999999999545e+02 1.100000000000000000e+01
4.141999999999999886e+02 5.996000000000000227e+02 1.100000000000000000e+01
4.146000000000000227e+02 6.003999999999999773e+02 1.100000000000000000e+01
4.150000000000000000e+02 6.012000000000000455e+02 1.100000000000000000e+01
4.153999999999999773e+02 6.020000000000000000e+02 1.100000000000000000e+01
4.156000000000000227e+02 6.030000000000000000e+02 1.100000000000000000e+01
4.160000000000000000e+02 6.037999999999999545e+02 1.100000000000000000e+01
4.163999999999999773e+02 6.046000000000000227e+02 1.100000000000000000e+01
4.166000000000000227e+02 6.053999999999999773e+02 1.100000000000000000e+01
4.168000000000000114e+02 6.062000000000000455e+02 1.100000000000000000e+01
4.171999999999999886e+02 6.067999999999999545e+02 1.100000000000000000e+01
4.173999999999999773e+02 6.076000000000000227e+02 1.100000000000000000e+01
4.176000000000000227e+02 6.083999999999999773e+02 1.100000000000000000e+01
4.178000000000000114e+02 6.092000000000000455e+02 1.100000000000000000e+01
4.180000000000000000e+02 6.100000000000000000e+02 1.100000000000000000e+01
4.181999999999999886e+02 6.107999999999999545e+02 1.100000000000000000e+01
4.183999999999999773e+02 6.116000000000000227e+02 1.100000000000000000e+01
4.186000000000000227e+02 6.123999999999999773e+02 1.100000000000000000e+01
4.190000000000000000e+02 6.132000000000000455e+02 1.100000000000000000e+01
4.193999999999999773e+02 6.140000000000000000e+02 1.100000000000000000e+01
4.196000000000000227e+02 6.150000000000000000e+02 1.100000000000000000e+01
4.200000000000000000e+02 6.157999999999999545e+02 1.100000000000000000e+01
4.203999999999999773e+02 6.166000000000000227e+02 1.100000000000000000e+01
4.206000000000000227e+02 6.173999999999999773e+02 1.100000000000000000e+01
4.210000000000000000e+02 6.180000000000000000e+02 1.100000000000000000e+01
4.213999999999999773e+02 6.186000000000000227e+02 1.100000000000000000e+01
4.216000000000000227e+02 6.193999999999999773e+02 1.100000000000000000e+01
4.220000000000000000e+02 6.200000000000000000e+02 1.100000000000000000e+01
4.223999999999999773e+02 6.206000000000000227e+02 1.100000000000000000e+01
4.228000000000000114e+02 6.212000000000000455e+02 1.100000000000000000e+01
4.231999999999999886e+02 6.217999999999999545e+02 1.100000000000000000e+01
4.238000000000000114e+02 6.222000000000000455e+02 1.100000000000000000e+01
4.243999999999999773e+02 6.226000000000000227e+02 1.100000000000000000e+01
4.250000000000000000e+02 6.230000000000000000e+02 1.100000000000000000e+01
4.256000000000000227e+02 6.233999999999999773e+02 1.100000000000000000e+01
4.263999999999999773e+02 6.236000000000000227e+02 1.100000000000000000e+01
4.270000000000000000e+02 6.240000000000000000e+02 1.100000000000000000e+01
4.276000000000000227e+02 6.243999999999999773e+02 1.100000000000000000e+01
4.283999999999999773e+02 6.246000000000000227e+02 1.100000000000000000e+01
4.291999999999999886e+02 6.247999999999999545e+02 1.100000000000000000e+01
4.300000000000000000e+02 6.252000000000000455e+02 1.100000000000000000e+01
4.310000000000000000e+02 6.253999999999999773e+02 1.100000000000000000e+01
4.318000000000000114e+02 6.257999999999999545e+02 1.100000000000000000e+01
4.326000000000000227e+02 6.262000000000000455e+02 1.100000000000000000e+01
4.331999999999999886e+02 6.267999999999999545e+02 1.100000000000000000e+01
4.338000000000000114e+02 6.272000000000000455e+02 1.100000000000000000e+01
4.341999999999999886e+02 6.277999999999999545e+02 1.100000000000000000e+01
4.348000000000000114e+02 6.282000000000000455e+02 1.100000000000000000e+01
4.351999999999999886e+02 6.287999999999999545e+02 1.100000000000000000e+01
4.356000000000000227e+02 6.292000000000000455e+02 1.100000000000000000e+01
4.360000000000000000e+02 6.296000000000000227e+02 1.200000000000000000e+01
4.363999999999999773e+02 6.300000000000000000e+02 1.200000000000000000e+01
4.366000000000000227e+02 6.306000000000000227e+02 1.200000000000000000e+01
4.370000000000000000e+02 6.310000000000000000e+02 1.200000000000000000e+01
4.373999999999999773e+02 6.316000000000000227e+02 1.200000000000000000e+01
4.378000000000000114e+02 6.322000000000000455e+02 1.200000000000000000e+01
4.381999999999999886e+02 6.327999999999999545e+02 1.200000000000000000e+01
4.386000000000000227e+02 6.333999999999999773e+02 1.200000000000000000e+01
4.390000000000000000e+02 6.340000000000000000e+02 1.200000000000000000e+01
4.393999999999999773e+02 6.346000000000000227e+02 1.300000000000000000e+01
4.396000000000000227e+02 6.353999999999999773e+02 1.300000000000000000e+01
4.398000000000000114e+02 6.362000000000000455e+02 1.300000000000000000e+01
4.400000000000000000e+02 6.370000000000000000e+02 1.300000000000000000e+01
4.401999999999999886e+02 6.380000000000000000e+02 1.300000000000000000e+01
4.403999999999999773e+02 6.390000000000000000e+02 1.300000000000000000e+01
4.406000000000000227e+02 6.400000000000000000e+02 1.300000000000000000e+01
4.406000000000000227e+02 6.410000000000000000e+02 1.300000000000000000e+01
4.406000000000000227e+02 6.420000000000000000e+02 1.300000000000000000e+01
4.403999999999999773e+02 6.430000000000000000e+02 1.300000000000000000e+01
4.401999999999999886e+02 6.440000000000000000e+02 1.300000000000000000e+01
4.400000000000000000e+02 6.450000000000000000e+02 1.300000000000000000e+01
4.400000000000000000e+02 6.460000000000000000e+02 1.300000000000000000e+01
4.400000000000000000e+02 6.470000000000000000e+02 1.300000000000000000e+01
4.400000000000000000e+02 6.477999999999999545e+02 1.300000000000000000e+01
4.400000000000000000e+02 6.486000000000000227e+02 1.400000000000000000e+01
4.400000000000000000e+02 6.493999999999999773e+02 1.400000000000000000e+01
4.400000000000000000e+02 6.502000000000000455e+02 1.400000000000000000e+01
4.400000000000000000e+02 6.510000000000000000e+02 1.400000000000000000e+01
4.400000000000000000e+02 6.520000000000000000e+02 1.400000000000000000e+01
4.400000000000000000e+02 6.530000000000000000e+02 1.400000000000000000e+01
4.400000000000000000e+02 6.540000000000000000e+02 1.400000000000000000e+01
4.400000000000000000e+02 6.550000000000000000e+02 1.400000000000000000e+01
4.401999999999999886e+02 6.557999999999999545e+02 1.400000000000000000e+01
4.403999999999999773e+02 6.566000000000000227e+02 1.400000000000000000e+01
4.406000000000000227e+02 6.573999999999999773e+02 1.400000000000000000e+01
4.410000000000000000e+02 6.582000000000000455e+02 1.400000000000000000e+01
4.413999999999999773e+02 6.590000000000000000e+02 1.400000000000000000e+01
4.416000000000000227e+02 6.600000000000000000e+02 1.400000000000000000e+01
4.420000000000000000e+02 6.607999999999999545e+02 1.400000000000000000e+01
4.423999999999999773e+02 6.616000000000000227e+02 1.400000000000000000e+01
4.426000000000000227e+02 6.622000000000000455e+02 1.400000000000000000e+01
4.430000000000000000e+02 6.626000000000000227e+02 1.500000000000000000e+01
4.436000000000000227e+02 6.627999999999999545e+02 1.400000000000000000e+01
4.441999999999999886e+02 6.630000000000000000e+02 1.400000000000000000e+01
4.448000000000000114e+02 6.627999999999999545e+02 1.400000000000000000e+01
4.456000000000000227e+02 6.626000000000000227e+02 1.400000000000000000e+01
4.461999999999999886e+02 6.626000000000000227e+02 1.400000000000000000e+01
4.468000000000000114e+02 6.626000000000000227e+02 1.400000000000000000e+01
4.473999999999999773e+02 6.626000000000000227e+02 1.400000000000000000e+01
4.480000000000000000e+02 6.630000000000000000e+02 1.400000000000000000e+01
4.486000000000000227e+02 6.633999999999999773e+02 1.400000000000000000e+01
4.491999999999999886e+02 6.637999999999999545e+02 1.400000000000000000e+01
4.496000000000000227e+02 6.643999999999999773e+02 1.400000000000000000e+01
4.500000000000000000e+02 6.650000000000000000e+02 1.400000000000000000e+01
4.503999999999999773e+02 6.656000000000000227e+02 1.400000000000000000e+01
4.506000000000000227e+02 6.663999999999999773e+02 1.400000000000000000e+01
4.508000000000000114e+02 6.672000000000000455e+02 1.400000000000000000e+01
4.508000000000000114e+02 6.677999999999999545e+02 1.400000000000000000e+01
4.506000000000000227e+02 6.686000000000000227e+02 1.400000000000000000e+01
4.503999999999999773e+02 6.693999999999999773e+02 1.400000000000000000e+01
4.501999999999999886e+02 6.702000000000000455e+02 1.400000000000000000e+01
4.498000000000000114e+02 6.710000000000000000e+02 1.400000000000000000e+01
4.496000000000000227e+02 6.720000000000000000e+02 1.400000000000000000e+01
4.493999999999999773e+02 6.730000000000000000e+02 1.400000000000000000e+01
4.490000000000000000e+02 6.737999999999999545e+02 1.400000000000000000e+01
4.486000000000000227e+02 6.746000000000000227e+02 1.400000000000000000e+01
4.483999999999999773e+02 6.753999999999999773e+02 1.400000000000000000e+01
4.480000000000000000e+02 6.760000000000000000e+02 1.400000000000000000e+01
4.476000000000000227e+02 6.766000000000000227e+02 1.400000000000000000e+01
4.473999999999999773e+02 6.773999999999999773e+02 1.400000000000000000e+01
4.470000000000000000e+02 6.782000000000000455e+02 1.400000000000000000e+01
4.466000000000000227e+02 6.790000000000000000e+02 1.400000000000000000e+01
4.463999999999999773e+02 6.800000000000000000e+02 1.400000000000000000e+01
4.460000000000000000e+02 6.807999999999999545e+02 1.400000000000000000e+01
4.456000000000000227e+02 6.816000000000000227e+02 1.400000000000000000e+01
4.453999999999999773e+02 6.823999999999999773e+02 1.400000000000000000e+01
4.451999999999999886e+02 6.832000000000000455e+02 1.400000000000000000e+01
4.450000000000000000e+02 6.840000000000000000e+02 1.400000000000000000e+01
4.448000000000000114e+02 6.847999999999999545e+02 1.400000000000000000e+01
4.446000000000000227e+02 6.856000000000000227e+02 1.400000000000000000e+01
4.443999999999999773e+02 6.863999999999999773e+02 1.400000000000000000e+01
4.441999999999999886e+02 6.872000000000000455e+02 1.400000000000000000e+01
4.440000000000000000e+02 6.880000000000000000e+02 1.400000000000000000e+01
4.440000000000000000e+02 6.890000000000000000e+02 1.400000000000000000e+01
4.440000000000000000e+02 6.900000000000000000e+02 1.400000000000000000e+01
4.438000000000000114e+02 6.907999999999999545e+02 1.400000000000000000e+01
4.436000000000000227e+02 6.916000000000000227e+02 1.400000000000000000e+01
4.433999999999999773e+02 6.923999999999999773e+02 1.400000000000000000e+01
4.431999999999999886e+02 6.932000000000000455e+02 1.400000000000000000e+01
4.430000000000000000e+02 6.940000000000000000e+02 1.400000000000000000e+01
4.430000000000000000e+02 6.950000000000000000e+02 1.400000000000000000e+01
4.431999999999999886e+02 6.960000000000000000e+02 1.400000000000000000e+01
4.433999999999999773e+02 6.970000000000000000e+02 1.400000000000000000e+01
4.436000000000000227e+02 6.980000000000000000e+02 1.400000000000000000e+01
4.438000000000000114e+02 6.990000000000000000e+02 1.400000000000000000e+01
4.440000000000000000e+02 7.000000000000000000e+02 1.400000000000000000e+01
4.441999999999999886e+02 7.010000000000000000e+02 1.400000000000000000e+01
4.443999999999999773e+02 7.020000000000000000e+02 1.500000000000000000e+01
4.446000000000000227e+02 7.030000000000000000e+02 1.500000000000000000e+01
4.448000000000000114e+02 7.040000000000000000e+02 1.500000000000000000e+01
4.451999999999999886e+02 7.047999999999999545e+02 1.500000000000000000e+01
4.453999999999999773e+02 7.056000000000000227e+02 1.500000000000000000e+01
4.456000000000000227e+02 7.063999999999999773e+02 1.500000000000000000e+01
4.460000000000000000e+02 7.072000000000000455e+02 1.500000000000000000e+01
4.463999999999999773e+02 7.077999999999999545e+02 1.400000000000000000e+01
4.468000000000000114e+02 7.086000000000000227e+02 1.500000000000000000e+01
4.473999999999999773e+02 7.093999999999999773e+02 1.400000000000000000e+01
4.480000000000000000e+02 7.102000000000000455e+02 1.400000000000000000e+01
4.486000000000000227e+02 7.107999999999999545e+02 1.400000000000000000e+01
4.491999999999999886e+02 7.116000000000000227e+02 1.400000000000000000e+01
4.498000000000000114e+02 7.123999999999999773e+02 1.400000000000000000e+01
4.501999999999999886e+02 7.132000000000000455e+02 1.400000000000000000e+01
4.508000000000000114e+02 7.137999999999999545e+02 1.400000000000000000e+01
4.511999999999999886e+02 7.146000000000000227e+02 1.400000000000000000e+01
4.518000000000000114e+02 7.153999999999999773e+02 1.400000000000000000e+01
4.521999999999999886e+02 7.162000000000000455e+02 1.400000000000000000e+01
4.528000000000000114e+02 7.170000000000000000e+02 1.400000000000000000e+01
4.531999999999999886e+02 7.180000000000000000e+02 1.400000000000000000e+01
4.536000000000000227e+02 7.190000000000000000e+02 1.400000000000000000e+01
4.540000000000000000e+02 7.200000000000000000e+02 1.400000000000000000e+01
4.543999999999999773e+02 7.210000000000000000e+02 1.400000000000000000e+01
4.546000000000000227e+02 7.220000000000000000e+02 1.400000000000000000e+01
4.548000000000000114e+02 7.230000000000000000e+02 1.400000000000000000e+01
4.550000000000000000e+02 7.240000000000000000e+02 1.400000000000000000e+01
4.551999999999999886e+02 7.250000000000000000e+02 1.400000000000000000e+01
4.553999999999999773e+02 7.260000000000000000e+02 1.400000000000000000e+01
4.556000000000000227e+02 7.270000000000000000e+02 1.400000000000000000e+01
4.558000000000000114e+02 7.280000000000000000e+02 1.400000000000000000e+01
4.560000000000000000e+02 7.290000000000000000e+02 1.400000000000000000e+01
4.560000000000000000e+02 7.300000000000000000e+02 1.400000000000000000e+01
4.560000000000000000e+02 7.310000000000000000e+02 1.400000000000000000e+01
4.560000000000000000e+02 7.320000000000000000e+02 1.400000000000000000e+01
4.560000000000000000e+02 7.330000000000000000e+02 1.400000000000000000e+01
4.560000000000000000e+02 7.340000000000000000e+02 1.400000000000000000e+01
4.560000000000000000e+02 7.350000000000000000e+02 1.400000000000000000e+01
4.560000000000000000e+02 7.360000000000000000e+02 1.400000000000000000e+01
4.560000000000000000e+02 7.370000000000000000e+02 1.400000000000000000e+01
4.560000000000000000e+02 7.380000000000000000e+02 1.400000000000000000e+01
4.560000000000000000e+02 7.390000000000000000e+02 1.400000000000000000e+01
4.560000000000000000e+02 7.400000000000000000e+02 1.400000000000000000e+01
4.560000000000000000e+02 7.410000000000000000e+02 1.400000000000000000e+01
4.560000000000000000e+02 7.420000000000000000e+02 1.400000000000000000e+01
4.560000000000000000e+02 7.430000000000000000e+02 1.400000000000000000e+01
4.560000000000000000e+02 7.440000000000000000e+02 1.400000000000000000e+01
4.558000000000000114e+02 7.450000000000000000e+02 1.400000000000000000e+01
4.556000000000000227e+02 7.460000000000000000e+02 1.400000000000000000e+01
4.553999999999999773e+02 7.467999999999999545e+02 1.400000000000000000e+01
4.551999999999999886e+02 7.476000000000000227e+02 1.500000000000000000e+01
4.550000000000000000e+02 7.483999999999999773e+02 1.500000000000000000e+01
4.550000000000000000e+02 7.492000000000000455e+02 1.500000000000000000e+01
4.550000000000000000e+02 7.500000000000000000e+02 1.500000000000000000e+01
4.550000000000000000e+02 7.510000000000000000e+02 1.500000000000000000e+01
4.548000000000000114e+02 7.520000000000000000e+02 1.500000000000000000e+01
4.546000000000000227e+02 7.530000000000000000e+02 1.500000000000000000e+01
4.543999999999999773e+02 7.540000000000000000e+02 1.500000000000000000e+01
4.540000000000000000e+02 7.550000000000000000e+02 1.500000000000000000e+01
4.536000000000000227e+02 7.560000000000000000e+02 1.500000000000000000e+01
4.533999999999999773e+02 7.570000000000000000e+02 1.500000000000000000e+01
4.530000000000000000e+02 7.577999999999999545e+02 1.500000000000000000e+01
4.526000000000000227e+02 7.586000000000000227e+02 1.500000000000000000e+01
4.521999999999999886e+02 7.593999999999999773e+02 1.500000000000000000e+01
4.518000000000000114e+02 7.602000000000000455e+02 1.500000000000000000e+01
4.511999999999999886e+02 7.607999999999999545e+02 1.500000000000000000e+01
4.508000000000000114e+02 7.616000000000000227e+02 1.500000000000000000e+01
4.501999999999999886e+02 7.622000000000000455e+02 1.500000000000000000e+01
4.498000000000000114e+02 7.627999999999999545e+02 1.500000000000000000e+01
4.491999999999999886e+02 7.632000000000000455e+02 1.500000000000000000e+01
4.488000000000000114e+02 7.637999999999999545e+02 1.500000000000000000e+01
4.483999999999999773e+02 7.642000000000000455e+02 1.500000000000000000e+01
4.480000000000000000e+02 7.646000000000000227e+02 1.600000000000000000e+01
4.476000000000000227e+02 7.650000000000000000e+02 1.600000000000000000e+01
4.471999999999999886e+02 7.653999999999999773e+02 1.600000000000000000e+01
4.468000000000000114e+02 7.657999999999999545e+02 1.600000000000000000e+01
4.461999999999999886e+02 7.662000000000000455e+02 1.600000000000000000e+01
4.458000000000000114e+02 7.667999999999999545e+02 1.600000000000000000e+01
4.453999999999999773e+02 7.673999999999999773e+02 1.600000000000000000e+01
4.451999999999999886e+02 7.680000000000000000e+02 1.600000000000000000e+01
4.450000000000000000e+02 7.686000000000000227e+02 1.700000000000000000e+01
4.448000000000000114e+02 7.692000000000000455e+02 1.700000000000000000e+01
4.446000000000000227e+02 7.697999999999999545e+02 1.700000000000000000e+01
4.443999999999999773e+02 7.703999999999999773e+02 1.700000000000000000e+01
4.440000000000000000e+02 7.710000000000000000e+02 1.700000000000000000e+01
4.436000000000000227e+02 7.716000000000000227e+02 1.700000000000000000e+01
4.435000000000000000e+02 7.720000000000000000e+02 1.700000000000000000e+01
