1.991999999999999886e+02 1.217999999999999972e+02 8.000000000000000000e+00
1.998000000000000114e+02 1.222000000000000028e+02 8.000000000000000000e+00
2.004000000000000057e+02 1.227999999999999972e+02 8.000000000000000000e+00
2.011999999999999886e+02 1.232000000000000028e+02 8.000000000000000000e+00
2.018000000000000114e+02 1.237999999999999972e+02 8.000000000000000000e+00
2.025999999999999943e+02 1.242000000000000028e+02 8.000000000000000000e+00
2.034000000000000057e+02 1.245999999999999943e+02 8.000000000000000000e+00
2.040000000000000000e+02 1.250000000000000000e+02 8.000000000000000000e+00
2.045999999999999943e+02 1.254000000000000057e+02 8.000000000000000000e+00
2.054000000000000057e+02 1.255999999999999943e+02 8.000000000000000000e+00
2.061999999999999886e+02 1.257999999999999972e+02 8.000000000000000000e+00
2.070000000000000000e+02 1.260000000000000000e+02 8.000000000000000000e+00
2.080000000000000000e+02 1.260000000000000000e+02 8.000000000000000000e+00
2.090000000000000000e+02 1.260000000000000000e+02 8.000000000000000000e+00
2.098000000000000114e+02 1.257999999999999972e+02 8.000000000000000000e+00
2.105999999999999943e+02 1.255999999999999943e+02 8.000000000000000000e+00
2.111999999999999886e+02 1.252000000000000028e+02 8.000000000000000000e+00
2.118000000000000114e+02 1.247999999999999972e+02 8.000000000000000000e+00
2.121999999999999886e+02 1.242000000000000028e+02 8.000000000000000000e+00
2.128000000000000114e+02 1.237999999999999972e+02 8.000000000000000000e+00
2.131999999999999886e+02 1.232000000000000028e+02 8.000000000000000000e+00
2.135999999999999943e+02 1.227999999999999972e+02 8.000000000000000000e+00
2.140000000000000000e+02 1.224000000000000057e+02 9.000000000000000000e+00
2.144000000000000057e+02 1.220000000000000000e+02 9.000000000000000000e+00
2.148000000000000114e+02 1.215999999999999943e+02 9.000000000000000000e+00
2.151999999999999886e+02 1.212000000000000028e+02 9.000000000000000000e+00
2.158000000000000114e+02 1.207999999999999972e+02 9.000000000000000000e+00
2.164000000000000057e+02 1.204000000000000057e+02 9.000000000000000000e+00
2.170000000000000000e+02 1.200000000000000000e+02 9.000000000000000000e+00
2.175999999999999943e+02 1.195999999999999943e+02 9.000000000000000000e+00
2.184000000000000057e+02 1.194000000000000057e+02 9.000000000000000000e+00
2.191999999999999886e+02 1.190000000000000000e+02 9.000000000000000000e+00
2.200000000000000000e+02 1.185999999999999943e+02 9.000000000000000000e+00
2.210000000000000000e+02 1.184000000000000057e+02 9.000000000000000000e+00
2.220000000000000000e+02 1.182000000000000028e+02 9.000000000000000000e+00
2.230000000000000000e+02 1.180000000000000000e+02 9.000000000000000000e+00
2.235000000000000000e+02 1.180000000000000000e+02 9.000000000000000000e+00
