4.638000000000000114e+02 8.077999999999999545e+02 1.700000000000000000e+01
4.636000000000000227e+02 8.086000000000000227e+02 1.700000000000000000e+01
4.633999999999999773e+02 8.093999999999999773e+02 1.700000000000000000e+01
4.630000000000000000e+02 8.100000000000000000e+02 1.700000000000000000e+01
4.626000000000000227e+02 8.106000000000000227e+02 1.700000000000000000e+01
4.623999999999999773e+02 8.113999999999999773e+02 1.700000000000000000e+01
4.621999999999999886e+02 8.122000000000000455e+02 1.700000000000000000e+01
4.618000000000000114e+02 8.130000000000000000e+02 1.700000000000000000e+01
4.616000000000000227e+02 8.140000000000000000e+02 1.700000000000000000e+01
4.613999999999999773e+02 8.150000000000000000e+02 1.700000000000000000e+01
4.611999999999999886e+02 8.160000000000000000e+02 1.700000000000000000e+01
4.610000000000000000e+02 8.170000000000000000e+02 1.700000000000000000e+01
4.608000000000000114e+02 8.177999999999999545e+02 1.700000000000000000e+01
4.606000000000000227e+02 8.186000000000000227e+02 1.700000000000000000e+01
4.603999999999999773e+02 8.193999999999999773e+02 1.700000000000000000e+01
4.601999999999999886e+02 8.202000000000000455e+02 1.700000000000000000e+01
4.600000000000000000e+02 8.210000000000000000e+02 1.700000000000000000e+01
4.600000000000000000e+02 8.220000000000000000e+02 1.700000000000000000e+01
4.598000000000000114e+02 8.227999999999999545e+02 1.700000000000000000e+01
4.596000000000000227e+02 8.236000000000000227e+02 1.700000000000000000e+01
4.593999999999999773e+02 8.243999999999999773e+02 1.700000000000000000e+01
4.591999999999999886e+02 8.252000000000000455e+02 1.700000000000000000e+01
4.590000000000000000e+02 8.260000000000000000e+02 1.700000000000000000e+01
4.590000000000000000e+02 8.270000000000000000e+02 1.700000000000000000e+01
4.588000000000000114e+02 8.277999999999999545e+02 1.700000000000000000e+01
4.586000000000000227e+02 8.286000000000000227e+02 1.700000000000000000e+01
4.583999999999999773e+02 8.293999999999999773e+02 1.700000000000000000e+01
4.581999999999999886e+02 8.302000000000000455e+02 1.700000000000000000e+01
4.580000000000000000e+02 8.310000000000000000e+02 1.700000000000000000e+01
4.578000000000000114e+02 8.317999999999999545e+02 1.700000000000000000e+01
4.576000000000000227e+02 8.326000000000000227e+02 1.700000000000000000e+01
4.573999999999999773e+02 8.333999999999999773e+02 1.700000000000000000e+01
4.572500000000000000e+02 8.337500000000000000e+02 1.700000000000000000e+01
