1.031200000000000045e+03 4.703999999999999773e+02 1.700000000000000000e+01
1.031799999999999955e+03 4.696000000000000227e+02 1.700000000000000000e+01
1.032400000000000091e+03 4.688000000000000114e+02 1.700000000000000000e+01
1.033200000000000045e+03 4.681999999999999886e+02 1.700000000000000000e+01
1.033799999999999955e+03 4.673999999999999773e+02 1.700000000000000000e+01
1.034599999999999909e+03 4.668000000000000114e+02 1.700000000000000000e+01
1.035400000000000091e+03 4.661999999999999886e+02 1.700000000000000000e+01
1.036200000000000045e+03 4.658000000000000114e+02 1.700000000000000000e+01
1.036799999999999955e+03 4.651999999999999886e+02 1.700000000000000000e+01
1.037599999999999909e+03 4.648000000000000114e+02 1.700000000000000000e+01
1.038400000000000091e+03 4.643999999999999773e+02 1.700000000000000000e+01
1.039000000000000000e+03 4.640000000000000000e+02 1.700000000000000000e+01
1.039599999999999909e+03 4.636000000000000227e+02 1.700000000000000000e+01
1.040400000000000091e+03 4.631999999999999886e+02 1.700000000000000000e+01
1.041200000000000045e+03 4.628000000000000114e+02 1.700000000000000000e+01
1.042000000000000000e+03 4.621999999999999886e+02 1.700000000000000000e+01
1.043000000000000000e+03 4.618000000000000114e+02 1.700000000000000000e+01
1.043799999999999955e+03 4.611999999999999886e+02 1.700000000000000000e+01
1.044599999999999909e+03 4.608000000000000114e+02 1.700000000000000000e+01
1.045200000000000045e+03 4.601999999999999886e+02 1.700000000000000000e+01
1.045799999999999955e+03 4.598000000000000114e+02 1.700000000000000000e+01
1.046400000000000091e+03 4.591999999999999886e+02 1.700000000000000000e+01
1.047200000000000045e+03 4.588000000000000114e+02 1.700000000000000000e+01
1.047799999999999955e+03 4.581999999999999886e+02 1.700000000000000000e+01
1.048599999999999909e+03 4.578000000000000114e+02 1.700000000000000000e+01
1.049400000000000091e+03 4.573999999999999773e+02 1.700000000000000000e+01
1.050000000000000000e+03 4.570000000000000000e+02 1.700000000000000000e+01
1.050599999999999909e+03 4.566000000000000227e+02 1.700000000000000000e+01
1.051400000000000091e+03 4.563999999999999773e+02 1.700000000000000000e+01
1.052000000000000000e+03 4.560000000000000000e+02 1.700000000000000000e+01
1.052599999999999909e+03 4.556000000000000227e+02 1.700000000000000000e+01
1.053400000000000091e+03 4.553999999999999773e+02 1.700000000000000000e+01
1.054200000000000045e+03 4.553999999999999773e+02 1.700000000000000000e+01
1.055000000000000000e+03 4.553999999999999773e+02 1.700000000000000000e+01
1.056000000000000000e+03 4.556000000000000227e+02 1.700000000000000000e+01
1.056799999999999955e+03 4.560000000000000000e+02 1.700000000000000000e+01
1.057599999999999909e+03 4.563999999999999773e+02 1.700000000000000000e+01
1.058200000000000045e+03 4.568000000000000114e+02 1.700000000000000000e+01
1.058799999999999955e+03 4.571999999999999886e+02 1.700000000000000000e+01
1.059200000000000045e+03 4.578000000000000114e+02 1.700000000000000000e+01
1.059799999999999955e+03 4.581999999999999886e+02 1.700000000000000000e+01
1.060400000000000091e+03 4.588000000000000114e+02 1.700000000000000000e+01
1.060750000000000000e+03 4.590000000000000000e+02 1.700000000000000000e+01
