1.030000000000000000e+02 3.750000000000000000e+02 5.000000000000000000e+00
1.040000000000000000e+02 3.750000000000000000e+02 5.000000000000000000e+00
1.047999999999999972e+02 3.751999999999999886e+02 5.000000000000000000e+00
1.055999999999999943e+02 3.753999999999999773e+02 5.000000000000000000e+00
1.064000000000000057e+02 3.756000000000000227e+02 5.000000000000000000e+00
1.072000000000000028e+02 3.758000000000000114e+02 5.000000000000000000e+00
1.080000000000000000e+02 3.760000000000000000e+02 5.000000000000000000e+00
1.090000000000000000e+02 3.760000000000000000e+02 5.000000000000000000e+00
1.100000000000000000e+02 3.760000000000000000e+02 5.000000000000000000e+00
1.110000000000000000e+02 3.760000000000000000e+02 5.000000000000000000e+00
1.120000000000000000e+02 3.758000000000000114e+02 5.000000000000000000e+00
1.130000000000000000e+02 3.756000000000000227e+02 5.000000000000000000e+00
1.140000000000000000e+02 3.753999999999999773e+02 5.000000000000000000e+00
1.145000000000000000e+02 3.752500000000000000e+02 5.000000000000000000e+00
