4.091999999999999886e+02 1.253000000000000000e+03 1.600000000000000000e+01
4.100000000000000000e+02 1.252599999999999909e+03 1.600000000000000000e+01
4.110000000000000000e+02 1.252200000000000045e+03 1.600000000000000000e+01
4.120000000000000000e+02 1.251799999999999955e+03 1.600000000000000000e+01
4.128000000000000114e+02 1.251200000000000045e+03 1.600000000000000000e+01
4.136000000000000227e+02 1.250799999999999955e+03 1.600000000000000000e+01
4.141999999999999886e+02 1.250200000000000045e+03 1.600000000000000000e+01
4.148000000000000114e+02 1.249799999999999955e+03 1.600000000000000000e+01
4.153999999999999773e+02 1.249200000000000045e+03 1.600000000000000000e+01
4.160000000000000000e+02 1.248599999999999909e+03 1.600000000000000000e+01
4.166000000000000227e+02 1.248000000000000000e+03 1.600000000000000000e+01
4.171999999999999886e+02 1.247400000000000091e+03 1.600000000000000000e+01
4.178000000000000114e+02 1.246799999999999955e+03 1.600000000000000000e+01
4.181999999999999886e+02 1.246200000000000045e+03 1.600000000000000000e+01
4.188000000000000114e+02 1.245799999999999955e+03 1.600000000000000000e+01
4.191999999999999886e+02 1.245200000000000045e+03 1.600000000000000000e+01
4.200000000000000000e+02 1.244599999999999909e+03 1.600000000000000000e+01
4.203999999999999773e+02 1.244000000000000000e+03 1.700000000000000000e+01
4.208000000000000114e+02 1.243799999999999955e+03 1.600000000000000000e+01
4.210000000000000000e+02 1.243500000000000000e+03 1.600000000000000000e+01
