4.433999999999999773e+02 4.700000000000000000e+02 1.200000000000000000e+01
4.436000000000000227e+02 4.690000000000000000e+02 1.200000000000000000e+01
4.438000000000000114e+02 4.680000000000000000e+02 1.200000000000000000e+01
4.440000000000000000e+02 4.670000000000000000e+02 1.200000000000000000e+01
4.440000000000000000e+02 4.660000000000000000e+02 1.200000000000000000e+01
4.441999999999999886e+02 4.651999999999999886e+02 1.200000000000000000e+01
4.443999999999999773e+02 4.643999999999999773e+02 1.200000000000000000e+01
4.446000000000000227e+02 4.636000000000000227e+02 1.200000000000000000e+01
4.448000000000000114e+02 4.628000000000000114e+02 1.200000000000000000e+01
4.450000000000000000e+02 4.620000000000000000e+02 1.200000000000000000e+01
4.450000000000000000e+02 4.610000000000000000e+02 1.200000000000000000e+01
4.451999999999999886e+02 4.601999999999999886e+02 1.200000000000000000e+01
4.453999999999999773e+02 4.593999999999999773e+02 1.200000000000000000e+01
4.458000000000000114e+02 4.588000000000000114e+02 1.200000000000000000e+01
4.463999999999999773e+02 4.583999999999999773e+02 1.200000000000000000e+01
4.471999999999999886e+02 4.580000000000000000e+02 1.200000000000000000e+01
4.480000000000000000e+02 4.576000000000000227e+02 1.200000000000000000e+01
4.488000000000000114e+02 4.571999999999999886e+02 1.200000000000000000e+01
4.496000000000000227e+02 4.568000000000000114e+02 1.200000000000000000e+01
4.503999999999999773e+02 4.563999999999999773e+02 1.200000000000000000e+01
4.510000000000000000e+02 4.560000000000000000e+02 1.200000000000000000e+01
4.516000000000000227e+02 4.556000000000000227e+02 1.200000000000000000e+01
4.523999999999999773e+02 4.553999999999999773e+02 1.200000000000000000e+01
4.530000000000000000e+02 4.550000000000000000e+02 1.200000000000000000e+01
4.536000000000000227e+02 4.546000000000000227e+02 1.200000000000000000e+01
4.541999999999999886e+02 4.541999999999999886e+02 1.200000000000000000e+01
4.548000000000000114e+02 4.538000000000000114e+02 1.200000000000000000e+01
4.551999999999999886e+02 4.531999999999999886e+02 1.200000000000000000e+01
4.558000000000000114e+02 4.528000000000000114e+02 1.200000000000000000e+01
4.561999999999999886e+02 4.521999999999999886e+02 1.200000000000000000e+01
4.566000000000000227e+02 4.516000000000000227e+02 1.200000000000000000e+01
4.568000000000000114e+02 4.508000000000000114e+02 1.200000000000000000e+01
4.570000000000000000e+02 4.500000000000000000e+02 1.200000000000000000e+01
4.570000000000000000e+02 4.490000000000000000e+02 1.200000000000000000e+01
4.568000000000000114e+02 4.481999999999999886e+02 1.200000000000000000e+01
4.566000000000000227e+02 4.473999999999999773e+02 1.200000000000000000e+01
4.561999999999999886e+02 4.466000000000000227e+02 1.200000000000000000e+01
4.556000000000000227e+02 4.458000000000000114e+02 1.200000000000000000e+01
4.548000000000000114e+02 4.450000000000000000e+02 1.200000000000000000e+01
4.540000000000000000e+02 4.440000000000000000e+02 1.200000000000000000e+01
4.530000000000000000e+02 4.431999999999999886e+02 1.200000000000000000e+01
4.521999999999999886e+02 4.423999999999999773e+02 1.200000000000000000e+01
4.513999999999999773e+02 4.418000000000000114e+02 1.200000000000000000e+01
4.506000000000000227e+02 4.411999999999999886e+02 1.200000000000000000e+01
4.498000000000000114e+02 4.408000000000000114e+02 1.200000000000000000e+01
4.491999999999999886e+02 4.401999999999999886e+02 1.200000000000000000e+01
4.483999999999999773e+02 4.398000000000000114e+02 1.200000000000000000e+01
4.476000000000000227e+02 4.391999999999999886e+02 1.200000000000000000e+01
4.470000000000000000e+02 4.386000000000000227e+02 1.100000000000000000e+01
4.463999999999999773e+02 4.378000000000000114e+02 1.100000000000000000e+01
4.458000000000000114e+02 4.370000000000000000e+02 1.100000000000000000e+01
4.451999999999999886e+02 4.361999999999999886e+02 1.100000000000000000e+01
4.448000000000000114e+02 4.353999999999999773e+02 1.100000000000000000e+01
4.441999999999999886e+02 4.346000000000000227e+02 1.100000000000000000e+01
4.438000000000000114e+02 4.338000000000000114e+02 1.100000000000000000e+01
4.431999999999999886e+02 4.331999999999999886e+02 1.100000000000000000e+01
4.428000000000000114e+02 4.323999999999999773e+02 1.100000000000000000e+01
4.421999999999999886e+02 4.316000000000000227e+02 1.100000000000000000e+01
4.418000000000000114e+02 4.308000000000000114e+02 1.100000000000000000e+01
4.411999999999999886e+02 4.301999999999999886e+02 1.100000000000000000e+01
4.408000000000000114e+02 4.293999999999999773e+02 1.100000000000000000e+01
4.403999999999999773e+02 4.286000000000000227e+02 1.100000000000000000e+01
4.400000000000000000e+02 4.280000000000000000e+02 1.100000000000000000e+01
4.396000000000000227e+02 4.273999999999999773e+02 1.100000000000000000e+01
4.391999999999999886e+02 4.268000000000000114e+02 1.100000000000000000e+01
4.388000000000000114e+02 4.261999999999999886e+02 1.100000000000000000e+01
4.383999999999999773e+02 4.256000000000000227e+02 1.100000000000000000e+01
4.380000000000000000e+02 4.250000000000000000e+02 1.100000000000000000e+01
4.376000000000000227e+02 4.243999999999999773e+02 1.100000000000000000e+01
4.371999999999999886e+02 4.236000000000000227e+02 1.100000000000000000e+01
4.368000000000000114e+02 4.228000000000000114e+02 1.100000000000000000e+01
4.361999999999999886e+02 4.220000000000000000e+02 1.100000000000000000e+01
4.358000000000000114e+02 4.210000000000000000e+02 1.100000000000000000e+01
4.353999999999999773e+02 4.200000000000000000e+02 1.100000000000000000e+01
4.350000000000000000e+02 4.191999999999999886e+02 1.100000000000000000e+01
4.346000000000000227e+02 4.183999999999999773e+02 1.100000000000000000e+01
4.343999999999999773e+02 4.176000000000000227e+02 1.100000000000000000e+01
4.341999999999999886e+02 4.168000000000000114e+02 1.100000000000000000e+01
4.340000000000000000e+02 4.160000000000000000e+02 1.100000000000000000e+01
4.340000000000000000e+02 4.150000000000000000e+02 1.100000000000000000e+01
4.340000000000000000e+02 4.140000000000000000e+02 1.100000000000000000e+01
4.340000000000000000e+02 4.130000000000000000e+02 1.100000000000000000e+01
4.340000000000000000e+02 4.120000000000000000e+02 1.100000000000000000e+01
4.341999999999999886e+02 4.111999999999999886e+02 1.100000000000000000e+01
4.343999999999999773e+02 4.103999999999999773e+02 1.100000000000000000e+01
4.346000000000000227e+02 4.096000000000000227e+02 1.100000000000000000e+01
4.348000000000000114e+02 4.088000000000000114e+02 1.100000000000000000e+01
4.351999999999999886e+02 4.081999999999999886e+02 1.100000000000000000e+01
4.353999999999999773e+02 4.071999999999999886e+02 1.100000000000000000e+01
4.356000000000000227e+02 4.066000000000000227e+02 1.100000000000000000e+01
4.357500000000000000e+02 4.062500000000000000e+02 1.100000000000000000e+01
