3.850000000000000000e+02 4.880000000000000000e+02 2.000000000000000000e+00
3.860000000000000000e+02 4.880000000000000000e+02 2.000000000000000000e+00
3.868000000000000114e+02 4.881999999999999886e+02 2.000000000000000000e+00
3.876000000000000227e+02 4.883999999999999773e+02 2.000000000000000000e+00
3.883999999999999773e+02 4.886000000000000227e+02 2.000000000000000000e+00
3.890000000000000000e+02 4.890000000000000000e+02 2.000000000000000000e+00
3.896000000000000227e+02 4.893999999999999773e+02 2.000000000000000000e+00
3.903999999999999773e+02 4.896000000000000227e+02 2.000000000000000000e+00
3.911999999999999886e+02 4.900000000000000000e+02 2.000000000000000000e+00
3.920000000000000000e+02 4.903999999999999773e+02 2.000000000000000000e+00
3.925000000000000000e+02 4.905000000000000000e+02 2.000000000000000000e+00
