6.070000000000000000e+02 1.080000000000000000e+02 2.400000000000000000e+01
6.073999999999999773e+02 1.074000000000000057e+02 2.400000000000000000e+01
6.077999999999999545e+02 1.065999999999999943e+02 2.400000000000000000e+01
6.082000000000000455e+02 1.057999999999999972e+02 2.400000000000000000e+01
6.087999999999999545e+02 1.052000000000000028e+02 2.400000000000000000e+01
6.092000000000000455e+02 1.044000000000000057e+02 2.400000000000000000e+01
6.097999999999999545e+02 1.037999999999999972e+02 2.400000000000000000e+01
6.102000000000000455e+02 1.032000000000000028e+02 2.400000000000000000e+01
6.107999999999999545e+02 1.027999999999999972e+02 2.400000000000000000e+01
6.112000000000000455e+02 1.022000000000000028e+02 2.400000000000000000e+01
6.117999999999999545e+02 1.015999999999999943e+02 2.400000000000000000e+01
6.122000000000000455e+02 1.007999999999999972e+02 2.400000000000000000e+01
6.127999999999999545e+02 1.002000000000000028e+02 2.400000000000000000e+01
6.132000000000000455e+02 9.940000000000000568e+01 2.400000000000000000e+01
6.137999999999999545e+02 9.879999999999999716e+01 2.400000000000000000e+01
6.142000000000000455e+02 9.820000000000000284e+01 2.400000000000000000e+01
6.147999999999999545e+02 9.779999999999999716e+01 2.400000000000000000e+01
6.152000000000000455e+02 9.720000000000000284e+01 2.400000000000000000e+01
6.157999999999999545e+02 9.679999999999999716e+01 2.400000000000000000e+01
6.162000000000000455e+02 9.620000000000000284e+01 2.400000000000000000e+01
6.167999999999999545e+02 9.579999999999999716e+01 2.400000000000000000e+01
6.172000000000000455e+02 9.520000000000000284e+01 2.400000000000000000e+01
6.176000000000000227e+02 9.459999999999999432e+01 2.400000000000000000e+01
6.180000000000000000e+02 9.400000000000000000e+01 2.400000000000000000e+01
6.183999999999999773e+02 9.340000000000000568e+01 2.400000000000000000e+01
6.187999999999999545e+02 9.279999999999999716e+01 2.400000000000000000e+01
6.192000000000000455e+02 9.220000000000000284e+01 2.400000000000000000e+01
6.197999999999999545e+02 9.179999999999999716e+01 2.400000000000000000e+01
6.202000000000000455e+02 9.120000000000000284e+01 2.500000000000000000e+01
6.206000000000000227e+02 9.059999999999999432e+01 2.500000000000000000e+01
6.210000000000000000e+02 9.000000000000000000e+01 2.400000000000000000e+01
6.213999999999999773e+02 8.940000000000000568e+01 2.400000000000000000e+01
6.217999999999999545e+02 8.859999999999999432e+01 2.400000000000000000e+01
6.222000000000000455e+02 8.779999999999999716e+01 2.400000000000000000e+01
6.227999999999999545e+02 8.720000000000000284e+01 2.400000000000000000e+01
6.232000000000000455e+02 8.640000000000000568e+01 2.400000000000000000e+01
6.237999999999999545e+02 8.579999999999999716e+01 2.400000000000000000e+01
6.242000000000000455e+02 8.520000000000000284e+01 2.400000000000000000e+01
6.247999999999999545e+02 8.479999999999999716e+01 2.400000000000000000e+01
6.252000000000000455e+02 8.420000000000000284e+01 2.400000000000000000e+01
6.257999999999999545e+02 8.379999999999999716e+01 2.400000000000000000e+01
6.262000000000000455e+02 8.320000000000000284e+01 2.400000000000000000e+01
6.267999999999999545e+02 8.279999999999999716e+01 2.400000000000000000e+01
6.272000000000000455e+02 8.220000000000000284e+01 2.400000000000000000e+01
6.277999999999999545e+02 8.179999999999999716e+01 2.400000000000000000e+01
6.282000000000000455e+02 8.120000000000000284e+01 2.400000000000000000e+01
6.287999999999999545e+02 8.079999999999999716e+01 2.400000000000000000e+01
6.293999999999999773e+02 8.040000000000000568e+01 2.400000000000000000e+01
6.300000000000000000e+02 8.000000000000000000e+01 2.400000000000000000e+01
6.306000000000000227e+02 7.959999999999999432e+01 2.400000000000000000e+01
6.312000000000000455e+02 7.920000000000000284e+01 2.400000000000000000e+01
6.317999999999999545e+02 7.879999999999999716e+01 2.400000000000000000e+01
6.322000000000000455e+02 7.820000000000000284e+01 2.400000000000000000e+01
6.327999999999999545e+02 7.779999999999999716e+01 2.400000000000000000e+01
6.332000000000000455e+02 7.720000000000000284e+01 2.400000000000000000e+01
6.337999999999999545e+02 7.679999999999999716e+01 2.400000000000000000e+01
6.343999999999999773e+02 7.640000000000000568e+01 2.400000000000000000e+01
6.350000000000000000e+02 7.600000000000000000e+01 2.400000000000000000e+01
6.356000000000000227e+02 7.559999999999999432e+01 2.400000000000000000e+01
6.362000000000000455e+02 7.520000000000000284e+01 2.400000000000000000e+01
6.367999999999999545e+02 7.479999999999999716e+01 2.400000000000000000e+01
6.373999999999999773e+02 7.420000000000000284e+01 2.400000000000000000e+01
6.382000000000000455e+02 7.379999999999999716e+01 2.400000000000000000e+01
6.387999999999999545e+02 7.320000000000000284e+01 2.400000000000000000e+01
6.396000000000000227e+02 7.279999999999999716e+01 2.400000000000000000e+01
6.402000000000000455e+02 7.220000000000000284e+01 2.400000000000000000e+01
6.407999999999999545e+02 7.179999999999999716e+01 2.400000000000000000e+01
6.413999999999999773e+02 7.120000000000000284e+01 2.400000000000000000e+01
6.422000000000000455e+02 7.079999999999999716e+01 2.400000000000000000e+01
6.427999999999999545e+02 7.020000000000000284e+01 2.400000000000000000e+01
6.436000000000000227e+02 6.979999999999999716e+01 2.300000000000000000e+01
6.443999999999999773e+02 6.920000000000000284e+01 2.300000000000000000e+01
6.452000000000000455e+02 6.859999999999999432e+01 2.300000000000000000e+01
6.457999999999999545e+02 6.800000000000000000e+01 2.300000000000000000e+01
6.466000000000000227e+02 6.759999999999999432e+01 2.200000000000000000e+01
6.472000000000000455e+02 6.700000000000000000e+01 2.200000000000000000e+01
6.477999999999999545e+02 6.659999999999999432e+01 2.200000000000000000e+01
6.482000000000000455e+02 6.620000000000000284e+01 2.200000000000000000e+01
6.486000000000000227e+02 6.579999999999999716e+01 2.200000000000000000e+01
6.490000000000000000e+02 6.540000000000000568e+01 2.100000000000000000e+01
6.493999999999999773e+02 6.500000000000000000e+01 2.100000000000000000e+01
6.497999999999999545e+02 6.459999999999999432e+01 2.100000000000000000e+01
6.502000000000000455e+02 6.420000000000000284e+01 2.100000000000000000e+01
6.506000000000000227e+02 6.379999999999999716e+01 2.100000000000000000e+01
6.510000000000000000e+02 6.339999999999999858e+01 2.000000000000000000e+01
6.513999999999999773e+02 6.300000000000000000e+01 2.000000000000000000e+01
6.517999999999999545e+02 6.239999999999999858e+01 2.000000000000000000e+01
6.522000000000000455e+02 6.179999999999999716e+01 2.000000000000000000e+01
6.527999999999999545e+02 6.120000000000000284e+01 2.000000000000000000e+01
6.533999999999999773e+02 6.060000000000000142e+01 2.000000000000000000e+01
6.540000000000000000e+02 6.000000000000000000e+01 2.000000000000000000e+01
6.546000000000000227e+02 5.960000000000000142e+01 2.000000000000000000e+01
6.552000000000000455e+02 5.920000000000000284e+01 1.900000000000000000e+01
6.557999999999999545e+02 5.879999999999999716e+01 1.900000000000000000e+01
6.563999999999999773e+02 5.820000000000000284e+01 1.900000000000000000e+01
6.572000000000000455e+02 5.779999999999999716e+01 1.900000000000000000e+01
6.580000000000000000e+02 5.739999999999999858e+01 1.900000000000000000e+01
6.590000000000000000e+02 5.720000000000000284e+01 1.900000000000000000e+01
6.600000000000000000e+02 5.700000000000000000e+01 1.900000000000000000e+01
6.610000000000000000e+02 5.700000000000000000e+01 1.900000000000000000e+01
6.617999999999999545e+02 5.720000000000000284e+01 1.900000000000000000e+01
6.626000000000000227e+02 5.739999999999999858e+01 1.900000000000000000e+01
6.633999999999999773e+02 5.760000000000000142e+01 1.800000000000000000e+01
6.642000000000000455e+02 5.800000000000000000e+01 1.800000000000000000e+01
6.650000000000000000e+02 5.839999999999999858e+01 1.800000000000000000e+01
6.660000000000000000e+02 5.860000000000000142e+01 1.700000000000000000e+01
6.667999999999999545e+02 5.900000000000000000e+01 1.700000000000000000e+01
6.676000000000000227e+02 5.939999999999999858e+01 1.700000000000000000e+01
6.680000000000000000e+02 5.950000000000000000e+01 1.700000000000000000e+01
