1.016799999999999955e+03 6.290000000000000000e+02 1.700000000000000000e+01
1.017200000000000045e+03 6.300000000000000000e+02 1.700000000000000000e+01
1.017799999999999955e+03 6.310000000000000000e+02 1.700000000000000000e+01
1.018200000000000045e+03 6.320000000000000000e+02 1.700000000000000000e+01
1.018799999999999955e+03 6.330000000000000000e+02 1.700000000000000000e+01
1.019200000000000045e+03 6.340000000000000000e+02 1.700000000000000000e+01
1.019799999999999955e+03 6.350000000000000000e+02 1.700000000000000000e+01
1.020200000000000045e+03 6.360000000000000000e+02 1.700000000000000000e+01
1.020600000000000023e+03 6.370000000000000000e+02 1.700000000000000000e+01
1.021000000000000000e+03 6.377999999999999545e+02 1.700000000000000000e+01
1.021399999999999977e+03 6.386000000000000227e+02 1.700000000000000000e+01
1.021600000000000023e+03 6.393999999999999773e+02 1.700000000000000000e+01
1.021799999999999955e+03 6.402000000000000455e+02 1.700000000000000000e+01
1.022200000000000045e+03 6.410000000000000000e+02 1.700000000000000000e+01
1.022399999999999977e+03 6.420000000000000000e+02 1.700000000000000000e+01
1.022600000000000023e+03 6.430000000000000000e+02 1.700000000000000000e+01
1.022799999999999955e+03 6.440000000000000000e+02 1.700000000000000000e+01
1.023000000000000000e+03 6.450000000000000000e+02 1.700000000000000000e+01
1.023000000000000000e+03 6.460000000000000000e+02 1.700000000000000000e+01
1.023000000000000000e+03 6.470000000000000000e+02 1.700000000000000000e+01
1.023200000000000045e+03 6.477999999999999545e+02 1.700000000000000000e+01
1.023399999999999977e+03 6.486000000000000227e+02 1.700000000000000000e+01
1.023600000000000023e+03 6.493999999999999773e+02 1.700000000000000000e+01
1.023799999999999955e+03 6.502000000000000455e+02 1.700000000000000000e+01
1.024000000000000000e+03 6.510000000000000000e+02 1.700000000000000000e+01
1.024000000000000000e+03 6.520000000000000000e+02 1.700000000000000000e+01
1.024000000000000000e+03 6.530000000000000000e+02 1.700000000000000000e+01
1.024000000000000000e+03 6.540000000000000000e+02 1.700000000000000000e+01
1.024000000000000000e+03 6.550000000000000000e+02 1.700000000000000000e+01
1.024000000000000000e+03 6.560000000000000000e+02 1.700000000000000000e+01
1.024000000000000000e+03 6.570000000000000000e+02 1.700000000000000000e+01
1.024000000000000000e+03 6.580000000000000000e+02 1.700000000000000000e+01
1.024000000000000000e+03 6.590000000000000000e+02 1.700000000000000000e+01
1.024000000000000000e+03 6.600000000000000000e+02 1.700000000000000000e+01
1.024000000000000000e+03 6.610000000000000000e+02 1.700000000000000000e+01
1.024000000000000000e+03 6.615000000000000000e+02 1.700000000000000000e+01
