4.710000000000000000e+02 1.090000000000000000e+03 1.500000000000000000e+01
4.710000000000000000e+02 1.091000000000000000e+03 1.500000000000000000e+01
4.710000000000000000e+02 1.092000000000000000e+03 1.500000000000000000e+01
4.711999999999999886e+02 1.092799999999999955e+03 1.500000000000000000e+01
4.713999999999999773e+02 1.093599999999999909e+03 1.500000000000000000e+01
4.716000000000000227e+02 1.094400000000000091e+03 1.500000000000000000e+01
4.720000000000000000e+02 1.095200000000000045e+03 1.500000000000000000e+01
4.723999999999999773e+02 1.096000000000000000e+03 1.500000000000000000e+01
4.726000000000000227e+02 1.097000000000000000e+03 1.500000000000000000e+01
4.730000000000000000e+02 1.097799999999999955e+03 1.500000000000000000e+01
4.733999999999999773e+02 1.098599999999999909e+03 1.500000000000000000e+01
4.738000000000000114e+02 1.099400000000000091e+03 1.500000000000000000e+01
4.741999999999999886e+02 1.100200000000000045e+03 1.500000000000000000e+01
4.748000000000000114e+02 1.101000000000000000e+03 1.500000000000000000e+01
4.751999999999999886e+02 1.102000000000000000e+03 1.500000000000000000e+01
4.758000000000000114e+02 1.102799999999999955e+03 1.500000000000000000e+01
4.761999999999999886e+02 1.103599999999999909e+03 1.500000000000000000e+01
4.768000000000000114e+02 1.104400000000000091e+03 1.500000000000000000e+01
4.771999999999999886e+02 1.105200000000000045e+03 1.500000000000000000e+01
4.778000000000000114e+02 1.105799999999999955e+03 1.500000000000000000e+01
4.781999999999999886e+02 1.106599999999999909e+03 1.500000000000000000e+01
4.788000000000000114e+02 1.107400000000000091e+03 1.500000000000000000e+01
4.793999999999999773e+02 1.108200000000000045e+03 1.500000000000000000e+01
4.800000000000000000e+02 1.109000000000000000e+03 1.500000000000000000e+01
4.806000000000000227e+02 1.109799999999999955e+03 1.500000000000000000e+01
4.811999999999999886e+02 1.110599999999999909e+03 1.500000000000000000e+01
4.818000000000000114e+02 1.111400000000000091e+03 1.500000000000000000e+01
4.821999999999999886e+02 1.112200000000000045e+03 1.500000000000000000e+01
4.828000000000000114e+02 1.112799999999999955e+03 1.500000000000000000e+01
4.831999999999999886e+02 1.113599999999999909e+03 1.500000000000000000e+01
4.838000000000000114e+02 1.114200000000000045e+03 1.500000000000000000e+01
4.841999999999999886e+02 1.114799999999999955e+03 1.500000000000000000e+01
4.848000000000000114e+02 1.115400000000000091e+03 1.500000000000000000e+01
4.853999999999999773e+02 1.116200000000000045e+03 1.500000000000000000e+01
4.860000000000000000e+02 1.117000000000000000e+03 1.500000000000000000e+01
4.866000000000000227e+02 1.117799999999999955e+03 1.500000000000000000e+01
4.871999999999999886e+02 1.118599999999999909e+03 1.500000000000000000e+01
4.878000000000000114e+02 1.119200000000000045e+03 1.500000000000000000e+01
4.881999999999999886e+02 1.119799999999999955e+03 1.500000000000000000e+01
4.888000000000000114e+02 1.120400000000000091e+03 1.500000000000000000e+01
4.893999999999999773e+02 1.121200000000000045e+03 1.500000000000000000e+01
4.900000000000000000e+02 1.122000000000000000e+03 1.500000000000000000e+01
4.906000000000000227e+02 1.122799999999999955e+03 1.500000000000000000e+01
4.913999999999999773e+02 1.123599999999999909e+03 1.500000000000000000e+01
4.920000000000000000e+02 1.124400000000000091e+03 1.500000000000000000e+01
4.926000000000000227e+02 1.125200000000000045e+03 1.500000000000000000e+01
4.931999999999999886e+02 1.126000000000000000e+03 1.500000000000000000e+01
4.938000000000000114e+02 1.126799999999999955e+03 1.500000000000000000e+01
4.941999999999999886e+02 1.127599999999999909e+03 1.500000000000000000e+01
4.948000000000000114e+02 1.128200000000000045e+03 1.500000000000000000e+01
4.951999999999999886e+02 1.128799999999999955e+03 1.500000000000000000e+01
4.956000000000000227e+02 1.129400000000000091e+03 1.500000000000000000e+01
4.960000000000000000e+02 1.130000000000000000e+03 1.500000000000000000e+01
4.963999999999999773e+02 1.130599999999999909e+03 1.500000000000000000e+01
4.968000000000000114e+02 1.131200000000000045e+03 1.500000000000000000e+01
4.971999999999999886e+02 1.131799999999999955e+03 1.500000000000000000e+01
4.976000000000000227e+02 1.132400000000000091e+03 1.500000000000000000e+01
4.980000000000000000e+02 1.133000000000000000e+03 1.500000000000000000e+01
4.983999999999999773e+02 1.133599999999999909e+03 1.500000000000000000e+01
4.988000000000000114e+02 1.134200000000000045e+03 1.500000000000000000e+01
4.991999999999999886e+02 1.134799999999999955e+03 1.500000000000000000e+01
4.998000000000000114e+02 1.135400000000000091e+03 1.500000000000000000e+01
5.001999999999999886e+02 1.136200000000000045e+03 1.500000000000000000e+01
5.008000000000000114e+02 1.136799999999999955e+03 1.500000000000000000e+01
5.011999999999999886e+02 1.137599999999999909e+03 1.600000000000000000e+01
5.016000000000000227e+02 1.138400000000000091e+03 1.600000000000000000e+01
5.020000000000000000e+02 1.139000000000000000e+03 1.600000000000000000e+01
5.023999999999999773e+02 1.139599999999999909e+03 1.600000000000000000e+01
5.028000000000000114e+02 1.140400000000000091e+03 1.600000000000000000e+01
5.031999999999999886e+02 1.141200000000000045e+03 1.600000000000000000e+01
5.038000000000000114e+02 1.141799999999999955e+03 1.600000000000000000e+01
5.041999999999999886e+02 1.142599999999999909e+03 1.600000000000000000e+01
5.046000000000000227e+02 1.143400000000000091e+03 1.600000000000000000e+01
5.050000000000000000e+02 1.144000000000000000e+03 1.600000000000000000e+01
5.053999999999999773e+02 1.144599999999999909e+03 1.600000000000000000e+01
5.056000000000000227e+02 1.145400000000000091e+03 1.600000000000000000e+01
5.060000000000000000e+02 1.146000000000000000e+03 1.600000000000000000e+01
5.063999999999999773e+02 1.146599999999999909e+03 1.600000000000000000e+01
5.066000000000000227e+02 1.147400000000000091e+03 1.600000000000000000e+01
5.070000000000000000e+02 1.148000000000000000e+03 1.600000000000000000e+01
5.073999999999999773e+02 1.148599999999999909e+03 1.600000000000000000e+01
5.076000000000000227e+02 1.149400000000000091e+03 1.600000000000000000e+01
5.080000000000000000e+02 1.150200000000000045e+03 1.600000000000000000e+01
5.083999999999999773e+02 1.151000000000000000e+03 1.600000000000000000e+01
5.086000000000000227e+02 1.152000000000000000e+03 1.600000000000000000e+01
5.090000000000000000e+02 1.153000000000000000e+03 1.600000000000000000e+01
5.093999999999999773e+02 1.154000000000000000e+03 1.600000000000000000e+01
5.096000000000000227e+02 1.155000000000000000e+03 1.600000000000000000e+01
5.098000000000000114e+02 1.156000000000000000e+03 1.600000000000000000e+01
5.101999999999999886e+02 1.156799999999999955e+03 1.600000000000000000e+01
5.103999999999999773e+02 1.157599999999999909e+03 1.600000000000000000e+01
5.106000000000000227e+02 1.158400000000000091e+03 1.600000000000000000e+01
5.108000000000000114e+02 1.159200000000000045e+03 1.600000000000000000e+01
5.111999999999999886e+02 1.159799999999999955e+03 1.600000000000000000e+01
5.113999999999999773e+02 1.160599999999999909e+03 1.600000000000000000e+01
5.116000000000000227e+02 1.161400000000000091e+03 1.600000000000000000e+01
5.118000000000000114e+02 1.162200000000000045e+03 1.600000000000000000e+01
5.122000000000000455e+02 1.163000000000000000e+03 1.600000000000000000e+01
5.123999999999999773e+02 1.164000000000000000e+03 1.600000000000000000e+01
5.126000000000000227e+02 1.165000000000000000e+03 1.600000000000000000e+01
5.127999999999999545e+02 1.166000000000000000e+03 1.600000000000000000e+01
5.132000000000000455e+02 1.166799999999999955e+03 1.600000000000000000e+01
5.133999999999999773e+02 1.167599999999999909e+03 1.600000000000000000e+01
5.136000000000000227e+02 1.168400000000000091e+03 1.600000000000000000e+01
5.137999999999999545e+02 1.169200000000000045e+03 1.600000000000000000e+01
5.140000000000000000e+02 1.170000000000000000e+03 1.500000000000000000e+01
5.142000000000000455e+02 1.170799999999999955e+03 1.500000000000000000e+01
5.143999999999999773e+02 1.171599999999999909e+03 1.500000000000000000e+01
5.146000000000000227e+02 1.172400000000000091e+03 1.500000000000000000e+01
5.147999999999999545e+02 1.173200000000000045e+03 1.500000000000000000e+01
5.150000000000000000e+02 1.174000000000000000e+03 1.500000000000000000e+01
5.152000000000000455e+02 1.174799999999999955e+03 1.500000000000000000e+01
5.153999999999999773e+02 1.175599999999999909e+03 1.500000000000000000e+01
5.156000000000000227e+02 1.176400000000000091e+03 1.500000000000000000e+01
5.157999999999999545e+02 1.177200000000000045e+03 1.500000000000000000e+01
5.160000000000000000e+02 1.178000000000000000e+03 1.500000000000000000e+01
5.162000000000000455e+02 1.178799999999999955e+03 1.500000000000000000e+01
5.163999999999999773e+02 1.179599999999999909e+03 1.500000000000000000e+01
5.166000000000000227e+02 1.180400000000000091e+03 1.500000000000000000e+01
5.167999999999999545e+02 1.181200000000000045e+03 1.500000000000000000e+01
5.170000000000000000e+02 1.182000000000000000e+03 1.500000000000000000e+01
5.172000000000000455e+02 1.183000000000000000e+03 1.500000000000000000e+01
5.173999999999999773e+02 1.184000000000000000e+03 1.500000000000000000e+01
5.176000000000000227e+02 1.185000000000000000e+03 1.500000000000000000e+01
5.177999999999999545e+02 1.186000000000000000e+03 1.500000000000000000e+01
5.182000000000000455e+02 1.187000000000000000e+03 1.500000000000000000e+01
5.183999999999999773e+02 1.188000000000000000e+03 1.500000000000000000e+01
5.183999999999999773e+02 1.189000000000000000e+03 1.500000000000000000e+01
5.183999999999999773e+02 1.190000000000000000e+03 1.500000000000000000e+01
5.182000000000000455e+02 1.191000000000000000e+03 1.500000000000000000e+01
5.177999999999999545e+02 1.192000000000000000e+03 1.500000000000000000e+01
5.172000000000000455e+02 1.192799999999999955e+03 1.500000000000000000e+01
5.167999999999999545e+02 1.193599999999999909e+03 1.500000000000000000e+01
5.162000000000000455e+02 1.194400000000000091e+03 1.500000000000000000e+01
5.157999999999999545e+02 1.195200000000000045e+03 1.500000000000000000e+01
5.152000000000000455e+02 1.196000000000000000e+03 1.500000000000000000e+01
5.147999999999999545e+02 1.197000000000000000e+03 1.500000000000000000e+01
5.143999999999999773e+02 1.198000000000000000e+03 1.500000000000000000e+01
5.142000000000000455e+02 1.199000000000000000e+03 1.500000000000000000e+01
5.140000000000000000e+02 1.200000000000000000e+03 1.500000000000000000e+01
5.140000000000000000e+02 1.201000000000000000e+03 1.500000000000000000e+01
5.140000000000000000e+02 1.202000000000000000e+03 1.600000000000000000e+01
5.140000000000000000e+02 1.203000000000000000e+03 1.600000000000000000e+01
5.142000000000000455e+02 1.204000000000000000e+03 1.600000000000000000e+01
5.143999999999999773e+02 1.205000000000000000e+03 1.600000000000000000e+01
5.147999999999999545e+02 1.205799999999999955e+03 1.600000000000000000e+01
5.152000000000000455e+02 1.206599999999999909e+03 1.600000000000000000e+01
5.157999999999999545e+02 1.207400000000000091e+03 1.600000000000000000e+01
5.163999999999999773e+02 1.208200000000000045e+03 1.600000000000000000e+01
5.172000000000000455e+02 1.208799999999999955e+03 1.600000000000000000e+01
5.177999999999999545e+02 1.209599999999999909e+03 1.600000000000000000e+01
5.186000000000000227e+02 1.210200000000000045e+03 1.600000000000000000e+01
5.192000000000000455e+02 1.210799999999999955e+03 1.600000000000000000e+01
5.197999999999999545e+02 1.211200000000000045e+03 1.600000000000000000e+01
5.202000000000000455e+02 1.211799999999999955e+03 1.600000000000000000e+01
5.207999999999999545e+02 1.212200000000000045e+03 1.700000000000000000e+01
5.212000000000000455e+02 1.212799999999999955e+03 1.700000000000000000e+01
5.217999999999999545e+02 1.213400000000000091e+03 1.700000000000000000e+01
5.222000000000000455e+02 1.214200000000000045e+03 1.700000000000000000e+01
5.227999999999999545e+02 1.214799999999999955e+03 1.700000000000000000e+01
5.232000000000000455e+02 1.215599999999999909e+03 1.700000000000000000e+01
5.237999999999999545e+02 1.216400000000000091e+03 1.700000000000000000e+01
5.242000000000000455e+02 1.217200000000000045e+03 1.700000000000000000e+01
5.247999999999999545e+02 1.217799999999999955e+03 1.700000000000000000e+01
5.252000000000000455e+02 1.218599999999999909e+03 1.700000000000000000e+01
5.257999999999999545e+02 1.219400000000000091e+03 1.700000000000000000e+01
5.262000000000000455e+02 1.220200000000000045e+03 1.700000000000000000e+01
5.266000000000000227e+02 1.221000000000000000e+03 1.700000000000000000e+01
5.270000000000000000e+02 1.221799999999999955e+03 1.700000000000000000e+01
5.273999999999999773e+02 1.222599999999999909e+03 1.700000000000000000e+01
5.276000000000000227e+02 1.223400000000000091e+03 1.700000000000000000e+01
5.280000000000000000e+02 1.224200000000000045e+03 1.700000000000000000e+01
5.283999999999999773e+02 1.225000000000000000e+03 1.700000000000000000e+01
5.286000000000000227e+02 1.226000000000000000e+03 1.700000000000000000e+01
5.287999999999999545e+02 1.227000000000000000e+03 1.700000000000000000e+01
5.290000000000000000e+02 1.228000000000000000e+03 1.700000000000000000e+01
5.292000000000000455e+02 1.229000000000000000e+03 1.700000000000000000e+01
5.293999999999999773e+02 1.230000000000000000e+03 1.700000000000000000e+01
5.296000000000000227e+02 1.231000000000000000e+03 1.700000000000000000e+01
5.296000000000000227e+02 1.232000000000000000e+03 1.700000000000000000e+01
5.296000000000000227e+02 1.233000000000000000e+03 1.700000000000000000e+01
5.293999999999999773e+02 1.234000000000000000e+03 1.700000000000000000e+01
5.292000000000000455e+02 1.235000000000000000e+03 1.700000000000000000e+01
5.290000000000000000e+02 1.236000000000000000e+03 1.700000000000000000e+01
5.287999999999999545e+02 1.237000000000000000e+03 1.700000000000000000e+01
5.286000000000000227e+02 1.238000000000000000e+03 1.700000000000000000e+01
5.283999999999999773e+02 1.239000000000000000e+03 1.700000000000000000e+01
5.280000000000000000e+02 1.239799999999999955e+03 1.700000000000000000e+01
5.276000000000000227e+02 1.240599999999999909e+03 1.700000000000000000e+01
5.273999999999999773e+02 1.241400000000000091e+03 1.700000000000000000e+01
5.270000000000000000e+02 1.242000000000000000e+03 1.700000000000000000e+01
5.266000000000000227e+02 1.242599999999999909e+03 1.700000000000000000e+01
5.263999999999999773e+02 1.243400000000000091e+03 1.700000000000000000e+01
5.260000000000000000e+02 1.244200000000000045e+03 1.700000000000000000e+01
5.256000000000000227e+02 1.245000000000000000e+03 1.700000000000000000e+01
5.253999999999999773e+02 1.246000000000000000e+03 1.700000000000000000e+01
5.250000000000000000e+02 1.246799999999999955e+03 1.700000000000000000e+01
5.246000000000000227e+02 1.247599999999999909e+03 1.700000000000000000e+01
5.243999999999999773e+02 1.248400000000000091e+03 1.700000000000000000e+01
5.242000000000000455e+02 1.249200000000000045e+03 1.700000000000000000e+01
5.237999999999999545e+02 1.249799999999999955e+03 1.700000000000000000e+01
5.236000000000000227e+02 1.250599999999999909e+03 1.700000000000000000e+01
5.233999999999999773e+02 1.251400000000000091e+03 1.700000000000000000e+01
5.232000000000000455e+02 1.252200000000000045e+03 1.700000000000000000e+01
5.230000000000000000e+02 1.253000000000000000e+03 1.700000000000000000e+01
5.230000000000000000e+02 1.254000000000000000e+03 1.700000000000000000e+01
5.230000000000000000e+02 1.255000000000000000e+03 1.700000000000000000e+01
5.230000000000000000e+02 1.256000000000000000e+03 1.700000000000000000e+01
5.230000000000000000e+02 1.257000000000000000e+03 1.700000000000000000e+01
5.230000000000000000e+02 1.258000000000000000e+03 1.700000000000000000e+01
5.227999999999999545e+02 1.258799999999999955e+03 1.700000000000000000e+01
5.226000000000000227e+02 1.259599999999999909e+03 1.700000000000000000e+01
5.223999999999999773e+02 1.260400000000000091e+03 1.700000000000000000e+01
5.222000000000000455e+02 1.261200000000000045e+03 1.700000000000000000e+01
5.220000000000000000e+02 1.262000000000000000e+03 1.700000000000000000e+01
5.220000000000000000e+02 1.263000000000000000e+03 1.700000000000000000e+01
5.220000000000000000e+02 1.264000000000000000e+03 1.700000000000000000e+01
5.220000000000000000e+02 1.265000000000000000e+03 1.700000000000000000e+01
5.220000000000000000e+02 1.266000000000000000e+03 1.700000000000000000e+01
5.220000000000000000e+02 1.267000000000000000e+03 1.700000000000000000e+01
5.220000000000000000e+02 1.268000000000000000e+03 1.700000000000000000e+01
5.217999999999999545e+02 1.268799999999999955e+03 1.700000000000000000e+01
5.216000000000000227e+02 1.269599999999999909e+03 1.700000000000000000e+01
5.213999999999999773e+02 1.270400000000000091e+03 1.700000000000000000e+01
5.212000000000000455e+02 1.271200000000000045e+03 1.700000000000000000e+01
5.207999999999999545e+02 1.272000000000000000e+03 1.700000000000000000e+01
5.206000000000000227e+02 1.273000000000000000e+03 1.700000000000000000e+01
5.203999999999999773e+02 1.274000000000000000e+03 1.700000000000000000e+01
5.200000000000000000e+02 1.274799999999999955e+03 1.700000000000000000e+01
5.196000000000000227e+02 1.275599999999999909e+03 1.700000000000000000e+01
5.193999999999999773e+02 1.276400000000000091e+03 1.700000000000000000e+01
5.190000000000000000e+02 1.277000000000000000e+03 1.700000000000000000e+01
5.186000000000000227e+02 1.277599999999999909e+03 1.700000000000000000e+01
5.183999999999999773e+02 1.278400000000000091e+03 1.700000000000000000e+01
5.180000000000000000e+02 1.279000000000000000e+03 1.700000000000000000e+01
5.176000000000000227e+02 1.279599999999999909e+03 1.700000000000000000e+01
5.173999999999999773e+02 1.280400000000000091e+03 1.700000000000000000e+01
5.170000000000000000e+02 1.281000000000000000e+03 1.700000000000000000e+01
5.166000000000000227e+02 1.281599999999999909e+03 1.700000000000000000e+01
5.163999999999999773e+02 1.282400000000000091e+03 1.700000000000000000e+01
5.160000000000000000e+02 1.283200000000000045e+03 1.700000000000000000e+01
5.156000000000000227e+02 1.284000000000000000e+03 1.700000000000000000e+01
5.153999999999999773e+02 1.285000000000000000e+03 1.700000000000000000e+01
5.150000000000000000e+02 1.286000000000000000e+03 1.700000000000000000e+01
5.146000000000000227e+02 1.287000000000000000e+03 1.700000000000000000e+01
5.143999999999999773e+02 1.288000000000000000e+03 1.700000000000000000e+01
5.140000000000000000e+02 1.288799999999999955e+03 1.700000000000000000e+01
5.136000000000000227e+02 1.289599999999999909e+03 1.700000000000000000e+01
5.133999999999999773e+02 1.290400000000000091e+03 1.700000000000000000e+01
5.130000000000000000e+02 1.291000000000000000e+03 1.700000000000000000e+01
5.126000000000000227e+02 1.291599999999999909e+03 1.700000000000000000e+01
5.123999999999999773e+02 1.292400000000000091e+03 1.700000000000000000e+01
5.120000000000000000e+02 1.293000000000000000e+03 1.700000000000000000e+01
5.116000000000000227e+02 1.293599999999999909e+03 1.700000000000000000e+01
5.113999999999999773e+02 1.294400000000000091e+03 1.700000000000000000e+01
5.110000000000000000e+02 1.295000000000000000e+03 1.700000000000000000e+01
5.106000000000000227e+02 1.295599999999999909e+03 1.700000000000000000e+01
5.103999999999999773e+02 1.296400000000000091e+03 1.700000000000000000e+01
5.100000000000000000e+02 1.297000000000000000e+03 1.700000000000000000e+01
5.096000000000000227e+02 1.297599999999999909e+03 1.600000000000000000e+01
5.093999999999999773e+02 1.298400000000000091e+03 1.600000000000000000e+01
5.091999999999999886e+02 1.299200000000000045e+03 1.600000000000000000e+01
5.088000000000000114e+02 1.300000000000000000e+03 1.600000000000000000e+01
5.086000000000000227e+02 1.301000000000000000e+03 1.600000000000000000e+01
5.083999999999999773e+02 1.302000000000000000e+03 1.600000000000000000e+01
5.080000000000000000e+02 1.303000000000000000e+03 1.600000000000000000e+01
5.076000000000000227e+02 1.304000000000000000e+03 1.600000000000000000e+01
5.073999999999999773e+02 1.305200000000000045e+03 1.600000000000000000e+01
5.071999999999999886e+02 1.306400000000000091e+03 1.600000000000000000e+01
5.070000000000000000e+02 1.307599999999999909e+03 1.600000000000000000e+01
5.070000000000000000e+02 1.308799999999999955e+03 1.600000000000000000e+01
5.071999999999999886e+02 1.310000000000000000e+03 1.600000000000000000e+01
5.073999999999999773e+02 1.311000000000000000e+03 1.600000000000000000e+01
5.076000000000000227e+02 1.312000000000000000e+03 1.600000000000000000e+01
5.078000000000000114e+02 1.313000000000000000e+03 1.600000000000000000e+01
5.080000000000000000e+02 1.314000000000000000e+03 1.600000000000000000e+01
5.080000000000000000e+02 1.315000000000000000e+03 1.600000000000000000e+01
5.081999999999999886e+02 1.315799999999999955e+03 1.600000000000000000e+01
5.083999999999999773e+02 1.316599999999999909e+03 1.600000000000000000e+01
5.086000000000000227e+02 1.317400000000000091e+03 1.600000000000000000e+01
5.088000000000000114e+02 1.318200000000000045e+03 1.600000000000000000e+01
5.090000000000000000e+02 1.319000000000000000e+03 1.600000000000000000e+01
5.090000000000000000e+02 1.320000000000000000e+03 1.600000000000000000e+01
5.090000000000000000e+02 1.321000000000000000e+03 1.600000000000000000e+01
5.091999999999999886e+02 1.322000000000000000e+03 1.600000000000000000e+01
5.093999999999999773e+02 1.323000000000000000e+03 1.600000000000000000e+01
5.096000000000000227e+02 1.324000000000000000e+03 1.600000000000000000e+01
5.098000000000000114e+02 1.325000000000000000e+03 1.600000000000000000e+01
5.100000000000000000e+02 1.326000000000000000e+03 1.600000000000000000e+01
5.100000000000000000e+02 1.327000000000000000e+03 1.600000000000000000e+01
5.100000000000000000e+02 1.328000000000000000e+03 1.600000000000000000e+01
5.100000000000000000e+02 1.329000000000000000e+03 1.600000000000000000e+01
5.100000000000000000e+02 1.330000000000000000e+03 1.600000000000000000e+01
5.100000000000000000e+02 1.331000000000000000e+03 1.600000000000000000e+01
5.100000000000000000e+02 1.332000000000000000e+03 1.600000000000000000e+01
5.100000000000000000e+02 1.333000000000000000e+03 1.600000000000000000e+01
5.100000000000000000e+02 1.334000000000000000e+03 1.600000000000000000e+01
5.100000000000000000e+02 1.335000000000000000e+03 1.600000000000000000e+01
5.100000000000000000e+02 1.336000000000000000e+03 1.600000000000000000e+01
5.100000000000000000e+02 1.337000000000000000e+03 1.600000000000000000e+01
5.100000000000000000e+02 1.338000000000000000e+03 1.600000000000000000e+01
5.100000000000000000e+02 1.339000000000000000e+03 1.600000000000000000e+01
5.100000000000000000e+02 1.340000000000000000e+03 1.600000000000000000e+01
5.100000000000000000e+02 1.341000000000000000e+03 1.600000000000000000e+01
5.098000000000000114e+02 1.341799999999999955e+03 1.600000000000000000e+01
5.096000000000000227e+02 1.342599999999999909e+03 1.600000000000000000e+01
5.093999999999999773e+02 1.343400000000000091e+03 1.600000000000000000e+01
5.091999999999999886e+02 1.344200000000000045e+03 1.600000000000000000e+01
5.088000000000000114e+02 1.345000000000000000e+03 1.600000000000000000e+01
5.086000000000000227e+02 1.346000000000000000e+03 1.600000000000000000e+01
5.083999999999999773e+02 1.347000000000000000e+03 1.600000000000000000e+01
5.081999999999999886e+02 1.348000000000000000e+03 1.600000000000000000e+01
5.078000000000000114e+02 1.348799999999999955e+03 1.600000000000000000e+01
5.076000000000000227e+02 1.349599999999999909e+03 1.600000000000000000e+01
5.073999999999999773e+02 1.350400000000000091e+03 1.600000000000000000e+01
5.071999999999999886e+02 1.351200000000000045e+03 1.600000000000000000e+01
5.068000000000000114e+02 1.352000000000000000e+03 1.600000000000000000e+01
5.066000000000000227e+02 1.353000000000000000e+03 1.600000000000000000e+01
5.063999999999999773e+02 1.354000000000000000e+03 1.600000000000000000e+01
5.061999999999999886e+02 1.355000000000000000e+03 1.600000000000000000e+01
5.060000000000000000e+02 1.356000000000000000e+03 1.600000000000000000e+01
5.058000000000000114e+02 1.356799999999999955e+03 1.600000000000000000e+01
5.056000000000000227e+02 1.357599999999999909e+03 1.600000000000000000e+01
5.053999999999999773e+02 1.358400000000000091e+03 1.600000000000000000e+01
5.051999999999999886e+02 1.359200000000000045e+03 1.600000000000000000e+01
5.050000000000000000e+02 1.360000000000000000e+03 1.600000000000000000e+01
5.050000000000000000e+02 1.361000000000000000e+03 1.600000000000000000e+01
5.050000000000000000e+02 1.362000000000000000e+03 1.600000000000000000e+01
5.050000000000000000e+02 1.362500000000000000e+03 1.600000000000000000e+01
