1.129799999999999955e+03 9.716000000000000227e+02 8.000000000000000000e+00
1.130200000000000045e+03 9.712000000000000455e+02 8.000000000000000000e+00
1.130799999999999955e+03 9.707999999999999545e+02 8.000000000000000000e+00
1.131400000000000091e+03 9.703999999999999773e+02 8.000000000000000000e+00
1.132200000000000045e+03 9.702000000000000455e+02 8.000000000000000000e+00
1.133000000000000000e+03 9.700000000000000000e+02 8.000000000000000000e+00
1.134000000000000000e+03 9.700000000000000000e+02 8.000000000000000000e+00
1.135000000000000000e+03 9.700000000000000000e+02 8.000000000000000000e+00
1.136000000000000000e+03 9.700000000000000000e+02 8.000000000000000000e+00
1.136500000000000000e+03 9.700000000000000000e+02 8.000000000000000000e+00
