1.073000000000000000e+03 4.696000000000000227e+02 1.700000000000000000e+01
1.074000000000000000e+03 4.698000000000000114e+02 1.700000000000000000e+01
1.075000000000000000e+03 4.700000000000000000e+02 1.700000000000000000e+01
1.075799999999999955e+03 4.700000000000000000e+02 1.700000000000000000e+01
1.076599999999999909e+03 4.700000000000000000e+02 1.800000000000000000e+01
1.077400000000000091e+03 4.700000000000000000e+02 1.800000000000000000e+01
1.078200000000000045e+03 4.700000000000000000e+02 1.800000000000000000e+01
1.078799999999999955e+03 4.698000000000000114e+02 1.800000000000000000e+01
1.079599999999999909e+03 4.696000000000000227e+02 1.800000000000000000e+01
1.080400000000000091e+03 4.691999999999999886e+02 1.800000000000000000e+01
1.081000000000000000e+03 4.686000000000000227e+02 1.800000000000000000e+01
1.081599999999999909e+03 4.680000000000000000e+02 1.800000000000000000e+01
1.082200000000000045e+03 4.673999999999999773e+02 1.800000000000000000e+01
1.082599999999999909e+03 4.666000000000000227e+02 1.800000000000000000e+01
1.082799999999999955e+03 4.658000000000000114e+02 1.800000000000000000e+01
1.083200000000000045e+03 4.650000000000000000e+02 1.800000000000000000e+01
1.083400000000000091e+03 4.640000000000000000e+02 1.800000000000000000e+01
1.083599999999999909e+03 4.630000000000000000e+02 1.800000000000000000e+01
1.083799999999999955e+03 4.620000000000000000e+02 1.800000000000000000e+01
1.084200000000000045e+03 4.610000000000000000e+02 1.800000000000000000e+01
1.084400000000000091e+03 4.600000000000000000e+02 1.800000000000000000e+01
1.084599999999999909e+03 4.590000000000000000e+02 1.800000000000000000e+01
1.084799999999999955e+03 4.580000000000000000e+02 1.800000000000000000e+01
1.085200000000000045e+03 4.571999999999999886e+02 1.800000000000000000e+01
1.085400000000000091e+03 4.563999999999999773e+02 1.800000000000000000e+01
1.085599999999999909e+03 4.556000000000000227e+02 1.800000000000000000e+01
1.085799999999999955e+03 4.548000000000000114e+02 1.800000000000000000e+01
1.086200000000000045e+03 4.541999999999999886e+02 1.800000000000000000e+01
1.086400000000000091e+03 4.533999999999999773e+02 1.800000000000000000e+01
1.086599999999999909e+03 4.526000000000000227e+02 1.800000000000000000e+01
1.086799999999999955e+03 4.518000000000000114e+02 1.800000000000000000e+01
1.087000000000000000e+03 4.510000000000000000e+02 1.800000000000000000e+01
1.087000000000000000e+03 4.500000000000000000e+02 1.800000000000000000e+01
1.087000000000000000e+03 4.490000000000000000e+02 1.800000000000000000e+01
1.087000000000000000e+03 4.480000000000000000e+02 1.800000000000000000e+01
1.087200000000000045e+03 4.471999999999999886e+02 1.800000000000000000e+01
1.087400000000000091e+03 4.463999999999999773e+02 1.800000000000000000e+01
1.087599999999999909e+03 4.456000000000000227e+02 1.800000000000000000e+01
1.087799999999999955e+03 4.448000000000000114e+02 1.800000000000000000e+01
1.088000000000000000e+03 4.440000000000000000e+02 1.800000000000000000e+01
1.088000000000000000e+03 4.430000000000000000e+02 1.800000000000000000e+01
1.088000000000000000e+03 4.420000000000000000e+02 1.800000000000000000e+01
1.088000000000000000e+03 4.410000000000000000e+02 1.800000000000000000e+01
1.088000000000000000e+03 4.400000000000000000e+02 1.800000000000000000e+01
1.088000000000000000e+03 4.390000000000000000e+02 1.800000000000000000e+01
1.088000000000000000e+03 4.380000000000000000e+02 1.800000000000000000e+01
1.088000000000000000e+03 4.370000000000000000e+02 1.800000000000000000e+01
1.088000000000000000e+03 4.360000000000000000e+02 1.800000000000000000e+01
1.088200000000000045e+03 4.351999999999999886e+02 1.800000000000000000e+01
1.088250000000000000e+03 4.347500000000000000e+02 1.900000000000000000e+01
