2.310000000000000000e+02 4.660000000000000000e+02 1.700000000000000000e+01
2.310000000000000000e+02 4.670000000000000000e+02 1.700000000000000000e+01
2.310000000000000000e+02 4.680000000000000000e+02 1.700000000000000000e+01
2.310000000000000000e+02 4.690000000000000000e+02 1.700000000000000000e+01
2.310000000000000000e+02 4.700000000000000000e+02 1.700000000000000000e+01
2.311999999999999886e+02 4.710000000000000000e+02 1.700000000000000000e+01
2.314000000000000057e+02 4.720000000000000000e+02 1.700000000000000000e+01
2.315999999999999943e+02 4.730000000000000000e+02 1.600000000000000000e+01
2.318000000000000114e+02 4.740000000000000000e+02 1.600000000000000000e+01
2.320000000000000000e+02 4.750000000000000000e+02 1.600000000000000000e+01
2.321999999999999886e+02 4.760000000000000000e+02 1.600000000000000000e+01
2.324000000000000057e+02 4.770000000000000000e+02 1.600000000000000000e+01
2.325999999999999943e+02 4.780000000000000000e+02 1.600000000000000000e+01
2.328000000000000114e+02 4.790000000000000000e+02 1.600000000000000000e+01
2.330000000000000000e+02 4.800000000000000000e+02 1.600000000000000000e+01
2.331999999999999886e+02 4.808000000000000114e+02 1.600000000000000000e+01
2.334000000000000057e+02 4.816000000000000227e+02 1.600000000000000000e+01
2.335999999999999943e+02 4.823999999999999773e+02 1.600000000000000000e+01
2.338000000000000114e+02 4.831999999999999886e+02 1.600000000000000000e+01
2.340000000000000000e+02 4.840000000000000000e+02 1.600000000000000000e+01
2.340000000000000000e+02 4.850000000000000000e+02 1.600000000000000000e+01
2.340000000000000000e+02 4.860000000000000000e+02 1.600000000000000000e+01
2.340000000000000000e+02 4.870000000000000000e+02 1.600000000000000000e+01
2.340000000000000000e+02 4.880000000000000000e+02 1.600000000000000000e+01
2.340000000000000000e+02 4.890000000000000000e+02 1.600000000000000000e+01
2.338000000000000114e+02 4.898000000000000114e+02 1.600000000000000000e+01
2.335999999999999943e+02 4.906000000000000227e+02 1.600000000000000000e+01
2.334000000000000057e+02 4.913999999999999773e+02 1.600000000000000000e+01
2.330000000000000000e+02 4.920000000000000000e+02 1.600000000000000000e+01
2.325999999999999943e+02 4.926000000000000227e+02 1.600000000000000000e+01
2.321999999999999886e+02 4.931999999999999886e+02 1.600000000000000000e+01
2.318000000000000114e+02 4.938000000000000114e+02 1.600000000000000000e+01
2.311999999999999886e+02 4.941999999999999886e+02 1.600000000000000000e+01
2.308000000000000114e+02 4.948000000000000114e+02 1.600000000000000000e+01
2.301999999999999886e+02 4.953999999999999773e+02 1.600000000000000000e+01
2.300000000000000000e+02 4.957500000000000000e+02 1.700000000000000000e+01
