5.070000000000000000e+02 1.367000000000000000e+03 1.500000000000000000e+01
5.080000000000000000e+02 1.368000000000000000e+03 1.500000000000000000e+01
5.090000000000000000e+02 1.368799999999999955e+03 1.500000000000000000e+01
5.098000000000000114e+02 1.369599999999999909e+03 1.500000000000000000e+01
5.106000000000000227e+02 1.370400000000000091e+03 1.500000000000000000e+01
5.113999999999999773e+02 1.371200000000000045e+03 1.500000000000000000e+01
5.122000000000000455e+02 1.372000000000000000e+03 1.500000000000000000e+01
5.130000000000000000e+02 1.373000000000000000e+03 1.500000000000000000e+01
5.140000000000000000e+02 1.374000000000000000e+03 1.500000000000000000e+01
5.150000000000000000e+02 1.374799999999999955e+03 1.500000000000000000e+01
5.157999999999999545e+02 1.375599999999999909e+03 1.500000000000000000e+01
5.166000000000000227e+02 1.376200000000000045e+03 1.500000000000000000e+01
5.172000000000000455e+02 1.376799999999999955e+03 1.500000000000000000e+01
5.177999999999999545e+02 1.377200000000000045e+03 1.500000000000000000e+01
5.182000000000000455e+02 1.377799999999999955e+03 1.500000000000000000e+01
5.187999999999999545e+02 1.378200000000000045e+03 1.500000000000000000e+01
5.192000000000000455e+02 1.378799999999999955e+03 1.500000000000000000e+01
5.197999999999999545e+02 1.379200000000000045e+03 1.500000000000000000e+01
5.202000000000000455e+02 1.379799999999999955e+03 1.500000000000000000e+01
5.207999999999999545e+02 1.380200000000000045e+03 1.500000000000000000e+01
5.212000000000000455e+02 1.380799999999999955e+03 1.500000000000000000e+01
5.217999999999999545e+02 1.381400000000000091e+03 1.500000000000000000e+01
5.223999999999999773e+02 1.382200000000000045e+03 1.500000000000000000e+01
5.232000000000000455e+02 1.383000000000000000e+03 1.500000000000000000e+01
5.237999999999999545e+02 1.383799999999999955e+03 1.500000000000000000e+01
5.246000000000000227e+02 1.384599999999999909e+03 1.600000000000000000e+01
5.252000000000000455e+02 1.385400000000000091e+03 1.500000000000000000e+01
5.257999999999999545e+02 1.386000000000000000e+03 1.500000000000000000e+01
5.262000000000000455e+02 1.386599999999999909e+03 1.500000000000000000e+01
5.267999999999999545e+02 1.387400000000000091e+03 1.500000000000000000e+01
5.272000000000000455e+02 1.388200000000000045e+03 1.500000000000000000e+01
5.277999999999999545e+02 1.389000000000000000e+03 1.500000000000000000e+01
5.282000000000000455e+02 1.390000000000000000e+03 1.500000000000000000e+01
5.287999999999999545e+02 1.390799999999999955e+03 1.500000000000000000e+01
5.292000000000000455e+02 1.391599999999999909e+03 1.500000000000000000e+01
5.296000000000000227e+02 1.392400000000000091e+03 1.500000000000000000e+01
5.300000000000000000e+02 1.393000000000000000e+03 1.500000000000000000e+01
5.303999999999999773e+02 1.393599999999999909e+03 1.500000000000000000e+01
5.306000000000000227e+02 1.394400000000000091e+03 1.500000000000000000e+01
5.310000000000000000e+02 1.395200000000000045e+03 1.500000000000000000e+01
5.313999999999999773e+02 1.396000000000000000e+03 1.500000000000000000e+01
5.316000000000000227e+02 1.397000000000000000e+03 1.500000000000000000e+01
5.320000000000000000e+02 1.397799999999999955e+03 1.500000000000000000e+01
5.323999999999999773e+02 1.398599999999999909e+03 1.500000000000000000e+01
5.326000000000000227e+02 1.399400000000000091e+03 1.500000000000000000e+01
5.330000000000000000e+02 1.400200000000000045e+03 1.500000000000000000e+01
5.333999999999999773e+02 1.401000000000000000e+03 1.500000000000000000e+01
5.336000000000000227e+02 1.402000000000000000e+03 1.500000000000000000e+01
5.340000000000000000e+02 1.402799999999999955e+03 1.500000000000000000e+01
5.343999999999999773e+02 1.403599999999999909e+03 1.500000000000000000e+01
5.346000000000000227e+02 1.404400000000000091e+03 1.500000000000000000e+01
5.350000000000000000e+02 1.405000000000000000e+03 1.500000000000000000e+01
5.353999999999999773e+02 1.405599999999999909e+03 1.500000000000000000e+01
5.356000000000000227e+02 1.406400000000000091e+03 1.500000000000000000e+01
5.360000000000000000e+02 1.407000000000000000e+03 1.500000000000000000e+01
5.363999999999999773e+02 1.407599999999999909e+03 1.500000000000000000e+01
5.367999999999999545e+02 1.408400000000000091e+03 1.500000000000000000e+01
5.372000000000000455e+02 1.409200000000000045e+03 1.500000000000000000e+01
5.377999999999999545e+02 1.409799999999999955e+03 1.500000000000000000e+01
5.382000000000000455e+02 1.410599999999999909e+03 1.500000000000000000e+01
5.387999999999999545e+02 1.411200000000000045e+03 1.500000000000000000e+01
5.392000000000000455e+02 1.411799999999999955e+03 1.500000000000000000e+01
5.395000000000000000e+02 1.412000000000000000e+03 1.500000000000000000e+01
