1.212799999999999955e+03 1.008200000000000045e+03 5.000000000000000000e+00
1.213200000000000045e+03 1.008799999999999955e+03 5.000000000000000000e+00
1.213799999999999955e+03 1.009200000000000045e+03 5.000000000000000000e+00
1.214400000000000091e+03 1.009799999999999955e+03 5.000000000000000000e+00
1.215200000000000045e+03 1.010200000000000045e+03 5.000000000000000000e+00
1.215799999999999955e+03 1.010799999999999955e+03 5.000000000000000000e+00
1.216599999999999909e+03 1.011200000000000045e+03 5.000000000000000000e+00
1.217400000000000091e+03 1.011799999999999955e+03 5.000000000000000000e+00
1.218200000000000045e+03 1.012200000000000045e+03 5.000000000000000000e+00
1.219000000000000000e+03 1.012600000000000023e+03 5.000000000000000000e+00
1.219799999999999955e+03 1.013000000000000000e+03 5.000000000000000000e+00
1.220599999999999909e+03 1.013399999999999977e+03 5.000000000000000000e+00
1.221400000000000091e+03 1.013600000000000023e+03 5.000000000000000000e+00
1.222200000000000045e+03 1.013799999999999955e+03 5.000000000000000000e+00
1.223000000000000000e+03 1.014000000000000000e+03 5.000000000000000000e+00
1.223500000000000000e+03 1.014000000000000000e+03 5.000000000000000000e+00
