5.866000000000000227e+02 1.500000000000000000e+02 1.600000000000000000e+01
5.870000000000000000e+02 1.508000000000000114e+02 1.600000000000000000e+01
5.873999999999999773e+02 1.515999999999999943e+02 1.600000000000000000e+01
5.876000000000000227e+02 1.524000000000000057e+02 1.600000000000000000e+01
5.877999999999999545e+02 1.531999999999999886e+02 1.600000000000000000e+01
5.882000000000000455e+02 1.538000000000000114e+02 1.600000000000000000e+01
5.883999999999999773e+02 1.545999999999999943e+02 1.600000000000000000e+01
5.886000000000000227e+02 1.554000000000000057e+02 1.600000000000000000e+01
5.887999999999999545e+02 1.561999999999999886e+02 1.600000000000000000e+01
5.890000000000000000e+02 1.570000000000000000e+02 1.600000000000000000e+01
5.887999999999999545e+02 1.578000000000000114e+02 1.600000000000000000e+01
5.886000000000000227e+02 1.585999999999999943e+02 1.600000000000000000e+01
5.883999999999999773e+02 1.594000000000000057e+02 1.600000000000000000e+01
5.882000000000000455e+02 1.601999999999999886e+02 1.600000000000000000e+01
5.877999999999999545e+02 1.608000000000000114e+02 1.600000000000000000e+01
5.876000000000000227e+02 1.615999999999999943e+02 1.700000000000000000e+01
5.872000000000000455e+02 1.624000000000000057e+02 1.700000000000000000e+01
5.867999999999999545e+02 1.631999999999999886e+02 1.700000000000000000e+01
5.862000000000000455e+02 1.638000000000000114e+02 1.700000000000000000e+01
5.857999999999999545e+02 1.645999999999999943e+02 1.700000000000000000e+01
5.853999999999999773e+02 1.654000000000000057e+02 1.700000000000000000e+01
5.850000000000000000e+02 1.660000000000000000e+02 1.700000000000000000e+01
5.846000000000000227e+02 1.665999999999999943e+02 1.700000000000000000e+01
5.843999999999999773e+02 1.674000000000000057e+02 1.700000000000000000e+01
5.842000000000000455e+02 1.681999999999999886e+02 1.700000000000000000e+01
5.840000000000000000e+02 1.690000000000000000e+02 1.700000000000000000e+01
5.840000000000000000e+02 1.700000000000000000e+02 1.700000000000000000e+01
5.840000000000000000e+02 1.710000000000000000e+02 1.700000000000000000e+01
5.840000000000000000e+02 1.720000000000000000e+02 1.700000000000000000e+01
5.840000000000000000e+02 1.730000000000000000e+02 1.700000000000000000e+01
5.840000000000000000e+02 1.740000000000000000e+02 1.700000000000000000e+01
5.840000000000000000e+02 1.750000000000000000e+02 1.700000000000000000e+01
5.840000000000000000e+02 1.758000000000000114e+02 1.700000000000000000e+01
5.840000000000000000e+02 1.765999999999999943e+02 1.800000000000000000e+01
5.840000000000000000e+02 1.774000000000000057e+02 1.800000000000000000e+01
5.842000000000000455e+02 1.781999999999999886e+02 1.800000000000000000e+01
5.843999999999999773e+02 1.790000000000000000e+02 1.800000000000000000e+01
5.846000000000000227e+02 1.800000000000000000e+02 1.800000000000000000e+01
5.847999999999999545e+02 1.810000000000000000e+02 1.800000000000000000e+01
5.850000000000000000e+02 1.820000000000000000e+02 1.800000000000000000e+01
5.852000000000000455e+02 1.830000000000000000e+02 1.800000000000000000e+01
5.853999999999999773e+02 1.840000000000000000e+02 1.800000000000000000e+01
5.856000000000000227e+02 1.850000000000000000e+02 1.800000000000000000e+01
5.857999999999999545e+02 1.860000000000000000e+02 1.800000000000000000e+01
5.860000000000000000e+02 1.870000000000000000e+02 1.800000000000000000e+01
5.862000000000000455e+02 1.878000000000000114e+02 1.800000000000000000e+01
5.863999999999999773e+02 1.885999999999999943e+02 1.800000000000000000e+01
5.866000000000000227e+02 1.894000000000000057e+02 1.800000000000000000e+01
5.867999999999999545e+02 1.901999999999999886e+02 1.800000000000000000e+01
5.870000000000000000e+02 1.910000000000000000e+02 1.800000000000000000e+01
5.872000000000000455e+02 1.920000000000000000e+02 1.800000000000000000e+01
5.873999999999999773e+02 1.930000000000000000e+02 1.800000000000000000e+01
5.876000000000000227e+02 1.940000000000000000e+02 1.800000000000000000e+01
5.877999999999999545e+02 1.950000000000000000e+02 1.800000000000000000e+01
5.882000000000000455e+02 1.960000000000000000e+02 1.800000000000000000e+01
5.883999999999999773e+02 1.970000000000000000e+02 1.800000000000000000e+01
5.886000000000000227e+02 1.980000000000000000e+02 1.800000000000000000e+01
5.890000000000000000e+02 1.988000000000000114e+02 1.800000000000000000e+01
5.893999999999999773e+02 1.995999999999999943e+02 1.800000000000000000e+01
5.896000000000000227e+02 2.004000000000000057e+02 1.800000000000000000e+01
5.897999999999999545e+02 2.011999999999999886e+02 1.800000000000000000e+01
5.902000000000000455e+02 2.018000000000000114e+02 1.800000000000000000e+01
5.903999999999999773e+02 2.025999999999999943e+02 1.800000000000000000e+01
5.906000000000000227e+02 2.034000000000000057e+02 1.800000000000000000e+01
5.910000000000000000e+02 2.041999999999999886e+02 1.800000000000000000e+01
5.913999999999999773e+02 2.050000000000000000e+02 1.800000000000000000e+01
5.917999999999999545e+02 2.060000000000000000e+02 1.800000000000000000e+01
5.922000000000000455e+02 2.070000000000000000e+02 1.800000000000000000e+01
5.926000000000000227e+02 2.080000000000000000e+02 1.800000000000000000e+01
5.927500000000000000e+02 2.085000000000000000e+02 1.800000000000000000e+01
