8.893999999999999773e+02 5.712000000000000455e+02 1.600000000000000000e+01
8.902000000000000455e+02 5.707999999999999545e+02 1.600000000000000000e+01
8.907999999999999545e+02 5.702000000000000455e+02 1.600000000000000000e+01
8.916000000000000227e+02 5.697999999999999545e+02 1.600000000000000000e+01
8.923999999999999773e+02 5.693999999999999773e+02 1.600000000000000000e+01
8.932000000000000455e+02 5.692000000000000455e+02 1.600000000000000000e+01
8.940000000000000000e+02 5.690000000000000000e+02 1.600000000000000000e+01
8.950000000000000000e+02 5.690000000000000000e+02 1.600000000000000000e+01
8.960000000000000000e+02 5.690000000000000000e+02 1.600000000000000000e+01
8.970000000000000000e+02 5.690000000000000000e+02 1.600000000000000000e+01
8.980000000000000000e+02 5.690000000000000000e+02 1.600000000000000000e+01
8.990000000000000000e+02 5.690000000000000000e+02 1.600000000000000000e+01
9.000000000000000000e+02 5.690000000000000000e+02 1.600000000000000000e+01
9.010000000000000000e+02 5.690000000000000000e+02 1.600000000000000000e+01
9.020000000000000000e+02 5.692000000000000455e+02 1.600000000000000000e+01
9.030000000000000000e+02 5.693999999999999773e+02 1.600000000000000000e+01
9.040000000000000000e+02 5.696000000000000227e+02 1.600000000000000000e+01
9.047999999999999545e+02 5.700000000000000000e+02 1.600000000000000000e+01
9.056000000000000227e+02 5.703999999999999773e+02 1.600000000000000000e+01
9.063999999999999773e+02 5.706000000000000227e+02 1.600000000000000000e+01
9.072000000000000455e+02 5.710000000000000000e+02 1.600000000000000000e+01
9.080000000000000000e+02 5.713999999999999773e+02 1.600000000000000000e+01
9.087999999999999545e+02 5.717999999999999545e+02 1.600000000000000000e+01
9.096000000000000227e+02 5.722000000000000455e+02 1.600000000000000000e+01
9.102000000000000455e+02 5.727999999999999545e+02 1.600000000000000000e+01
9.107999999999999545e+02 5.732000000000000455e+02 1.600000000000000000e+01
9.113999999999999773e+02 5.737999999999999545e+02 1.600000000000000000e+01
9.122000000000000455e+02 5.743999999999999773e+02 1.600000000000000000e+01
9.127999999999999545e+02 5.752000000000000455e+02 1.600000000000000000e+01
9.136000000000000227e+02 5.757999999999999545e+02 1.600000000000000000e+01
9.142000000000000455e+02 5.766000000000000227e+02 1.600000000000000000e+01
9.147999999999999545e+02 5.772000000000000455e+02 1.600000000000000000e+01
9.152000000000000455e+02 5.777999999999999545e+02 1.600000000000000000e+01
9.157999999999999545e+02 5.782000000000000455e+02 1.600000000000000000e+01
9.162000000000000455e+02 5.787999999999999545e+02 1.600000000000000000e+01
9.167999999999999545e+02 5.793999999999999773e+02 1.600000000000000000e+01
9.172000000000000455e+02 5.802000000000000455e+02 1.600000000000000000e+01
9.177999999999999545e+02 5.807999999999999545e+02 1.600000000000000000e+01
9.182000000000000455e+02 5.816000000000000227e+02 1.600000000000000000e+01
9.187999999999999545e+02 5.823999999999999773e+02 1.600000000000000000e+01
9.192000000000000455e+02 5.832000000000000455e+02 1.600000000000000000e+01
9.197999999999999545e+02 5.837999999999999545e+02 1.600000000000000000e+01
9.202000000000000455e+02 5.846000000000000227e+02 1.600000000000000000e+01
9.207999999999999545e+02 5.853999999999999773e+02 1.600000000000000000e+01
9.212000000000000455e+02 5.862000000000000455e+02 1.600000000000000000e+01
9.217999999999999545e+02 5.867999999999999545e+02 1.600000000000000000e+01
9.222000000000000455e+02 5.876000000000000227e+02 1.600000000000000000e+01
9.227999999999999545e+02 5.882000000000000455e+02 1.600000000000000000e+01
9.232000000000000455e+02 5.887999999999999545e+02 1.600000000000000000e+01
9.236000000000000227e+02 5.893999999999999773e+02 1.600000000000000000e+01
9.240000000000000000e+02 5.900000000000000000e+02 1.600000000000000000e+01
9.243999999999999773e+02 5.906000000000000227e+02 1.600000000000000000e+01
9.247999999999999545e+02 5.913999999999999773e+02 1.600000000000000000e+01
9.252000000000000455e+02 5.920000000000000000e+02 1.600000000000000000e+01
9.256000000000000227e+02 5.926000000000000227e+02 1.700000000000000000e+01
9.260000000000000000e+02 5.933999999999999773e+02 1.700000000000000000e+01
9.263999999999999773e+02 5.942000000000000455e+02 1.700000000000000000e+01
9.266000000000000227e+02 5.950000000000000000e+02 1.700000000000000000e+01
9.267999999999999545e+02 5.960000000000000000e+02 1.700000000000000000e+01
9.272000000000000455e+02 5.967999999999999545e+02 1.700000000000000000e+01
9.273999999999999773e+02 5.976000000000000227e+02 1.700000000000000000e+01
9.276000000000000227e+02 5.983999999999999773e+02 1.700000000000000000e+01
9.277999999999999545e+02 5.992000000000000455e+02 1.700000000000000000e+01
9.282000000000000455e+02 5.997999999999999545e+02 1.700000000000000000e+01
9.283999999999999773e+02 6.006000000000000227e+02 1.700000000000000000e+01
9.286000000000000227e+02 6.013999999999999773e+02 1.700000000000000000e+01
9.287999999999999545e+02 6.022000000000000455e+02 1.700000000000000000e+01
9.290000000000000000e+02 6.027999999999999545e+02 1.700000000000000000e+01
9.292000000000000455e+02 6.036000000000000227e+02 1.800000000000000000e+01
9.293999999999999773e+02 6.043999999999999773e+02 1.800000000000000000e+01
9.296000000000000227e+02 6.052000000000000455e+02 1.800000000000000000e+01
9.297999999999999545e+02 6.060000000000000000e+02 1.800000000000000000e+01
9.302000000000000455e+02 6.067999999999999545e+02 1.800000000000000000e+01
9.303999999999999773e+02 6.076000000000000227e+02 1.800000000000000000e+01
9.306000000000000227e+02 6.083999999999999773e+02 1.800000000000000000e+01
9.307999999999999545e+02 6.092000000000000455e+02 1.800000000000000000e+01
9.310000000000000000e+02 6.100000000000000000e+02 1.800000000000000000e+01
9.312000000000000455e+02 6.107999999999999545e+02 1.800000000000000000e+01
9.313999999999999773e+02 6.116000000000000227e+02 1.800000000000000000e+01
9.316000000000000227e+02 6.123999999999999773e+02 1.800000000000000000e+01
9.317999999999999545e+02 6.132000000000000455e+02 1.800000000000000000e+01
9.320000000000000000e+02 6.140000000000000000e+02 1.800000000000000000e+01
9.320000000000000000e+02 6.150000000000000000e+02 1.800000000000000000e+01
9.322000000000000455e+02 6.157999999999999545e+02 1.800000000000000000e+01
9.323999999999999773e+02 6.166000000000000227e+02 1.800000000000000000e+01
9.326000000000000227e+02 6.173999999999999773e+02 1.800000000000000000e+01
9.327999999999999545e+02 6.182000000000000455e+02 1.800000000000000000e+01
9.330000000000000000e+02 6.190000000000000000e+02 1.800000000000000000e+01
9.330000000000000000e+02 6.200000000000000000e+02 1.800000000000000000e+01
9.330000000000000000e+02 6.210000000000000000e+02 1.800000000000000000e+01
9.332000000000000455e+02 6.217999999999999545e+02 1.800000000000000000e+01
9.333999999999999773e+02 6.226000000000000227e+02 1.800000000000000000e+01
9.336000000000000227e+02 6.233999999999999773e+02 1.800000000000000000e+01
9.337999999999999545e+02 6.242000000000000455e+02 1.800000000000000000e+01
9.340000000000000000e+02 6.250000000000000000e+02 1.800000000000000000e+01
9.340000000000000000e+02 6.260000000000000000e+02 1.800000000000000000e+01
9.342000000000000455e+02 6.267999999999999545e+02 1.800000000000000000e+01
9.343999999999999773e+02 6.276000000000000227e+02 1.800000000000000000e+01
9.346000000000000227e+02 6.283999999999999773e+02 1.800000000000000000e+01
9.347999999999999545e+02 6.292000000000000455e+02 1.800000000000000000e+01
9.352000000000000455e+02 6.300000000000000000e+02 1.800000000000000000e+01
9.353999999999999773e+02 6.310000000000000000e+02 1.800000000000000000e+01
9.356000000000000227e+02 6.320000000000000000e+02 1.800000000000000000e+01
9.360000000000000000e+02 6.327999999999999545e+02 1.800000000000000000e+01
9.363999999999999773e+02 6.336000000000000227e+02 1.800000000000000000e+01
9.367999999999999545e+02 6.342000000000000455e+02 1.800000000000000000e+01
9.372000000000000455e+02 6.347999999999999545e+02 1.800000000000000000e+01
9.377999999999999545e+02 6.352000000000000455e+02 1.800000000000000000e+01
9.382000000000000455e+02 6.357999999999999545e+02 1.800000000000000000e+01
9.387999999999999545e+02 6.362000000000000455e+02 1.800000000000000000e+01
9.393999999999999773e+02 6.366000000000000227e+02 1.800000000000000000e+01
9.402000000000000455e+02 6.367999999999999545e+02 1.800000000000000000e+01
9.410000000000000000e+02 6.370000000000000000e+02 1.800000000000000000e+01
9.420000000000000000e+02 6.370000000000000000e+02 1.800000000000000000e+01
9.430000000000000000e+02 6.370000000000000000e+02 1.800000000000000000e+01
9.440000000000000000e+02 6.370000000000000000e+02 1.800000000000000000e+01
9.450000000000000000e+02 6.370000000000000000e+02 1.800000000000000000e+01
9.460000000000000000e+02 6.370000000000000000e+02 1.800000000000000000e+01
9.470000000000000000e+02 6.370000000000000000e+02 1.800000000000000000e+01
9.480000000000000000e+02 6.370000000000000000e+02 1.800000000000000000e+01
9.490000000000000000e+02 6.370000000000000000e+02 1.800000000000000000e+01
9.500000000000000000e+02 6.367999999999999545e+02 1.800000000000000000e+01
9.510000000000000000e+02 6.366000000000000227e+02 1.800000000000000000e+01
9.520000000000000000e+02 6.363999999999999773e+02 1.800000000000000000e+01
9.530000000000000000e+02 6.362000000000000455e+02 1.800000000000000000e+01
9.540000000000000000e+02 6.360000000000000000e+02 1.800000000000000000e+01
9.550000000000000000e+02 6.357999999999999545e+02 1.800000000000000000e+01
9.560000000000000000e+02 6.356000000000000227e+02 1.800000000000000000e+01
9.570000000000000000e+02 6.356000000000000227e+02 1.800000000000000000e+01
9.580000000000000000e+02 6.357999999999999545e+02 1.800000000000000000e+01
9.587999999999999545e+02 6.362000000000000455e+02 1.800000000000000000e+01
9.596000000000000227e+02 6.370000000000000000e+02 1.800000000000000000e+01
9.603999999999999773e+02 6.380000000000000000e+02 1.800000000000000000e+01
9.610000000000000000e+02 6.390000000000000000e+02 1.800000000000000000e+01
9.616000000000000227e+02 6.400000000000000000e+02 1.800000000000000000e+01
9.623999999999999773e+02 6.410000000000000000e+02 1.800000000000000000e+01
9.632000000000000455e+02 6.420000000000000000e+02 1.800000000000000000e+01
9.637999999999999545e+02 6.430000000000000000e+02 1.800000000000000000e+01
9.646000000000000227e+02 6.437999999999999545e+02 1.800000000000000000e+01
9.652000000000000455e+02 6.446000000000000227e+02 1.800000000000000000e+01
9.657999999999999545e+02 6.453999999999999773e+02 1.800000000000000000e+01
9.662000000000000455e+02 6.462000000000000455e+02 1.800000000000000000e+01
9.667999999999999545e+02 6.467999999999999545e+02 1.800000000000000000e+01
9.672000000000000455e+02 6.476000000000000227e+02 1.800000000000000000e+01
9.676000000000000227e+02 6.483999999999999773e+02 1.800000000000000000e+01
9.680000000000000000e+02 6.490000000000000000e+02 1.800000000000000000e+01
9.683999999999999773e+02 6.496000000000000227e+02 1.800000000000000000e+01
9.686000000000000227e+02 6.503999999999999773e+02 1.800000000000000000e+01
9.687999999999999545e+02 6.512000000000000455e+02 1.800000000000000000e+01
9.692000000000000455e+02 6.520000000000000000e+02 1.800000000000000000e+01
9.693999999999999773e+02 6.530000000000000000e+02 1.800000000000000000e+01
9.696000000000000227e+02 6.540000000000000000e+02 1.800000000000000000e+01
9.697999999999999545e+02 6.550000000000000000e+02 1.800000000000000000e+01
9.700000000000000000e+02 6.560000000000000000e+02 1.800000000000000000e+01
9.700000000000000000e+02 6.570000000000000000e+02 1.800000000000000000e+01
9.700000000000000000e+02 6.575000000000000000e+02 1.800000000000000000e+01
