9.493999999999999773e+02 1.246599999999999909e+03 1.500000000000000000e+01
9.487999999999999545e+02 1.247200000000000045e+03 1.500000000000000000e+01
9.482000000000000455e+02 1.247799999999999955e+03 1.500000000000000000e+01
9.477999999999999545e+02 1.248599999999999909e+03 1.400000000000000000e+01
9.473999999999999773e+02 1.249400000000000091e+03 1.400000000000000000e+01
9.470000000000000000e+02 1.250000000000000000e+03 1.400000000000000000e+01
9.466000000000000227e+02 1.250599999999999909e+03 1.400000000000000000e+01
9.462000000000000455e+02 1.251200000000000045e+03 1.400000000000000000e+01
9.457999999999999545e+02 1.251799999999999955e+03 1.400000000000000000e+01
9.452000000000000455e+02 1.252400000000000091e+03 1.400000000000000000e+01
9.446000000000000227e+02 1.253200000000000045e+03 1.400000000000000000e+01
9.440000000000000000e+02 1.254000000000000000e+03 1.400000000000000000e+01
9.433999999999999773e+02 1.254799999999999955e+03 1.400000000000000000e+01
9.427999999999999545e+02 1.255599999999999909e+03 1.400000000000000000e+01
9.422000000000000455e+02 1.256200000000000045e+03 1.400000000000000000e+01
9.417999999999999545e+02 1.256799999999999955e+03 1.400000000000000000e+01
9.412000000000000455e+02 1.257200000000000045e+03 1.400000000000000000e+01
9.406000000000000227e+02 1.257799999999999955e+03 1.400000000000000000e+01
9.400000000000000000e+02 1.258200000000000045e+03 1.400000000000000000e+01
9.393999999999999773e+02 1.258599999999999909e+03 1.500000000000000000e+01
9.387999999999999545e+02 1.259000000000000000e+03 1.500000000000000000e+01
9.382000000000000455e+02 1.259400000000000091e+03 1.500000000000000000e+01
9.376000000000000227e+02 1.259599999999999909e+03 1.500000000000000000e+01
9.370000000000000000e+02 1.260000000000000000e+03 1.500000000000000000e+01
9.366000000000000227e+02 1.260400000000000091e+03 1.500000000000000000e+01
9.360000000000000000e+02 1.260599999999999909e+03 1.600000000000000000e+01
9.353999999999999773e+02 1.260799999999999955e+03 1.600000000000000000e+01
9.350000000000000000e+02 1.261200000000000045e+03 1.600000000000000000e+01
9.346000000000000227e+02 1.261400000000000091e+03 1.600000000000000000e+01
9.340000000000000000e+02 1.261599999999999909e+03 1.700000000000000000e+01
9.333999999999999773e+02 1.261799999999999955e+03 1.700000000000000000e+01
9.327999999999999545e+02 1.262000000000000000e+03 1.700000000000000000e+01
9.322000000000000455e+02 1.262000000000000000e+03 1.700000000000000000e+01
9.316000000000000227e+02 1.262200000000000045e+03 1.800000000000000000e+01
9.310000000000000000e+02 1.262400000000000091e+03 1.800000000000000000e+01
9.303999999999999773e+02 1.262599999999999909e+03 1.800000000000000000e+01
9.297999999999999545e+02 1.262799999999999955e+03 1.800000000000000000e+01
9.292000000000000455e+02 1.263200000000000045e+03 1.800000000000000000e+01
9.283999999999999773e+02 1.263400000000000091e+03 1.800000000000000000e+01
9.276000000000000227e+02 1.263799999999999955e+03 1.800000000000000000e+01
9.267999999999999545e+02 1.264200000000000045e+03 1.800000000000000000e+01
9.260000000000000000e+02 1.264599999999999909e+03 1.800000000000000000e+01
9.252000000000000455e+02 1.265000000000000000e+03 1.800000000000000000e+01
9.243999999999999773e+02 1.265400000000000091e+03 1.800000000000000000e+01
9.236000000000000227e+02 1.265599999999999909e+03 1.800000000000000000e+01
9.230000000000000000e+02 1.266000000000000000e+03 1.800000000000000000e+01
9.223999999999999773e+02 1.266400000000000091e+03 1.800000000000000000e+01
9.216000000000000227e+02 1.266599999999999909e+03 1.800000000000000000e+01
9.207999999999999545e+02 1.266799999999999955e+03 1.800000000000000000e+01
9.200000000000000000e+02 1.267200000000000045e+03 1.800000000000000000e+01
9.190000000000000000e+02 1.267400000000000091e+03 1.800000000000000000e+01
9.180000000000000000e+02 1.267599999999999909e+03 1.800000000000000000e+01
9.170000000000000000e+02 1.267799999999999955e+03 1.800000000000000000e+01
9.162000000000000455e+02 1.267799999999999955e+03 1.800000000000000000e+01
9.153999999999999773e+02 1.267599999999999909e+03 1.800000000000000000e+01
9.146000000000000227e+02 1.267400000000000091e+03 1.800000000000000000e+01
9.140000000000000000e+02 1.267200000000000045e+03 1.700000000000000000e+01
9.136000000000000227e+02 1.266799999999999955e+03 1.800000000000000000e+01
9.130000000000000000e+02 1.266599999999999909e+03 1.700000000000000000e+01
9.123999999999999773e+02 1.266400000000000091e+03 1.700000000000000000e+01
9.120000000000000000e+02 1.266000000000000000e+03 1.700000000000000000e+01
9.113999999999999773e+02 1.265400000000000091e+03 1.700000000000000000e+01
9.107999999999999545e+02 1.264799999999999955e+03 1.700000000000000000e+01
9.102000000000000455e+02 1.264200000000000045e+03 1.700000000000000000e+01
9.097999999999999545e+02 1.263400000000000091e+03 1.700000000000000000e+01
9.093999999999999773e+02 1.262599999999999909e+03 1.700000000000000000e+01
9.090000000000000000e+02 1.262000000000000000e+03 1.700000000000000000e+01
9.086000000000000227e+02 1.261400000000000091e+03 1.700000000000000000e+01
9.085000000000000000e+02 1.261000000000000000e+03 1.700000000000000000e+01
