9.757999999999999545e+02 6.597999999999999545e+02 1.700000000000000000e+01
9.766000000000000227e+02 6.596000000000000227e+02 1.700000000000000000e+01
9.773999999999999773e+02 6.593999999999999773e+02 1.700000000000000000e+01
9.782000000000000455e+02 6.592000000000000455e+02 1.700000000000000000e+01
9.790000000000000000e+02 6.587999999999999545e+02 1.700000000000000000e+01
9.800000000000000000e+02 6.586000000000000227e+02 1.700000000000000000e+01
9.810000000000000000e+02 6.583999999999999773e+02 1.700000000000000000e+01
9.820000000000000000e+02 6.582000000000000455e+02 1.700000000000000000e+01
9.827999999999999545e+02 6.577999999999999545e+02 1.700000000000000000e+01
9.836000000000000227e+02 6.576000000000000227e+02 1.700000000000000000e+01
9.843999999999999773e+02 6.573999999999999773e+02 1.700000000000000000e+01
9.852000000000000455e+02 6.570000000000000000e+02 1.700000000000000000e+01
9.860000000000000000e+02 6.566000000000000227e+02 1.700000000000000000e+01
9.870000000000000000e+02 6.562000000000000455e+02 1.700000000000000000e+01
9.880000000000000000e+02 6.557999999999999545e+02 1.700000000000000000e+01
9.887999999999999545e+02 6.552000000000000455e+02 1.700000000000000000e+01
9.896000000000000227e+02 6.547999999999999545e+02 1.700000000000000000e+01
9.903999999999999773e+02 6.542000000000000455e+02 1.700000000000000000e+01
9.912000000000000455e+02 6.536000000000000227e+02 1.700000000000000000e+01
9.920000000000000000e+02 6.527999999999999545e+02 1.700000000000000000e+01
9.927999999999999545e+02 6.520000000000000000e+02 1.700000000000000000e+01
9.936000000000000227e+02 6.512000000000000455e+02 1.700000000000000000e+01
9.942000000000000455e+02 6.503999999999999773e+02 1.700000000000000000e+01
9.947999999999999545e+02 6.497999999999999545e+02 1.700000000000000000e+01
9.952000000000000455e+02 6.492000000000000455e+02 1.700000000000000000e+01
9.957999999999999545e+02 6.487999999999999545e+02 1.700000000000000000e+01
9.962000000000000455e+02 6.482000000000000455e+02 1.700000000000000000e+01
9.967999999999999545e+02 6.477999999999999545e+02 1.700000000000000000e+01
9.972000000000000455e+02 6.472000000000000455e+02 1.700000000000000000e+01
9.977999999999999545e+02 6.467999999999999545e+02 1.700000000000000000e+01
9.982000000000000455e+02 6.462000000000000455e+02 1.700000000000000000e+01
9.986000000000000227e+02 6.456000000000000227e+02 1.700000000000000000e+01
9.990000000000000000e+02 6.450000000000000000e+02 1.700000000000000000e+01
9.993999999999999773e+02 6.443999999999999773e+02 1.700000000000000000e+01
9.997999999999999545e+02 6.437999999999999545e+02 1.700000000000000000e+01
1.000200000000000045e+03 6.432000000000000455e+02 1.700000000000000000e+01
1.000799999999999955e+03 6.427999999999999545e+02 1.700000000000000000e+01
1.001200000000000045e+03 6.422000000000000455e+02 1.700000000000000000e+01
1.001799999999999955e+03 6.417999999999999545e+02 1.700000000000000000e+01
1.002200000000000045e+03 6.412000000000000455e+02 1.700000000000000000e+01
1.002799999999999955e+03 6.407999999999999545e+02 1.700000000000000000e+01
1.003200000000000045e+03 6.402000000000000455e+02 1.700000000000000000e+01
1.003799999999999955e+03 6.397999999999999545e+02 1.700000000000000000e+01
1.004200000000000045e+03 6.392000000000000455e+02 1.700000000000000000e+01
1.004799999999999955e+03 6.387999999999999545e+02 1.700000000000000000e+01
1.005200000000000045e+03 6.382000000000000455e+02 1.700000000000000000e+01
1.005799999999999955e+03 6.377999999999999545e+02 1.700000000000000000e+01
1.006200000000000045e+03 6.372000000000000455e+02 1.700000000000000000e+01
1.006799999999999955e+03 6.367999999999999545e+02 1.700000000000000000e+01
1.007200000000000045e+03 6.362000000000000455e+02 1.700000000000000000e+01
1.007799999999999955e+03 6.357999999999999545e+02 1.700000000000000000e+01
1.008200000000000045e+03 6.352000000000000455e+02 1.700000000000000000e+01
1.008799999999999955e+03 6.347999999999999545e+02 1.700000000000000000e+01
1.009200000000000045e+03 6.342000000000000455e+02 1.700000000000000000e+01
1.009799999999999955e+03 6.337999999999999545e+02 1.700000000000000000e+01
1.010200000000000045e+03 6.332000000000000455e+02 1.700000000000000000e+01
1.010799999999999955e+03 6.327999999999999545e+02 1.700000000000000000e+01
1.011200000000000045e+03 6.322000000000000455e+02 1.700000000000000000e+01
1.011600000000000023e+03 6.316000000000000227e+02 1.700000000000000000e+01
1.012000000000000000e+03 6.310000000000000000e+02 1.700000000000000000e+01
1.012399999999999977e+03 6.303999999999999773e+02 1.700000000000000000e+01
1.012799999999999955e+03 6.297999999999999545e+02 1.700000000000000000e+01
1.013200000000000045e+03 6.292000000000000455e+02 1.700000000000000000e+01
1.013799999999999955e+03 6.287999999999999545e+02 1.700000000000000000e+01
1.014200000000000045e+03 6.282000000000000455e+02 1.700000000000000000e+01
1.015000000000000000e+03 6.276000000000000227e+02 1.700000000000000000e+01
1.015799999999999955e+03 6.270000000000000000e+02 1.700000000000000000e+01
1.016600000000000023e+03 6.263999999999999773e+02 1.700000000000000000e+01
1.017399999999999977e+03 6.257999999999999545e+02 1.700000000000000000e+01
1.018399999999999977e+03 6.253999999999999773e+02 1.700000000000000000e+01
1.019000000000000000e+03 6.250000000000000000e+02 1.700000000000000000e+01
1.019600000000000023e+03 6.246000000000000227e+02 1.700000000000000000e+01
1.020399999999999977e+03 6.243999999999999773e+02 1.700000000000000000e+01
1.021000000000000000e+03 6.240000000000000000e+02 1.700000000000000000e+01
1.021600000000000023e+03 6.236000000000000227e+02 1.700000000000000000e+01
1.022200000000000045e+03 6.232000000000000455e+02 1.700000000000000000e+01
1.022799999999999955e+03 6.227999999999999545e+02 1.700000000000000000e+01
1.023200000000000045e+03 6.222000000000000455e+02 1.700000000000000000e+01
1.023799999999999955e+03 6.217999999999999545e+02 1.700000000000000000e+01
1.024400000000000091e+03 6.212000000000000455e+02 1.700000000000000000e+01
1.025200000000000045e+03 6.206000000000000227e+02 1.700000000000000000e+01
1.026000000000000000e+03 6.200000000000000000e+02 1.700000000000000000e+01
1.026799999999999955e+03 6.193999999999999773e+02 1.700000000000000000e+01
1.027599999999999909e+03 6.187999999999999545e+02 1.700000000000000000e+01
1.028200000000000045e+03 6.182000000000000455e+02 1.700000000000000000e+01
1.028799999999999955e+03 6.177999999999999545e+02 1.700000000000000000e+01
1.029200000000000045e+03 6.173999999999999773e+02 1.800000000000000000e+01
1.029599999999999909e+03 6.173999999999999773e+02 1.700000000000000000e+01
1.030000000000000000e+03 6.173999999999999773e+02 1.700000000000000000e+01
1.030400000000000091e+03 6.177999999999999545e+02 1.700000000000000000e+01
1.030799999999999955e+03 6.182000000000000455e+02 1.700000000000000000e+01
1.031400000000000091e+03 6.186000000000000227e+02 1.700000000000000000e+01
1.032000000000000000e+03 6.190000000000000000e+02 1.700000000000000000e+01
1.032599999999999909e+03 6.193999999999999773e+02 1.700000000000000000e+01
1.033400000000000091e+03 6.197999999999999545e+02 1.700000000000000000e+01
1.034200000000000045e+03 6.202000000000000455e+02 1.700000000000000000e+01
1.035000000000000000e+03 6.207999999999999545e+02 1.700000000000000000e+01
1.036000000000000000e+03 6.212000000000000455e+02 1.700000000000000000e+01
1.037000000000000000e+03 6.216000000000000227e+02 1.700000000000000000e+01
1.038000000000000000e+03 6.217999999999999545e+02 1.700000000000000000e+01
1.039000000000000000e+03 6.220000000000000000e+02 1.700000000000000000e+01
1.040000000000000000e+03 6.220000000000000000e+02 1.700000000000000000e+01
1.041000000000000000e+03 6.217999999999999545e+02 1.700000000000000000e+01
1.042000000000000000e+03 6.216000000000000227e+02 1.700000000000000000e+01
1.042799999999999955e+03 6.213999999999999773e+02 1.700000000000000000e+01
1.043599999999999909e+03 6.212000000000000455e+02 1.600000000000000000e+01
1.044400000000000091e+03 6.210000000000000000e+02 1.600000000000000000e+01
1.045000000000000000e+03 6.207999999999999545e+02 1.600000000000000000e+01
1.045599999999999909e+03 6.206000000000000227e+02 1.600000000000000000e+01
1.046400000000000091e+03 6.203999999999999773e+02 1.600000000000000000e+01
1.047200000000000045e+03 6.202000000000000455e+02 1.600000000000000000e+01
1.048000000000000000e+03 6.197999999999999545e+02 1.600000000000000000e+01
1.049000000000000000e+03 6.196000000000000227e+02 1.600000000000000000e+01
1.050000000000000000e+03 6.193999999999999773e+02 1.600000000000000000e+01
1.051000000000000000e+03 6.192000000000000455e+02 1.600000000000000000e+01
1.051799999999999955e+03 6.187999999999999545e+02 1.600000000000000000e+01
1.052599999999999909e+03 6.186000000000000227e+02 1.600000000000000000e+01
1.053400000000000091e+03 6.183999999999999773e+02 1.600000000000000000e+01
1.054200000000000045e+03 6.182000000000000455e+02 1.600000000000000000e+01
1.054799999999999955e+03 6.177999999999999545e+02 1.600000000000000000e+01
1.055599999999999909e+03 6.176000000000000227e+02 1.600000000000000000e+01
1.056400000000000091e+03 6.173999999999999773e+02 1.600000000000000000e+01
1.057200000000000045e+03 6.172000000000000455e+02 1.600000000000000000e+01
1.057799999999999955e+03 6.167999999999999545e+02 1.600000000000000000e+01
1.058599999999999909e+03 6.166000000000000227e+02 1.600000000000000000e+01
1.059400000000000091e+03 6.163999999999999773e+02 1.600000000000000000e+01
1.060000000000000000e+03 6.160000000000000000e+02 1.600000000000000000e+01
1.060599999999999909e+03 6.156000000000000227e+02 1.600000000000000000e+01
1.061400000000000091e+03 6.152000000000000455e+02 1.600000000000000000e+01
1.062200000000000045e+03 6.147999999999999545e+02 1.600000000000000000e+01
1.062799999999999955e+03 6.142000000000000455e+02 1.600000000000000000e+01
1.063599999999999909e+03 6.137999999999999545e+02 1.600000000000000000e+01
1.064400000000000091e+03 6.133999999999999773e+02 1.600000000000000000e+01
1.065200000000000045e+03 6.130000000000000000e+02 1.600000000000000000e+01
1.066000000000000000e+03 6.126000000000000227e+02 1.600000000000000000e+01
1.067000000000000000e+03 6.123999999999999773e+02 1.600000000000000000e+01
1.067799999999999955e+03 6.120000000000000000e+02 1.600000000000000000e+01
1.068599999999999909e+03 6.116000000000000227e+02 1.600000000000000000e+01
1.069400000000000091e+03 6.113999999999999773e+02 1.600000000000000000e+01
1.070200000000000045e+03 6.110000000000000000e+02 1.600000000000000000e+01
1.071000000000000000e+03 6.106000000000000227e+02 1.600000000000000000e+01
1.072000000000000000e+03 6.103999999999999773e+02 1.600000000000000000e+01
1.073000000000000000e+03 6.100000000000000000e+02 1.600000000000000000e+01
1.074000000000000000e+03 6.096000000000000227e+02 1.600000000000000000e+01
1.075000000000000000e+03 6.093999999999999773e+02 1.600000000000000000e+01
1.075799999999999955e+03 6.090000000000000000e+02 1.600000000000000000e+01
1.076599999999999909e+03 6.086000000000000227e+02 1.600000000000000000e+01
1.077400000000000091e+03 6.083999999999999773e+02 1.600000000000000000e+01
1.078000000000000000e+03 6.080000000000000000e+02 1.600000000000000000e+01
1.078599999999999909e+03 6.076000000000000227e+02 1.600000000000000000e+01
1.079200000000000045e+03 6.072000000000000455e+02 1.600000000000000000e+01
1.079799999999999955e+03 6.067999999999999545e+02 1.600000000000000000e+01
1.080400000000000091e+03 6.063999999999999773e+02 1.600000000000000000e+01
1.081000000000000000e+03 6.060000000000000000e+02 1.700000000000000000e+01
1.081599999999999909e+03 6.056000000000000227e+02 1.700000000000000000e+01
1.082200000000000045e+03 6.052000000000000455e+02 1.700000000000000000e+01
1.082599999999999909e+03 6.046000000000000227e+02 1.700000000000000000e+01
1.083000000000000000e+03 6.040000000000000000e+02 1.700000000000000000e+01
1.083400000000000091e+03 6.033999999999999773e+02 1.700000000000000000e+01
1.083799999999999955e+03 6.027999999999999545e+02 1.700000000000000000e+01
1.084200000000000045e+03 6.022000000000000455e+02 1.700000000000000000e+01
1.084799999999999955e+03 6.016000000000000227e+02 1.700000000000000000e+01
1.085200000000000045e+03 6.007999999999999545e+02 1.700000000000000000e+01
1.085799999999999955e+03 6.000000000000000000e+02 1.700000000000000000e+01
1.086200000000000045e+03 5.990000000000000000e+02 1.700000000000000000e+01
1.086799999999999955e+03 5.982000000000000455e+02 1.700000000000000000e+01
1.087200000000000045e+03 5.973999999999999773e+02 1.700000000000000000e+01
1.087599999999999909e+03 5.966000000000000227e+02 1.700000000000000000e+01
1.088000000000000000e+03 5.960000000000000000e+02 1.700000000000000000e+01
1.088250000000000000e+03 5.957500000000000000e+02 1.700000000000000000e+01
