1.097400000000000091e+03 8.010000000000000000e+02 6.000000000000000000e+00
1.097000000000000000e+03 8.000000000000000000e+02 5.000000000000000000e+00
1.096599999999999909e+03 7.990000000000000000e+02 5.000000000000000000e+00
1.096400000000000091e+03 7.980000000000000000e+02 5.000000000000000000e+00
1.096200000000000045e+03 7.970000000000000000e+02 5.000000000000000000e+00
1.095799999999999955e+03 7.962000000000000455e+02 5.000000000000000000e+00
1.095599999999999909e+03 7.953999999999999773e+02 5.000000000000000000e+00
1.095400000000000091e+03 7.946000000000000227e+02 5.000000000000000000e+00
1.095200000000000045e+03 7.937999999999999545e+02 5.000000000000000000e+00
1.095000000000000000e+03 7.930000000000000000e+02 5.000000000000000000e+00
1.095000000000000000e+03 7.920000000000000000e+02 5.000000000000000000e+00
1.095000000000000000e+03 7.910000000000000000e+02 5.000000000000000000e+00
1.095000000000000000e+03 7.900000000000000000e+02 5.000000000000000000e+00
1.094799999999999955e+03 7.892000000000000455e+02 5.000000000000000000e+00
1.094599999999999909e+03 7.883999999999999773e+02 5.000000000000000000e+00
1.094400000000000091e+03 7.876000000000000227e+02 5.000000000000000000e+00
1.094200000000000045e+03 7.867999999999999545e+02 5.000000000000000000e+00
1.094000000000000000e+03 7.860000000000000000e+02 5.000000000000000000e+00
1.094000000000000000e+03 7.850000000000000000e+02 5.000000000000000000e+00
1.094000000000000000e+03 7.840000000000000000e+02 5.000000000000000000e+00
1.094000000000000000e+03 7.830000000000000000e+02 5.000000000000000000e+00
1.094000000000000000e+03 7.820000000000000000e+02 5.000000000000000000e+00
1.094000000000000000e+03 7.810000000000000000e+02 5.000000000000000000e+00
1.094000000000000000e+03 7.800000000000000000e+02 5.000000000000000000e+00
1.094000000000000000e+03 7.790000000000000000e+02 5.000000000000000000e+00
1.094200000000000045e+03 7.780000000000000000e+02 5.000000000000000000e+00
1.094400000000000091e+03 7.770000000000000000e+02 5.000000000000000000e+00
1.094599999999999909e+03 7.760000000000000000e+02 5.000000000000000000e+00
1.095000000000000000e+03 7.752000000000000455e+02 5.000000000000000000e+00
1.095400000000000091e+03 7.743999999999999773e+02 5.000000000000000000e+00
1.095599999999999909e+03 7.736000000000000227e+02 5.000000000000000000e+00
1.096000000000000000e+03 7.730000000000000000e+02 5.000000000000000000e+00
1.096400000000000091e+03 7.723999999999999773e+02 5.000000000000000000e+00
1.096799999999999955e+03 7.717999999999999545e+02 5.000000000000000000e+00
1.097200000000000045e+03 7.712000000000000455e+02 5.000000000000000000e+00
1.097799999999999955e+03 7.707999999999999545e+02 5.000000000000000000e+00
1.098400000000000091e+03 7.703999999999999773e+02 5.000000000000000000e+00
1.099000000000000000e+03 7.700000000000000000e+02 5.000000000000000000e+00
1.099599999999999909e+03 7.696000000000000227e+02 5.000000000000000000e+00
1.100400000000000091e+03 7.693999999999999773e+02 5.000000000000000000e+00
1.100750000000000000e+03 7.692500000000000000e+02 5.000000000000000000e+00
