4.533999999999999773e+02 1.053000000000000000e+03 6.000000000000000000e+00
4.530000000000000000e+02 1.054000000000000000e+03 6.000000000000000000e+00
4.526000000000000227e+02 1.055000000000000000e+03 6.000000000000000000e+00
4.523999999999999773e+02 1.056000000000000000e+03 6.000000000000000000e+00
4.520000000000000000e+02 1.056799999999999955e+03 6.000000000000000000e+00
4.516000000000000227e+02 1.057599999999999909e+03 6.000000000000000000e+00
4.513999999999999773e+02 1.058400000000000091e+03 6.000000000000000000e+00
4.511999999999999886e+02 1.059200000000000045e+03 6.000000000000000000e+00
4.510000000000000000e+02 1.060000000000000000e+03 6.000000000000000000e+00
4.511999999999999886e+02 1.060799999999999955e+03 6.000000000000000000e+00
4.513999999999999773e+02 1.061599999999999909e+03 6.000000000000000000e+00
4.518000000000000114e+02 1.062400000000000091e+03 6.000000000000000000e+00
4.523999999999999773e+02 1.063000000000000000e+03 6.000000000000000000e+00
4.530000000000000000e+02 1.063599999999999909e+03 6.000000000000000000e+00
4.536000000000000227e+02 1.064200000000000045e+03 6.000000000000000000e+00
4.543999999999999773e+02 1.064599999999999909e+03 6.000000000000000000e+00
4.551999999999999886e+02 1.064799999999999955e+03 6.000000000000000000e+00
4.560000000000000000e+02 1.065000000000000000e+03 6.000000000000000000e+00
4.570000000000000000e+02 1.065200000000000045e+03 6.000000000000000000e+00
4.580000000000000000e+02 1.065400000000000091e+03 6.000000000000000000e+00
4.590000000000000000e+02 1.065599999999999909e+03 6.000000000000000000e+00
4.600000000000000000e+02 1.065799999999999955e+03 6.000000000000000000e+00
4.610000000000000000e+02 1.066000000000000000e+03 6.000000000000000000e+00
4.618000000000000114e+02 1.065799999999999955e+03 6.000000000000000000e+00
4.626000000000000227e+02 1.065599999999999909e+03 6.000000000000000000e+00
4.633999999999999773e+02 1.065400000000000091e+03 6.000000000000000000e+00
4.641999999999999886e+02 1.065200000000000045e+03 6.000000000000000000e+00
4.650000000000000000e+02 1.065000000000000000e+03 6.000000000000000000e+00
4.660000000000000000e+02 1.065000000000000000e+03 6.000000000000000000e+00
4.670000000000000000e+02 1.065000000000000000e+03 6.000000000000000000e+00
4.680000000000000000e+02 1.065000000000000000e+03 6.000000000000000000e+00
4.690000000000000000e+02 1.065000000000000000e+03 6.000000000000000000e+00
4.700000000000000000e+02 1.065000000000000000e+03 6.000000000000000000e+00
4.710000000000000000e+02 1.065000000000000000e+03 6.000000000000000000e+00
4.720000000000000000e+02 1.065000000000000000e+03 6.000000000000000000e+00
4.730000000000000000e+02 1.065000000000000000e+03 6.000000000000000000e+00
4.740000000000000000e+02 1.065000000000000000e+03 6.000000000000000000e+00
4.750000000000000000e+02 1.065000000000000000e+03 6.000000000000000000e+00
4.760000000000000000e+02 1.065000000000000000e+03 6.000000000000000000e+00
4.770000000000000000e+02 1.065000000000000000e+03 6.000000000000000000e+00
4.780000000000000000e+02 1.064799999999999955e+03 6.000000000000000000e+00
4.790000000000000000e+02 1.064599999999999909e+03 6.000000000000000000e+00
4.800000000000000000e+02 1.064400000000000091e+03 6.000000000000000000e+00
4.810000000000000000e+02 1.064000000000000000e+03 6.000000000000000000e+00
4.820000000000000000e+02 1.063599999999999909e+03 6.000000000000000000e+00
4.828000000000000114e+02 1.063200000000000045e+03 6.000000000000000000e+00
4.836000000000000227e+02 1.062799999999999955e+03 6.000000000000000000e+00
4.843999999999999773e+02 1.062400000000000091e+03 6.000000000000000000e+00
4.850000000000000000e+02 1.062000000000000000e+03 6.000000000000000000e+00
4.856000000000000227e+02 1.061599999999999909e+03 6.000000000000000000e+00
4.861999999999999886e+02 1.061200000000000045e+03 6.000000000000000000e+00
4.868000000000000114e+02 1.060799999999999955e+03 6.000000000000000000e+00
4.873999999999999773e+02 1.060400000000000091e+03 6.000000000000000000e+00
4.881999999999999886e+02 1.060200000000000045e+03 6.000000000000000000e+00
4.890000000000000000e+02 1.060000000000000000e+03 6.000000000000000000e+00
4.900000000000000000e+02 1.060000000000000000e+03 6.000000000000000000e+00
4.910000000000000000e+02 1.060000000000000000e+03 6.000000000000000000e+00
4.920000000000000000e+02 1.060000000000000000e+03 6.000000000000000000e+00
4.930000000000000000e+02 1.060000000000000000e+03 6.000000000000000000e+00
4.938000000000000114e+02 1.060200000000000045e+03 6.000000000000000000e+00
4.946000000000000227e+02 1.060400000000000091e+03 6.000000000000000000e+00
4.953999999999999773e+02 1.060599999999999909e+03 6.000000000000000000e+00
4.961999999999999886e+02 1.060799999999999955e+03 6.000000000000000000e+00
4.970000000000000000e+02 1.061000000000000000e+03 6.000000000000000000e+00
4.980000000000000000e+02 1.061000000000000000e+03 6.000000000000000000e+00
4.990000000000000000e+02 1.061000000000000000e+03 6.000000000000000000e+00
5.000000000000000000e+02 1.061000000000000000e+03 6.000000000000000000e+00
5.010000000000000000e+02 1.061000000000000000e+03 6.000000000000000000e+00
5.020000000000000000e+02 1.061000000000000000e+03 6.000000000000000000e+00
5.030000000000000000e+02 1.061000000000000000e+03 6.000000000000000000e+00
5.040000000000000000e+02 1.061000000000000000e+03 6.000000000000000000e+00
5.048000000000000114e+02 1.060799999999999955e+03 6.000000000000000000e+00
5.056000000000000227e+02 1.060599999999999909e+03 6.000000000000000000e+00
5.063999999999999773e+02 1.060400000000000091e+03 6.000000000000000000e+00
5.071999999999999886e+02 1.060200000000000045e+03 6.000000000000000000e+00
5.080000000000000000e+02 1.060000000000000000e+03 6.000000000000000000e+00
5.090000000000000000e+02 1.059799999999999955e+03 6.000000000000000000e+00
5.100000000000000000e+02 1.059599999999999909e+03 6.000000000000000000e+00
5.110000000000000000e+02 1.059400000000000091e+03 6.000000000000000000e+00
5.120000000000000000e+02 1.059200000000000045e+03 6.000000000000000000e+00
5.127999999999999545e+02 1.058799999999999955e+03 6.000000000000000000e+00
5.136000000000000227e+02 1.058599999999999909e+03 6.000000000000000000e+00
5.143999999999999773e+02 1.058400000000000091e+03 6.000000000000000000e+00
5.152000000000000455e+02 1.058200000000000045e+03 6.000000000000000000e+00
5.155000000000000000e+02 1.058000000000000000e+03 6.000000000000000000e+00
