2.931999999999999886e+02 3.886000000000000227e+02 4.000000000000000000e+00
2.938000000000000114e+02 3.893999999999999773e+02 4.000000000000000000e+00
2.941999999999999886e+02 3.901999999999999886e+02 4.000000000000000000e+00
2.948000000000000114e+02 3.910000000000000000e+02 5.000000000000000000e+00
2.951999999999999886e+02 3.920000000000000000e+02 5.000000000000000000e+00
2.958000000000000114e+02 3.928000000000000114e+02 5.000000000000000000e+00
2.961999999999999886e+02 3.936000000000000227e+02 5.000000000000000000e+00
2.968000000000000114e+02 3.941999999999999886e+02 5.000000000000000000e+00
2.971999999999999886e+02 3.948000000000000114e+02 5.000000000000000000e+00
2.978000000000000114e+02 3.953999999999999773e+02 5.000000000000000000e+00
2.981999999999999886e+02 3.961999999999999886e+02 5.000000000000000000e+00
2.988000000000000114e+02 3.968000000000000114e+02 5.000000000000000000e+00
2.991999999999999886e+02 3.976000000000000227e+02 5.000000000000000000e+00
2.998000000000000114e+02 3.983999999999999773e+02 5.000000000000000000e+00
3.003999999999999773e+02 3.991999999999999886e+02 5.000000000000000000e+00
3.010000000000000000e+02 4.000000000000000000e+02 5.000000000000000000e+00
3.016000000000000227e+02 4.008000000000000114e+02 5.000000000000000000e+00
3.021999999999999886e+02 4.016000000000000227e+02 5.000000000000000000e+00
3.028000000000000114e+02 4.023999999999999773e+02 5.000000000000000000e+00
3.033999999999999773e+02 4.031999999999999886e+02 5.000000000000000000e+00
3.040000000000000000e+02 4.040000000000000000e+02 5.000000000000000000e+00
3.046000000000000227e+02 4.048000000000000114e+02 5.000000000000000000e+00
3.050000000000000000e+02 4.052500000000000000e+02 5.000000000000000000e+00
