7.522000000000000455e+02 1.127599999999999909e+03 1.800000000000000000e+01
7.526000000000000227e+02 1.128400000000000091e+03 1.800000000000000000e+01
7.530000000000000000e+02 1.129000000000000000e+03 1.800000000000000000e+01
7.533999999999999773e+02 1.129599999999999909e+03 1.800000000000000000e+01
7.537999999999999545e+02 1.130200000000000045e+03 1.800000000000000000e+01
7.542000000000000455e+02 1.130799999999999955e+03 1.800000000000000000e+01
7.547999999999999545e+02 1.131400000000000091e+03 1.800000000000000000e+01
7.552000000000000455e+02 1.132200000000000045e+03 1.800000000000000000e+01
7.557999999999999545e+02 1.132799999999999955e+03 1.800000000000000000e+01
7.562000000000000455e+02 1.133599999999999909e+03 1.800000000000000000e+01
7.567999999999999545e+02 1.134400000000000091e+03 1.800000000000000000e+01
7.573999999999999773e+02 1.135200000000000045e+03 1.800000000000000000e+01
7.580000000000000000e+02 1.136000000000000000e+03 1.800000000000000000e+01
7.586000000000000227e+02 1.136799999999999955e+03 1.800000000000000000e+01
7.592000000000000455e+02 1.137599999999999909e+03 1.800000000000000000e+01
7.597999999999999545e+02 1.138200000000000045e+03 1.800000000000000000e+01
7.602000000000000455e+02 1.138799999999999955e+03 1.800000000000000000e+01
7.607999999999999545e+02 1.139400000000000091e+03 1.800000000000000000e+01
7.612000000000000455e+02 1.140000000000000000e+03 1.800000000000000000e+01
7.616000000000000227e+02 1.140599999999999909e+03 1.700000000000000000e+01
7.617999999999999545e+02 1.141400000000000091e+03 1.700000000000000000e+01
7.620000000000000000e+02 1.142200000000000045e+03 1.700000000000000000e+01
7.620000000000000000e+02 1.143000000000000000e+03 1.700000000000000000e+01
7.620000000000000000e+02 1.144000000000000000e+03 1.700000000000000000e+01
7.622000000000000455e+02 1.144799999999999955e+03 1.700000000000000000e+01
7.623999999999999773e+02 1.145599999999999909e+03 1.700000000000000000e+01
7.626000000000000227e+02 1.146400000000000091e+03 1.700000000000000000e+01
7.627999999999999545e+02 1.147200000000000045e+03 1.700000000000000000e+01
7.630000000000000000e+02 1.148000000000000000e+03 1.700000000000000000e+01
7.630000000000000000e+02 1.148799999999999955e+03 1.700000000000000000e+01
7.632000000000000455e+02 1.149400000000000091e+03 1.600000000000000000e+01
7.633999999999999773e+02 1.150000000000000000e+03 1.600000000000000000e+01
7.636000000000000227e+02 1.150599999999999909e+03 1.600000000000000000e+01
7.640000000000000000e+02 1.151000000000000000e+03 1.600000000000000000e+01
7.643999999999999773e+02 1.151599999999999909e+03 1.600000000000000000e+01
7.647999999999999545e+02 1.152400000000000091e+03 1.600000000000000000e+01
7.653999999999999773e+02 1.153000000000000000e+03 1.600000000000000000e+01
7.660000000000000000e+02 1.153599999999999909e+03 1.600000000000000000e+01
7.666000000000000227e+02 1.154200000000000045e+03 1.600000000000000000e+01
7.673999999999999773e+02 1.154599999999999909e+03 1.600000000000000000e+01
7.682000000000000455e+02 1.154799999999999955e+03 1.600000000000000000e+01
7.690000000000000000e+02 1.155000000000000000e+03 1.600000000000000000e+01
7.700000000000000000e+02 1.155000000000000000e+03 1.600000000000000000e+01
7.710000000000000000e+02 1.155000000000000000e+03 1.600000000000000000e+01
7.720000000000000000e+02 1.155000000000000000e+03 1.600000000000000000e+01
7.730000000000000000e+02 1.155000000000000000e+03 1.600000000000000000e+01
7.737999999999999545e+02 1.154799999999999955e+03 1.600000000000000000e+01
7.746000000000000227e+02 1.154599999999999909e+03 1.600000000000000000e+01
7.752000000000000455e+02 1.154400000000000091e+03 1.700000000000000000e+01
7.757999999999999545e+02 1.154000000000000000e+03 1.600000000000000000e+01
7.763999999999999773e+02 1.153599999999999909e+03 1.700000000000000000e+01
7.770000000000000000e+02 1.153200000000000045e+03 1.700000000000000000e+01
7.776000000000000227e+02 1.152799999999999955e+03 1.700000000000000000e+01
7.783999999999999773e+02 1.152400000000000091e+03 1.700000000000000000e+01
7.790000000000000000e+02 1.152000000000000000e+03 1.700000000000000000e+01
7.796000000000000227e+02 1.151599999999999909e+03 1.700000000000000000e+01
7.803999999999999773e+02 1.151400000000000091e+03 1.700000000000000000e+01
7.810000000000000000e+02 1.151000000000000000e+03 1.700000000000000000e+01
7.816000000000000227e+02 1.150599999999999909e+03 1.700000000000000000e+01
7.823999999999999773e+02 1.150400000000000091e+03 1.700000000000000000e+01
7.832000000000000455e+02 1.150200000000000045e+03 1.700000000000000000e+01
7.837999999999999545e+02 1.150200000000000045e+03 1.700000000000000000e+01
7.846000000000000227e+02 1.150400000000000091e+03 1.700000000000000000e+01
7.853999999999999773e+02 1.150599999999999909e+03 1.700000000000000000e+01
7.862000000000000455e+02 1.151000000000000000e+03 1.700000000000000000e+01
7.870000000000000000e+02 1.151400000000000091e+03 1.700000000000000000e+01
7.877999999999999545e+02 1.151799999999999955e+03 1.700000000000000000e+01
7.886000000000000227e+02 1.152200000000000045e+03 1.700000000000000000e+01
7.892000000000000455e+02 1.152799999999999955e+03 1.700000000000000000e+01
7.897999999999999545e+02 1.153200000000000045e+03 1.700000000000000000e+01
7.902000000000000455e+02 1.153799999999999955e+03 1.700000000000000000e+01
7.907999999999999545e+02 1.154200000000000045e+03 1.700000000000000000e+01
7.912000000000000455e+02 1.154799999999999955e+03 1.700000000000000000e+01
7.917999999999999545e+02 1.155200000000000045e+03 1.700000000000000000e+01
7.922000000000000455e+02 1.155799999999999955e+03 1.700000000000000000e+01
7.927999999999999545e+02 1.156200000000000045e+03 1.700000000000000000e+01
7.933999999999999773e+02 1.156599999999999909e+03 1.700000000000000000e+01
7.942000000000000455e+02 1.156799999999999955e+03 1.700000000000000000e+01
7.950000000000000000e+02 1.157000000000000000e+03 1.700000000000000000e+01
7.957999999999999545e+02 1.156799999999999955e+03 1.700000000000000000e+01
7.966000000000000227e+02 1.156599999999999909e+03 1.700000000000000000e+01
7.973999999999999773e+02 1.156400000000000091e+03 1.700000000000000000e+01
7.982000000000000455e+02 1.156200000000000045e+03 1.700000000000000000e+01
7.987999999999999545e+02 1.155799999999999955e+03 1.700000000000000000e+01
7.996000000000000227e+02 1.155599999999999909e+03 1.700000000000000000e+01
8.003999999999999773e+02 1.155400000000000091e+03 1.700000000000000000e+01
8.010000000000000000e+02 1.155000000000000000e+03 1.700000000000000000e+01
8.016000000000000227e+02 1.154599999999999909e+03 1.600000000000000000e+01
8.023999999999999773e+02 1.154400000000000091e+03 1.600000000000000000e+01
8.030000000000000000e+02 1.154000000000000000e+03 1.600000000000000000e+01
8.036000000000000227e+02 1.153599999999999909e+03 1.600000000000000000e+01
8.043999999999999773e+02 1.153200000000000045e+03 1.600000000000000000e+01
8.052000000000000455e+02 1.152799999999999955e+03 1.600000000000000000e+01
8.057999999999999545e+02 1.152200000000000045e+03 1.600000000000000000e+01
8.066000000000000227e+02 1.151799999999999955e+03 1.600000000000000000e+01
8.072000000000000455e+02 1.151200000000000045e+03 1.600000000000000000e+01
8.077999999999999545e+02 1.150799999999999955e+03 1.600000000000000000e+01
8.083999999999999773e+02 1.150400000000000091e+03 1.600000000000000000e+01
8.090000000000000000e+02 1.150000000000000000e+03 1.600000000000000000e+01
8.096000000000000227e+02 1.149599999999999909e+03 1.600000000000000000e+01
8.103999999999999773e+02 1.149200000000000045e+03 1.600000000000000000e+01
8.112000000000000455e+02 1.148799999999999955e+03 1.600000000000000000e+01
8.117999999999999545e+02 1.148200000000000045e+03 1.600000000000000000e+01
8.126000000000000227e+02 1.147799999999999955e+03 1.600000000000000000e+01
8.133999999999999773e+02 1.147400000000000091e+03 1.600000000000000000e+01
8.140000000000000000e+02 1.147000000000000000e+03 1.600000000000000000e+01
8.146000000000000227e+02 1.146599999999999909e+03 1.600000000000000000e+01
8.153999999999999773e+02 1.146400000000000091e+03 1.600000000000000000e+01
8.162000000000000455e+02 1.146000000000000000e+03 1.600000000000000000e+01
8.170000000000000000e+02 1.145599999999999909e+03 1.600000000000000000e+01
8.180000000000000000e+02 1.145400000000000091e+03 1.600000000000000000e+01
8.190000000000000000e+02 1.145000000000000000e+03 1.600000000000000000e+01
8.200000000000000000e+02 1.144599999999999909e+03 1.600000000000000000e+01
8.210000000000000000e+02 1.144400000000000091e+03 1.600000000000000000e+01
8.220000000000000000e+02 1.144400000000000091e+03 1.600000000000000000e+01
8.230000000000000000e+02 1.144400000000000091e+03 1.600000000000000000e+01
8.240000000000000000e+02 1.144599999999999909e+03 1.600000000000000000e+01
8.247999999999999545e+02 1.145000000000000000e+03 1.600000000000000000e+01
8.256000000000000227e+02 1.145400000000000091e+03 1.600000000000000000e+01
8.263999999999999773e+02 1.145599999999999909e+03 1.600000000000000000e+01
8.270000000000000000e+02 1.146000000000000000e+03 1.600000000000000000e+01
8.276000000000000227e+02 1.146400000000000091e+03 1.600000000000000000e+01
8.283999999999999773e+02 1.146799999999999955e+03 1.600000000000000000e+01
8.292000000000000455e+02 1.147200000000000045e+03 1.600000000000000000e+01
8.297999999999999545e+02 1.147799999999999955e+03 1.600000000000000000e+01
8.306000000000000227e+02 1.148200000000000045e+03 1.600000000000000000e+01
8.312000000000000455e+02 1.148799999999999955e+03 1.600000000000000000e+01
8.317999999999999545e+02 1.149200000000000045e+03 1.600000000000000000e+01
8.322000000000000455e+02 1.149799999999999955e+03 1.600000000000000000e+01
8.327999999999999545e+02 1.150200000000000045e+03 1.600000000000000000e+01
8.332000000000000455e+02 1.150799999999999955e+03 1.600000000000000000e+01
8.337999999999999545e+02 1.151200000000000045e+03 1.600000000000000000e+01
8.343999999999999773e+02 1.151599999999999909e+03 1.600000000000000000e+01
8.350000000000000000e+02 1.152000000000000000e+03 1.600000000000000000e+01
8.356000000000000227e+02 1.152400000000000091e+03 1.500000000000000000e+01
8.362000000000000455e+02 1.152799999999999955e+03 1.500000000000000000e+01
8.367999999999999545e+02 1.153200000000000045e+03 1.500000000000000000e+01
8.372000000000000455e+02 1.153799999999999955e+03 1.500000000000000000e+01
8.377999999999999545e+02 1.154200000000000045e+03 1.500000000000000000e+01
8.382000000000000455e+02 1.154799999999999955e+03 1.500000000000000000e+01
8.387999999999999545e+02 1.155200000000000045e+03 1.500000000000000000e+01
8.392000000000000455e+02 1.155799999999999955e+03 1.500000000000000000e+01
8.397999999999999545e+02 1.156200000000000045e+03 1.500000000000000000e+01
8.402000000000000455e+02 1.156799999999999955e+03 1.500000000000000000e+01
8.407999999999999545e+02 1.157200000000000045e+03 1.500000000000000000e+01
8.412000000000000455e+02 1.157799999999999955e+03 1.500000000000000000e+01
8.417999999999999545e+02 1.158200000000000045e+03 1.500000000000000000e+01
8.422000000000000455e+02 1.158799999999999955e+03 1.500000000000000000e+01
8.427999999999999545e+02 1.159200000000000045e+03 1.500000000000000000e+01
8.432000000000000455e+02 1.159799999999999955e+03 1.500000000000000000e+01
8.436000000000000227e+02 1.160400000000000091e+03 1.500000000000000000e+01
8.440000000000000000e+02 1.161000000000000000e+03 1.500000000000000000e+01
8.443999999999999773e+02 1.161599999999999909e+03 1.500000000000000000e+01
8.446000000000000227e+02 1.162400000000000091e+03 1.500000000000000000e+01
8.450000000000000000e+02 1.163000000000000000e+03 1.500000000000000000e+01
8.453999999999999773e+02 1.163599999999999909e+03 1.500000000000000000e+01
8.456000000000000227e+02 1.164400000000000091e+03 1.500000000000000000e+01
8.460000000000000000e+02 1.165200000000000045e+03 1.500000000000000000e+01
8.463999999999999773e+02 1.166000000000000000e+03 1.500000000000000000e+01
8.466000000000000227e+02 1.167000000000000000e+03 1.500000000000000000e+01
8.470000000000000000e+02 1.168000000000000000e+03 1.500000000000000000e+01
8.473999999999999773e+02 1.169000000000000000e+03 1.500000000000000000e+01
8.477999999999999545e+02 1.169799999999999955e+03 1.500000000000000000e+01
8.482000000000000455e+02 1.170599999999999909e+03 1.500000000000000000e+01
8.486000000000000227e+02 1.171400000000000091e+03 1.500000000000000000e+01
8.490000000000000000e+02 1.172000000000000000e+03 1.500000000000000000e+01
8.493999999999999773e+02 1.172599999999999909e+03 1.500000000000000000e+01
8.497999999999999545e+02 1.173200000000000045e+03 1.600000000000000000e+01
8.502000000000000455e+02 1.173799999999999955e+03 1.600000000000000000e+01
8.507999999999999545e+02 1.174200000000000045e+03 1.600000000000000000e+01
8.513999999999999773e+02 1.174799999999999955e+03 1.600000000000000000e+01
8.522000000000000455e+02 1.175200000000000045e+03 1.600000000000000000e+01
8.530000000000000000e+02 1.175799999999999955e+03 1.600000000000000000e+01
8.540000000000000000e+02 1.176200000000000045e+03 1.600000000000000000e+01
8.550000000000000000e+02 1.176599999999999909e+03 1.600000000000000000e+01
8.557999999999999545e+02 1.176799999999999955e+03 1.600000000000000000e+01
8.566000000000000227e+02 1.177000000000000000e+03 1.700000000000000000e+01
8.573999999999999773e+02 1.177000000000000000e+03 1.700000000000000000e+01
8.580000000000000000e+02 1.176799999999999955e+03 1.700000000000000000e+01
8.586000000000000227e+02 1.176599999999999909e+03 1.700000000000000000e+01
8.593999999999999773e+02 1.176400000000000091e+03 1.700000000000000000e+01
8.597500000000000000e+02 1.176250000000000000e+03 1.700000000000000000e+01
