8.723999999999999773e+02 1.171599999999999909e+03 1.600000000000000000e+01
8.727999999999999545e+02 1.172200000000000045e+03 1.600000000000000000e+01
8.732000000000000455e+02 1.172799999999999955e+03 1.600000000000000000e+01
8.737999999999999545e+02 1.173400000000000091e+03 1.600000000000000000e+01
8.742000000000000455e+02 1.174200000000000045e+03 1.600000000000000000e+01
8.747999999999999545e+02 1.174799999999999955e+03 1.600000000000000000e+01
8.752000000000000455e+02 1.175599999999999909e+03 1.600000000000000000e+01
8.757999999999999545e+02 1.176200000000000045e+03 1.600000000000000000e+01
8.762000000000000455e+02 1.176799999999999955e+03 1.600000000000000000e+01
8.767999999999999545e+02 1.177200000000000045e+03 1.600000000000000000e+01
8.773999999999999773e+02 1.177599999999999909e+03 1.600000000000000000e+01
8.780000000000000000e+02 1.178000000000000000e+03 1.600000000000000000e+01
8.786000000000000227e+02 1.178400000000000091e+03 1.600000000000000000e+01
8.793999999999999773e+02 1.178599999999999909e+03 1.600000000000000000e+01
8.802000000000000455e+02 1.178799999999999955e+03 1.600000000000000000e+01
8.810000000000000000e+02 1.179000000000000000e+03 1.600000000000000000e+01
8.820000000000000000e+02 1.179000000000000000e+03 1.600000000000000000e+01
8.830000000000000000e+02 1.179000000000000000e+03 1.600000000000000000e+01
8.840000000000000000e+02 1.179000000000000000e+03 1.600000000000000000e+01
8.850000000000000000e+02 1.179000000000000000e+03 1.600000000000000000e+01
8.860000000000000000e+02 1.179000000000000000e+03 1.600000000000000000e+01
8.870000000000000000e+02 1.179000000000000000e+03 1.500000000000000000e+01
8.880000000000000000e+02 1.179000000000000000e+03 1.500000000000000000e+01
8.890000000000000000e+02 1.179000000000000000e+03 1.500000000000000000e+01
8.897999999999999545e+02 1.179200000000000045e+03 1.500000000000000000e+01
8.906000000000000227e+02 1.179400000000000091e+03 1.500000000000000000e+01
8.912000000000000455e+02 1.179599999999999909e+03 1.500000000000000000e+01
8.917999999999999545e+02 1.179799999999999955e+03 1.400000000000000000e+01
8.922000000000000455e+02 1.180200000000000045e+03 1.400000000000000000e+01
8.927999999999999545e+02 1.180400000000000091e+03 1.400000000000000000e+01
8.932000000000000455e+02 1.180799999999999955e+03 1.400000000000000000e+01
8.937999999999999545e+02 1.181200000000000045e+03 1.400000000000000000e+01
8.942000000000000455e+02 1.181799999999999955e+03 1.400000000000000000e+01
8.946000000000000227e+02 1.182400000000000091e+03 1.400000000000000000e+01
8.950000000000000000e+02 1.183000000000000000e+03 1.400000000000000000e+01
8.953999999999999773e+02 1.183599999999999909e+03 1.400000000000000000e+01
8.956000000000000227e+02 1.184400000000000091e+03 1.400000000000000000e+01
8.960000000000000000e+02 1.185000000000000000e+03 1.400000000000000000e+01
8.963999999999999773e+02 1.185599999999999909e+03 1.300000000000000000e+01
8.966000000000000227e+02 1.186400000000000091e+03 1.300000000000000000e+01
8.967999999999999545e+02 1.187200000000000045e+03 1.300000000000000000e+01
8.972000000000000455e+02 1.187799999999999955e+03 1.300000000000000000e+01
8.973999999999999773e+02 1.188599999999999909e+03 1.300000000000000000e+01
8.976000000000000227e+02 1.189400000000000091e+03 1.300000000000000000e+01
8.980000000000000000e+02 1.190200000000000045e+03 1.300000000000000000e+01
8.983999999999999773e+02 1.191000000000000000e+03 1.300000000000000000e+01
8.986000000000000227e+02 1.192000000000000000e+03 1.300000000000000000e+01
8.990000000000000000e+02 1.192799999999999955e+03 1.300000000000000000e+01
8.993999999999999773e+02 1.193599999999999909e+03 1.300000000000000000e+01
8.996000000000000227e+02 1.194400000000000091e+03 1.300000000000000000e+01
9.000000000000000000e+02 1.195000000000000000e+03 1.300000000000000000e+01
9.003999999999999773e+02 1.195599999999999909e+03 1.300000000000000000e+01
9.006000000000000227e+02 1.196400000000000091e+03 1.300000000000000000e+01
9.010000000000000000e+02 1.197200000000000045e+03 1.300000000000000000e+01
9.013999999999999773e+02 1.198000000000000000e+03 1.300000000000000000e+01
9.017999999999999545e+02 1.198799999999999955e+03 1.300000000000000000e+01
9.022000000000000455e+02 1.199599999999999909e+03 1.300000000000000000e+01
9.026000000000000227e+02 1.200400000000000091e+03 1.300000000000000000e+01
9.030000000000000000e+02 1.201000000000000000e+03 1.300000000000000000e+01
9.033999999999999773e+02 1.201599999999999909e+03 1.300000000000000000e+01
9.037999999999999545e+02 1.202400000000000091e+03 1.300000000000000000e+01
9.042000000000000455e+02 1.203200000000000045e+03 1.300000000000000000e+01
9.047999999999999545e+02 1.203799999999999955e+03 1.300000000000000000e+01
9.052000000000000455e+02 1.204599999999999909e+03 1.300000000000000000e+01
9.057999999999999545e+02 1.205400000000000091e+03 1.300000000000000000e+01
9.062000000000000455e+02 1.206200000000000045e+03 1.300000000000000000e+01
9.067999999999999545e+02 1.206799999999999955e+03 1.300000000000000000e+01
9.072000000000000455e+02 1.207599999999999909e+03 1.300000000000000000e+01
9.077999999999999545e+02 1.208400000000000091e+03 1.300000000000000000e+01
9.082000000000000455e+02 1.209200000000000045e+03 1.300000000000000000e+01
9.087999999999999545e+02 1.209799999999999955e+03 1.300000000000000000e+01
9.090000000000000000e+02 1.210250000000000000e+03 1.300000000000000000e+01
