8.030000000000000000e+02 7.320000000000000000e+02 1.600000000000000000e+01
8.030000000000000000e+02 7.330000000000000000e+02 1.600000000000000000e+01
8.027999999999999545e+02 7.337999999999999545e+02 1.600000000000000000e+01
8.026000000000000227e+02 7.346000000000000227e+02 1.600000000000000000e+01
8.023999999999999773e+02 7.353999999999999773e+02 1.600000000000000000e+01
8.022000000000000455e+02 7.362000000000000455e+02 1.600000000000000000e+01
8.020000000000000000e+02 7.370000000000000000e+02 1.600000000000000000e+01
8.020000000000000000e+02 7.380000000000000000e+02 1.600000000000000000e+01
8.020000000000000000e+02 7.390000000000000000e+02 1.600000000000000000e+01
8.020000000000000000e+02 7.400000000000000000e+02 1.600000000000000000e+01
8.017999999999999545e+02 7.407999999999999545e+02 1.600000000000000000e+01
8.016000000000000227e+02 7.416000000000000227e+02 1.600000000000000000e+01
8.013999999999999773e+02 7.423999999999999773e+02 1.600000000000000000e+01
8.012000000000000455e+02 7.432000000000000455e+02 1.600000000000000000e+01
8.010000000000000000e+02 7.440000000000000000e+02 1.600000000000000000e+01
8.007999999999999545e+02 7.447999999999999545e+02 1.600000000000000000e+01
8.006000000000000227e+02 7.456000000000000227e+02 1.600000000000000000e+01
8.003999999999999773e+02 7.463999999999999773e+02 1.600000000000000000e+01
8.002000000000000455e+02 7.472000000000000455e+02 1.600000000000000000e+01
8.000000000000000000e+02 7.480000000000000000e+02 1.600000000000000000e+01
8.000000000000000000e+02 7.487999999999999545e+02 1.600000000000000000e+01
8.000000000000000000e+02 7.496000000000000227e+02 1.700000000000000000e+01
8.000000000000000000e+02 7.503999999999999773e+02 1.700000000000000000e+01
8.000000000000000000e+02 7.512000000000000455e+02 1.700000000000000000e+01
8.000000000000000000e+02 7.520000000000000000e+02 1.700000000000000000e+01
8.000000000000000000e+02 7.530000000000000000e+02 1.700000000000000000e+01
8.000000000000000000e+02 7.540000000000000000e+02 1.700000000000000000e+01
8.000000000000000000e+02 7.550000000000000000e+02 1.700000000000000000e+01
8.000000000000000000e+02 7.562000000000000455e+02 1.700000000000000000e+01
7.997999999999999545e+02 7.572000000000000455e+02 1.700000000000000000e+01
7.996000000000000227e+02 7.582000000000000455e+02 1.700000000000000000e+01
7.993999999999999773e+02 7.592000000000000455e+02 1.700000000000000000e+01
7.992000000000000455e+02 7.602000000000000455e+02 1.700000000000000000e+01
7.990000000000000000e+02 7.605000000000000000e+02 1.700000000000000000e+01
