4.388000000000000114e+02 1.283599999999999909e+03 1.600000000000000000e+01
4.396000000000000227e+02 1.284200000000000045e+03 1.600000000000000000e+01
4.401999999999999886e+02 1.284799999999999955e+03 1.600000000000000000e+01
4.408000000000000114e+02 1.285200000000000045e+03 1.600000000000000000e+01
4.411999999999999886e+02 1.285799999999999955e+03 1.600000000000000000e+01
4.418000000000000114e+02 1.286200000000000045e+03 1.600000000000000000e+01
4.423999999999999773e+02 1.286799999999999955e+03 1.600000000000000000e+01
4.431999999999999886e+02 1.287200000000000045e+03 1.600000000000000000e+01
4.438000000000000114e+02 1.287799999999999955e+03 1.600000000000000000e+01
4.446000000000000227e+02 1.288200000000000045e+03 1.600000000000000000e+01
4.451999999999999886e+02 1.288799999999999955e+03 1.600000000000000000e+01
4.458000000000000114e+02 1.289200000000000045e+03 1.600000000000000000e+01
4.463999999999999773e+02 1.289799999999999955e+03 1.600000000000000000e+01
4.471999999999999886e+02 1.290200000000000045e+03 1.600000000000000000e+01
4.478000000000000114e+02 1.290799999999999955e+03 1.600000000000000000e+01
4.486000000000000227e+02 1.291200000000000045e+03 1.600000000000000000e+01
4.493999999999999773e+02 1.291799999999999955e+03 1.600000000000000000e+01
4.501999999999999886e+02 1.292200000000000045e+03 1.600000000000000000e+01
4.510000000000000000e+02 1.292799999999999955e+03 1.600000000000000000e+01
4.520000000000000000e+02 1.293200000000000045e+03 1.600000000000000000e+01
4.528000000000000114e+02 1.293799999999999955e+03 1.600000000000000000e+01
4.536000000000000227e+02 1.294200000000000045e+03 1.600000000000000000e+01
4.543999999999999773e+02 1.294599999999999909e+03 1.600000000000000000e+01
4.551999999999999886e+02 1.295000000000000000e+03 1.600000000000000000e+01
4.560000000000000000e+02 1.295400000000000091e+03 1.600000000000000000e+01
4.570000000000000000e+02 1.295799999999999955e+03 1.600000000000000000e+01
4.580000000000000000e+02 1.296200000000000045e+03 1.600000000000000000e+01
4.590000000000000000e+02 1.296799999999999955e+03 1.600000000000000000e+01
4.600000000000000000e+02 1.297200000000000045e+03 1.600000000000000000e+01
4.610000000000000000e+02 1.297599999999999909e+03 1.600000000000000000e+01
4.618000000000000114e+02 1.298000000000000000e+03 1.600000000000000000e+01
4.628000000000000114e+02 1.298400000000000091e+03 1.600000000000000000e+01
4.638000000000000114e+02 1.298599999999999909e+03 1.600000000000000000e+01
4.646000000000000227e+02 1.298599999999999909e+03 1.600000000000000000e+01
4.653999999999999773e+02 1.298599999999999909e+03 1.600000000000000000e+01
4.663999999999999773e+02 1.298400000000000091e+03 1.600000000000000000e+01
4.671999999999999886e+02 1.298200000000000045e+03 1.600000000000000000e+01
4.680000000000000000e+02 1.298000000000000000e+03 1.600000000000000000e+01
4.688000000000000114e+02 1.298200000000000045e+03 1.600000000000000000e+01
4.696000000000000227e+02 1.298400000000000091e+03 1.600000000000000000e+01
4.703999999999999773e+02 1.298599999999999909e+03 1.600000000000000000e+01
4.710000000000000000e+02 1.299000000000000000e+03 1.600000000000000000e+01
4.716000000000000227e+02 1.299400000000000091e+03 1.600000000000000000e+01
4.721999999999999886e+02 1.299799999999999955e+03 1.600000000000000000e+01
4.728000000000000114e+02 1.300200000000000045e+03 1.600000000000000000e+01
4.731999999999999886e+02 1.300799999999999955e+03 1.600000000000000000e+01
4.738000000000000114e+02 1.301200000000000045e+03 1.600000000000000000e+01
4.743999999999999773e+02 1.301799999999999955e+03 1.600000000000000000e+01
4.750000000000000000e+02 1.302400000000000091e+03 1.600000000000000000e+01
4.756000000000000227e+02 1.303000000000000000e+03 1.600000000000000000e+01
4.761999999999999886e+02 1.303599999999999909e+03 1.600000000000000000e+01
4.768000000000000114e+02 1.304200000000000045e+03 1.600000000000000000e+01
4.771999999999999886e+02 1.304799999999999955e+03 1.600000000000000000e+01
4.778000000000000114e+02 1.305200000000000045e+03 1.600000000000000000e+01
4.781999999999999886e+02 1.305799999999999955e+03 1.600000000000000000e+01
4.788000000000000114e+02 1.306200000000000045e+03 1.600000000000000000e+01
4.791999999999999886e+02 1.306799999999999955e+03 1.600000000000000000e+01
4.798000000000000114e+02 1.307200000000000045e+03 1.600000000000000000e+01
4.801999999999999886e+02 1.307799999999999955e+03 1.600000000000000000e+01
4.808000000000000114e+02 1.308200000000000045e+03 1.600000000000000000e+01
4.813999999999999773e+02 1.308799999999999955e+03 1.600000000000000000e+01
4.821999999999999886e+02 1.309400000000000091e+03 1.600000000000000000e+01
4.830000000000000000e+02 1.310000000000000000e+03 1.600000000000000000e+01
4.838000000000000114e+02 1.310599999999999909e+03 1.600000000000000000e+01
4.846000000000000227e+02 1.311200000000000045e+03 1.600000000000000000e+01
4.850000000000000000e+02 1.311500000000000000e+03 1.600000000000000000e+01
