5.863999999999999773e+02 1.067000000000000000e+03 1.400000000000000000e+01
5.860000000000000000e+02 1.067799999999999955e+03 1.400000000000000000e+01
5.856000000000000227e+02 1.068599999999999909e+03 1.400000000000000000e+01
5.853999999999999773e+02 1.069400000000000091e+03 1.400000000000000000e+01
5.850000000000000000e+02 1.070000000000000000e+03 1.400000000000000000e+01
5.846000000000000227e+02 1.070599999999999909e+03 1.400000000000000000e+01
5.842000000000000455e+02 1.071400000000000091e+03 1.400000000000000000e+01
5.837999999999999545e+02 1.072200000000000045e+03 1.400000000000000000e+01
5.832000000000000455e+02 1.072799999999999955e+03 1.400000000000000000e+01
5.827999999999999545e+02 1.073599999999999909e+03 1.400000000000000000e+01
5.822000000000000455e+02 1.074200000000000045e+03 1.400000000000000000e+01
5.816000000000000227e+02 1.074799999999999955e+03 1.400000000000000000e+01
5.807999999999999545e+02 1.075200000000000045e+03 1.400000000000000000e+01
5.802000000000000455e+02 1.075799999999999955e+03 1.400000000000000000e+01
5.793999999999999773e+02 1.076200000000000045e+03 1.400000000000000000e+01
5.786000000000000227e+02 1.076599999999999909e+03 1.400000000000000000e+01
5.777999999999999545e+02 1.076799999999999955e+03 1.400000000000000000e+01
5.772000000000000455e+02 1.077200000000000045e+03 1.400000000000000000e+01
5.763999999999999773e+02 1.077400000000000091e+03 1.400000000000000000e+01
5.756000000000000227e+02 1.077599999999999909e+03 1.400000000000000000e+01
5.747999999999999545e+02 1.077799999999999955e+03 1.400000000000000000e+01
5.740000000000000000e+02 1.078000000000000000e+03 1.400000000000000000e+01
5.730000000000000000e+02 1.078000000000000000e+03 1.400000000000000000e+01
5.722000000000000455e+02 1.078200000000000045e+03 1.400000000000000000e+01
5.713999999999999773e+02 1.078400000000000091e+03 1.400000000000000000e+01
5.706000000000000227e+02 1.078599999999999909e+03 1.400000000000000000e+01
5.697999999999999545e+02 1.078799999999999955e+03 1.400000000000000000e+01
5.690000000000000000e+02 1.079000000000000000e+03 1.400000000000000000e+01
5.680000000000000000e+02 1.079000000000000000e+03 1.400000000000000000e+01
5.670000000000000000e+02 1.079000000000000000e+03 1.400000000000000000e+01
5.660000000000000000e+02 1.079000000000000000e+03 1.400000000000000000e+01
5.650000000000000000e+02 1.079000000000000000e+03 1.400000000000000000e+01
5.640000000000000000e+02 1.079000000000000000e+03 1.400000000000000000e+01
5.630000000000000000e+02 1.079000000000000000e+03 1.400000000000000000e+01
5.622000000000000455e+02 1.079200000000000045e+03 1.400000000000000000e+01
5.613999999999999773e+02 1.079400000000000091e+03 1.400000000000000000e+01
5.606000000000000227e+02 1.079599999999999909e+03 1.400000000000000000e+01
5.597999999999999545e+02 1.079799999999999955e+03 1.400000000000000000e+01
5.590000000000000000e+02 1.080200000000000045e+03 1.400000000000000000e+01
5.580000000000000000e+02 1.080400000000000091e+03 1.400000000000000000e+01
5.570000000000000000e+02 1.080599999999999909e+03 1.400000000000000000e+01
5.562000000000000455e+02 1.081000000000000000e+03 1.400000000000000000e+01
5.553999999999999773e+02 1.081400000000000091e+03 1.400000000000000000e+01
5.546000000000000227e+02 1.081599999999999909e+03 1.400000000000000000e+01
5.537999999999999545e+02 1.081799999999999955e+03 1.400000000000000000e+01
5.532000000000000455e+02 1.082200000000000045e+03 1.400000000000000000e+01
5.523999999999999773e+02 1.082400000000000091e+03 1.400000000000000000e+01
5.516000000000000227e+02 1.082599999999999909e+03 1.400000000000000000e+01
5.507999999999999545e+02 1.082799999999999955e+03 1.400000000000000000e+01
5.502000000000000455e+02 1.083200000000000045e+03 1.400000000000000000e+01
5.493999999999999773e+02 1.083400000000000091e+03 1.400000000000000000e+01
5.486000000000000227e+02 1.083599999999999909e+03 1.400000000000000000e+01
5.477999999999999545e+02 1.083799999999999955e+03 1.400000000000000000e+01
5.470000000000000000e+02 1.084000000000000000e+03 1.400000000000000000e+01
5.460000000000000000e+02 1.084000000000000000e+03 1.400000000000000000e+01
5.452000000000000455e+02 1.084200000000000045e+03 1.400000000000000000e+01
5.443999999999999773e+02 1.084400000000000091e+03 1.400000000000000000e+01
5.436000000000000227e+02 1.084599999999999909e+03 1.400000000000000000e+01
5.427999999999999545e+02 1.084799999999999955e+03 1.400000000000000000e+01
5.420000000000000000e+02 1.085000000000000000e+03 1.400000000000000000e+01
5.410000000000000000e+02 1.085000000000000000e+03 1.400000000000000000e+01
5.400000000000000000e+02 1.084799999999999955e+03 1.400000000000000000e+01
5.390000000000000000e+02 1.084599999999999909e+03 1.400000000000000000e+01
5.380000000000000000e+02 1.084400000000000091e+03 1.400000000000000000e+01
5.370000000000000000e+02 1.084200000000000045e+03 1.400000000000000000e+01
5.360000000000000000e+02 1.084000000000000000e+03 1.400000000000000000e+01
5.350000000000000000e+02 1.084000000000000000e+03 1.400000000000000000e+01
5.340000000000000000e+02 1.084000000000000000e+03 1.400000000000000000e+01
5.330000000000000000e+02 1.084000000000000000e+03 1.400000000000000000e+01
5.320000000000000000e+02 1.084000000000000000e+03 1.400000000000000000e+01
5.312000000000000455e+02 1.083799999999999955e+03 1.400000000000000000e+01
5.303999999999999773e+02 1.083599999999999909e+03 1.400000000000000000e+01
5.296000000000000227e+02 1.083400000000000091e+03 1.400000000000000000e+01
5.287999999999999545e+02 1.083200000000000045e+03 1.400000000000000000e+01
5.280000000000000000e+02 1.083000000000000000e+03 1.400000000000000000e+01
5.272000000000000455e+02 1.083000000000000000e+03 1.400000000000000000e+01
5.263999999999999773e+02 1.083000000000000000e+03 1.500000000000000000e+01
5.256000000000000227e+02 1.083000000000000000e+03 1.500000000000000000e+01
5.247999999999999545e+02 1.083000000000000000e+03 1.500000000000000000e+01
5.240000000000000000e+02 1.083000000000000000e+03 1.500000000000000000e+01
5.230000000000000000e+02 1.083000000000000000e+03 1.500000000000000000e+01
5.220000000000000000e+02 1.083000000000000000e+03 1.500000000000000000e+01
5.210000000000000000e+02 1.083000000000000000e+03 1.500000000000000000e+01
5.200000000000000000e+02 1.083000000000000000e+03 1.500000000000000000e+01
5.190000000000000000e+02 1.083000000000000000e+03 1.500000000000000000e+01
5.180000000000000000e+02 1.083000000000000000e+03 1.500000000000000000e+01
5.170000000000000000e+02 1.083000000000000000e+03 1.500000000000000000e+01
5.160000000000000000e+02 1.083000000000000000e+03 1.500000000000000000e+01
5.150000000000000000e+02 1.083000000000000000e+03 1.500000000000000000e+01
5.140000000000000000e+02 1.083000000000000000e+03 1.500000000000000000e+01
5.130000000000000000e+02 1.083000000000000000e+03 1.500000000000000000e+01
5.120000000000000000e+02 1.083000000000000000e+03 1.500000000000000000e+01
5.110000000000000000e+02 1.083000000000000000e+03 1.500000000000000000e+01
5.100000000000000000e+02 1.083000000000000000e+03 1.500000000000000000e+01
5.090000000000000000e+02 1.083000000000000000e+03 1.500000000000000000e+01
5.080000000000000000e+02 1.083000000000000000e+03 1.500000000000000000e+01
5.070000000000000000e+02 1.083000000000000000e+03 1.600000000000000000e+01
5.061999999999999886e+02 1.083200000000000045e+03 1.600000000000000000e+01
5.053999999999999773e+02 1.083400000000000091e+03 1.600000000000000000e+01
5.046000000000000227e+02 1.083799999999999955e+03 1.600000000000000000e+01
5.038000000000000114e+02 1.084200000000000045e+03 1.600000000000000000e+01
5.030000000000000000e+02 1.084799999999999955e+03 1.600000000000000000e+01
5.020000000000000000e+02 1.085200000000000045e+03 1.600000000000000000e+01
5.010000000000000000e+02 1.085599999999999909e+03 1.600000000000000000e+01
5.000000000000000000e+02 1.086000000000000000e+03 1.600000000000000000e+01
4.990000000000000000e+02 1.086400000000000091e+03 1.600000000000000000e+01
4.980000000000000000e+02 1.086599999999999909e+03 1.600000000000000000e+01
4.970000000000000000e+02 1.086799999999999955e+03 1.600000000000000000e+01
4.960000000000000000e+02 1.087000000000000000e+03 1.600000000000000000e+01
4.950000000000000000e+02 1.087000000000000000e+03 1.600000000000000000e+01
4.941999999999999886e+02 1.087200000000000045e+03 1.600000000000000000e+01
4.933999999999999773e+02 1.087400000000000091e+03 1.600000000000000000e+01
4.926000000000000227e+02 1.087599999999999909e+03 1.600000000000000000e+01
4.918000000000000114e+02 1.087799999999999955e+03 1.600000000000000000e+01
4.910000000000000000e+02 1.088000000000000000e+03 1.600000000000000000e+01
4.900000000000000000e+02 1.088000000000000000e+03 1.600000000000000000e+01
4.890000000000000000e+02 1.088000000000000000e+03 1.600000000000000000e+01
4.880000000000000000e+02 1.088000000000000000e+03 1.600000000000000000e+01
4.870000000000000000e+02 1.088000000000000000e+03 1.600000000000000000e+01
4.860000000000000000e+02 1.088000000000000000e+03 1.600000000000000000e+01
4.850000000000000000e+02 1.088000000000000000e+03 1.600000000000000000e+01
4.840000000000000000e+02 1.088000000000000000e+03 1.600000000000000000e+01
4.830000000000000000e+02 1.088000000000000000e+03 1.600000000000000000e+01
4.820000000000000000e+02 1.088000000000000000e+03 1.600000000000000000e+01
4.810000000000000000e+02 1.088000000000000000e+03 1.600000000000000000e+01
4.800000000000000000e+02 1.088000000000000000e+03 1.600000000000000000e+01
4.790000000000000000e+02 1.088000000000000000e+03 1.600000000000000000e+01
4.780000000000000000e+02 1.088000000000000000e+03 1.600000000000000000e+01
4.770000000000000000e+02 1.088000000000000000e+03 1.600000000000000000e+01
4.760000000000000000e+02 1.088000000000000000e+03 1.600000000000000000e+01
4.750000000000000000e+02 1.088000000000000000e+03 1.600000000000000000e+01
4.740000000000000000e+02 1.088000000000000000e+03 1.600000000000000000e+01
4.730000000000000000e+02 1.088000000000000000e+03 1.600000000000000000e+01
4.725000000000000000e+02 1.088000000000000000e+03 1.600000000000000000e+01
