1.008799999999999955e+03 1.739799999999999955e+03 1.600000000000000000e+01
1.009200000000000045e+03 1.739200000000000045e+03 1.600000000000000000e+01
1.009600000000000023e+03 1.738599999999999909e+03 1.600000000000000000e+01
1.010000000000000000e+03 1.738000000000000000e+03 1.600000000000000000e+01
1.010399999999999977e+03 1.737400000000000091e+03 1.600000000000000000e+01
1.010799999999999955e+03 1.736799999999999955e+03 1.500000000000000000e+01
1.011200000000000045e+03 1.736200000000000045e+03 1.500000000000000000e+01
1.011799999999999955e+03 1.735799999999999955e+03 1.500000000000000000e+01
1.012200000000000045e+03 1.735200000000000045e+03 1.500000000000000000e+01
1.012600000000000023e+03 1.734599999999999909e+03 1.500000000000000000e+01
1.013000000000000000e+03 1.734000000000000000e+03 1.500000000000000000e+01
1.013399999999999977e+03 1.733400000000000091e+03 1.500000000000000000e+01
1.013799999999999955e+03 1.732799999999999955e+03 1.500000000000000000e+01
1.014200000000000045e+03 1.732200000000000045e+03 1.500000000000000000e+01
1.014600000000000023e+03 1.731799999999999955e+03 1.500000000000000000e+01
1.014799999999999955e+03 1.731200000000000045e+03 1.400000000000000000e+01
1.015200000000000045e+03 1.730799999999999955e+03 1.400000000000000000e+01
1.015399999999999977e+03 1.730200000000000045e+03 1.400000000000000000e+01
1.015600000000000023e+03 1.729599999999999909e+03 1.400000000000000000e+01
1.016000000000000000e+03 1.729000000000000000e+03 1.400000000000000000e+01
1.016399999999999977e+03 1.728400000000000091e+03 1.400000000000000000e+01
1.016600000000000023e+03 1.727599999999999909e+03 1.400000000000000000e+01
1.017000000000000000e+03 1.727000000000000000e+03 1.400000000000000000e+01
1.017399999999999977e+03 1.726400000000000091e+03 1.400000000000000000e+01
1.017600000000000023e+03 1.725599999999999909e+03 1.400000000000000000e+01
1.018000000000000000e+03 1.725000000000000000e+03 1.400000000000000000e+01
1.018399999999999977e+03 1.724400000000000091e+03 1.400000000000000000e+01
1.018600000000000023e+03 1.723599999999999909e+03 1.400000000000000000e+01
1.019000000000000000e+03 1.723000000000000000e+03 1.400000000000000000e+01
1.019399999999999977e+03 1.722400000000000091e+03 1.400000000000000000e+01
1.019600000000000023e+03 1.721599999999999909e+03 1.400000000000000000e+01
1.020000000000000000e+03 1.721000000000000000e+03 1.400000000000000000e+01
1.020399999999999977e+03 1.720400000000000091e+03 1.400000000000000000e+01
1.020600000000000023e+03 1.719599999999999909e+03 1.400000000000000000e+01
1.021000000000000000e+03 1.719000000000000000e+03 1.400000000000000000e+01
1.021399999999999977e+03 1.718400000000000091e+03 1.400000000000000000e+01
1.021600000000000023e+03 1.717599999999999909e+03 1.400000000000000000e+01
1.022000000000000000e+03 1.717000000000000000e+03 1.400000000000000000e+01
1.022399999999999977e+03 1.716400000000000091e+03 1.400000000000000000e+01
1.022799999999999955e+03 1.715799999999999955e+03 1.400000000000000000e+01
1.023200000000000045e+03 1.715200000000000045e+03 1.400000000000000000e+01
1.023799999999999955e+03 1.714799999999999955e+03 1.400000000000000000e+01
1.024200000000000045e+03 1.714200000000000045e+03 1.400000000000000000e+01
1.024799999999999955e+03 1.713799999999999955e+03 1.400000000000000000e+01
1.025200000000000045e+03 1.713200000000000045e+03 1.400000000000000000e+01
1.025799999999999955e+03 1.712799999999999955e+03 1.400000000000000000e+01
1.026400000000000091e+03 1.712400000000000091e+03 1.400000000000000000e+01
1.027200000000000045e+03 1.712200000000000045e+03 1.400000000000000000e+01
1.028000000000000000e+03 1.712000000000000000e+03 1.400000000000000000e+01
1.029000000000000000e+03 1.712200000000000045e+03 1.400000000000000000e+01
1.030000000000000000e+03 1.712400000000000091e+03 1.400000000000000000e+01
1.031000000000000000e+03 1.712599999999999909e+03 1.400000000000000000e+01
1.031799999999999955e+03 1.713000000000000000e+03 1.400000000000000000e+01
1.032599999999999909e+03 1.713400000000000091e+03 1.400000000000000000e+01
1.033400000000000091e+03 1.713799999999999955e+03 1.400000000000000000e+01
1.034200000000000045e+03 1.714200000000000045e+03 1.400000000000000000e+01
1.034799999999999955e+03 1.714799999999999955e+03 1.400000000000000000e+01
1.035599999999999909e+03 1.715200000000000045e+03 1.400000000000000000e+01
1.036400000000000091e+03 1.715799999999999955e+03 1.400000000000000000e+01
1.037200000000000045e+03 1.716200000000000045e+03 1.400000000000000000e+01
1.037799999999999955e+03 1.716799999999999955e+03 1.400000000000000000e+01
1.038250000000000000e+03 1.717000000000000000e+03 1.400000000000000000e+01
