5.118000000000000114e+02 9.816000000000000227e+02 1.600000000000000000e+01
5.123999999999999773e+02 9.813999999999999773e+02 1.600000000000000000e+01
5.132000000000000455e+02 9.812000000000000455e+02 1.600000000000000000e+01
5.140000000000000000e+02 9.810000000000000000e+02 1.600000000000000000e+01
5.147999999999999545e+02 9.807999999999999545e+02 1.600000000000000000e+01
5.156000000000000227e+02 9.806000000000000227e+02 1.600000000000000000e+01
5.163999999999999773e+02 9.803999999999999773e+02 1.600000000000000000e+01
5.172000000000000455e+02 9.802000000000000455e+02 1.600000000000000000e+01
5.180000000000000000e+02 9.800000000000000000e+02 1.600000000000000000e+01
5.190000000000000000e+02 9.800000000000000000e+02 1.600000000000000000e+01
5.200000000000000000e+02 9.800000000000000000e+02 1.600000000000000000e+01
5.207999999999999545e+02 9.797999999999999545e+02 1.600000000000000000e+01
5.216000000000000227e+02 9.796000000000000227e+02 1.600000000000000000e+01
5.223999999999999773e+02 9.793999999999999773e+02 1.600000000000000000e+01
5.232000000000000455e+02 9.792000000000000455e+02 1.600000000000000000e+01
5.240000000000000000e+02 9.790000000000000000e+02 1.600000000000000000e+01
5.250000000000000000e+02 9.790000000000000000e+02 1.600000000000000000e+01
5.260000000000000000e+02 9.790000000000000000e+02 1.600000000000000000e+01
5.270000000000000000e+02 9.790000000000000000e+02 1.600000000000000000e+01
5.280000000000000000e+02 9.790000000000000000e+02 1.600000000000000000e+01
5.290000000000000000e+02 9.787999999999999545e+02 1.600000000000000000e+01
5.300000000000000000e+02 9.786000000000000227e+02 1.600000000000000000e+01
5.310000000000000000e+02 9.783999999999999773e+02 1.600000000000000000e+01
5.320000000000000000e+02 9.782000000000000455e+02 1.600000000000000000e+01
5.325000000000000000e+02 9.780000000000000000e+02 1.600000000000000000e+01
