4.311999999999999886e+02 6.142000000000000455e+02 7.000000000000000000e+00
4.311999999999999886e+02 6.150000000000000000e+02 7.000000000000000000e+00
4.310000000000000000e+02 6.160000000000000000e+02 7.000000000000000000e+00
4.310000000000000000e+02 6.170000000000000000e+02 8.000000000000000000e+00
4.310000000000000000e+02 6.180000000000000000e+02 8.000000000000000000e+00
4.310000000000000000e+02 6.190000000000000000e+02 8.000000000000000000e+00
4.310000000000000000e+02 6.197999999999999545e+02 8.000000000000000000e+00
4.310000000000000000e+02 6.206000000000000227e+02 9.000000000000000000e+00
4.311999999999999886e+02 6.213999999999999773e+02 9.000000000000000000e+00
4.313999999999999773e+02 6.220000000000000000e+02 9.000000000000000000e+00
4.316000000000000227e+02 6.226000000000000227e+02 1.000000000000000000e+01
4.318000000000000114e+02 6.233999999999999773e+02 1.000000000000000000e+01
4.320000000000000000e+02 6.240000000000000000e+02 1.000000000000000000e+01
4.320000000000000000e+02 6.242500000000000000e+02 1.100000000000000000e+01
