7.190000000000000000e+02 9.900000000000000000e+01 1.300000000000000000e+01
7.190000000000000000e+02 9.959999999999999432e+01 1.200000000000000000e+01
7.192000000000000455e+02 1.002000000000000028e+02 1.200000000000000000e+01
7.193999999999999773e+02 1.007999999999999972e+02 1.200000000000000000e+01
7.196000000000000227e+02 1.012000000000000028e+02 1.200000000000000000e+01
7.200000000000000000e+02 1.015999999999999943e+02 1.100000000000000000e+01
7.203999999999999773e+02 1.017999999999999972e+02 1.100000000000000000e+01
7.207999999999999545e+02 1.020000000000000000e+02 1.000000000000000000e+01
7.213999999999999773e+02 1.020000000000000000e+02 1.000000000000000000e+01
7.220000000000000000e+02 1.017999999999999972e+02 1.000000000000000000e+01
7.226000000000000227e+02 1.015999999999999943e+02 1.000000000000000000e+01
7.232000000000000455e+02 1.014000000000000057e+02 1.000000000000000000e+01
7.237999999999999545e+02 1.012000000000000028e+02 9.000000000000000000e+00
7.242000000000000455e+02 1.007999999999999972e+02 9.000000000000000000e+00
7.247999999999999545e+02 1.005999999999999943e+02 9.000000000000000000e+00
7.252000000000000455e+02 1.002000000000000028e+02 9.000000000000000000e+00
7.257999999999999545e+02 9.979999999999999716e+01 9.000000000000000000e+00
7.262000000000000455e+02 9.920000000000000284e+01 9.000000000000000000e+00
7.267999999999999545e+02 9.879999999999999716e+01 9.000000000000000000e+00
7.272000000000000455e+02 9.820000000000000284e+01 9.000000000000000000e+00
7.277999999999999545e+02 9.779999999999999716e+01 9.000000000000000000e+00
7.282000000000000455e+02 9.720000000000000284e+01 9.000000000000000000e+00
7.287999999999999545e+02 9.679999999999999716e+01 9.000000000000000000e+00
7.292000000000000455e+02 9.620000000000000284e+01 9.000000000000000000e+00
7.297999999999999545e+02 9.579999999999999716e+01 9.000000000000000000e+00
7.302000000000000455e+02 9.520000000000000284e+01 9.000000000000000000e+00
7.307999999999999545e+02 9.479999999999999716e+01 9.000000000000000000e+00
7.312000000000000455e+02 9.420000000000000284e+01 9.000000000000000000e+00
7.317999999999999545e+02 9.379999999999999716e+01 9.000000000000000000e+00
7.322000000000000455e+02 9.320000000000000284e+01 9.000000000000000000e+00
7.326000000000000227e+02 9.259999999999999432e+01 9.000000000000000000e+00
7.330000000000000000e+02 9.200000000000000000e+01 9.000000000000000000e+00
7.333999999999999773e+02 9.140000000000000568e+01 9.000000000000000000e+00
7.336000000000000227e+02 9.059999999999999432e+01 9.000000000000000000e+00
7.340000000000000000e+02 9.000000000000000000e+01 9.000000000000000000e+00
7.343999999999999773e+02 8.940000000000000568e+01 9.000000000000000000e+00
7.346000000000000227e+02 8.859999999999999432e+01 9.000000000000000000e+00
7.350000000000000000e+02 8.800000000000000000e+01 9.000000000000000000e+00
7.353999999999999773e+02 8.740000000000000568e+01 9.000000000000000000e+00
7.356000000000000227e+02 8.659999999999999432e+01 9.000000000000000000e+00
7.360000000000000000e+02 8.600000000000000000e+01 9.000000000000000000e+00
7.363999999999999773e+02 8.540000000000000568e+01 9.000000000000000000e+00
7.366000000000000227e+02 8.459999999999999432e+01 9.000000000000000000e+00
7.370000000000000000e+02 8.400000000000000000e+01 9.000000000000000000e+00
7.373999999999999773e+02 8.340000000000000568e+01 9.000000000000000000e+00
7.376000000000000227e+02 8.259999999999999432e+01 9.000000000000000000e+00
7.380000000000000000e+02 8.200000000000000000e+01 9.000000000000000000e+00
7.383999999999999773e+02 8.140000000000000568e+01 9.000000000000000000e+00
7.387999999999999545e+02 8.079999999999999716e+01 9.000000000000000000e+00
7.392000000000000455e+02 8.020000000000000284e+01 9.000000000000000000e+00
7.397999999999999545e+02 7.979999999999999716e+01 9.000000000000000000e+00
7.403999999999999773e+02 7.940000000000000568e+01 9.000000000000000000e+00
7.412000000000000455e+02 7.920000000000000284e+01 9.000000000000000000e+00
7.420000000000000000e+02 7.900000000000000000e+01 9.000000000000000000e+00
7.430000000000000000e+02 7.900000000000000000e+01 9.000000000000000000e+00
7.440000000000000000e+02 7.900000000000000000e+01 9.000000000000000000e+00
7.450000000000000000e+02 7.900000000000000000e+01 9.000000000000000000e+00
7.457999999999999545e+02 7.920000000000000284e+01 9.000000000000000000e+00
7.466000000000000227e+02 7.940000000000000568e+01 9.000000000000000000e+00
7.473999999999999773e+02 7.959999999999999432e+01 9.000000000000000000e+00
7.482000000000000455e+02 7.959999999999999432e+01 9.000000000000000000e+00
7.487999999999999545e+02 7.940000000000000568e+01 9.000000000000000000e+00
7.496000000000000227e+02 7.879999999999999716e+01 9.000000000000000000e+00
7.502000000000000455e+02 7.800000000000000000e+01 9.000000000000000000e+00
7.507999999999999545e+02 7.720000000000000284e+01 9.000000000000000000e+00
7.512000000000000455e+02 7.640000000000000568e+01 9.000000000000000000e+00
7.516000000000000227e+02 7.559999999999999432e+01 9.000000000000000000e+00
7.520000000000000000e+02 7.500000000000000000e+01 9.000000000000000000e+00
7.523999999999999773e+02 7.440000000000000568e+01 9.000000000000000000e+00
7.527999999999999545e+02 7.379999999999999716e+01 9.000000000000000000e+00
7.532000000000000455e+02 7.320000000000000284e+01 9.000000000000000000e+00
7.537999999999999545e+02 7.279999999999999716e+01 9.000000000000000000e+00
7.542000000000000455e+02 7.220000000000000284e+01 9.000000000000000000e+00
7.547999999999999545e+02 7.179999999999999716e+01 9.000000000000000000e+00
7.552000000000000455e+02 7.120000000000000284e+01 9.000000000000000000e+00
7.557999999999999545e+02 7.079999999999999716e+01 9.000000000000000000e+00
7.563999999999999773e+02 7.040000000000000568e+01 9.000000000000000000e+00
7.570000000000000000e+02 7.000000000000000000e+01 9.000000000000000000e+00
7.576000000000000227e+02 6.959999999999999432e+01 9.000000000000000000e+00
7.583999999999999773e+02 6.940000000000000568e+01 9.000000000000000000e+00
7.590000000000000000e+02 6.900000000000000000e+01 9.000000000000000000e+00
7.596000000000000227e+02 6.859999999999999432e+01 9.000000000000000000e+00
7.603999999999999773e+02 6.840000000000000568e+01 9.000000000000000000e+00
7.607500000000000000e+02 6.825000000000000000e+01 9.000000000000000000e+00
