9.796000000000000227e+02 1.739400000000000091e+03 1.700000000000000000e+01
9.803999999999999773e+02 1.739599999999999909e+03 1.700000000000000000e+01
9.810000000000000000e+02 1.740000000000000000e+03 1.700000000000000000e+01
9.816000000000000227e+02 1.740400000000000091e+03 1.700000000000000000e+01
9.823999999999999773e+02 1.740599999999999909e+03 1.700000000000000000e+01
9.830000000000000000e+02 1.741000000000000000e+03 1.700000000000000000e+01
9.836000000000000227e+02 1.741400000000000091e+03 1.700000000000000000e+01
9.843999999999999773e+02 1.741599999999999909e+03 1.700000000000000000e+01
9.852000000000000455e+02 1.741799999999999955e+03 1.700000000000000000e+01
9.860000000000000000e+02 1.742000000000000000e+03 1.700000000000000000e+01
9.867999999999999545e+02 1.742200000000000045e+03 1.700000000000000000e+01
9.876000000000000227e+02 1.742400000000000091e+03 1.700000000000000000e+01
9.883999999999999773e+02 1.742599999999999909e+03 1.700000000000000000e+01
9.892000000000000455e+02 1.742799999999999955e+03 1.700000000000000000e+01
9.900000000000000000e+02 1.743000000000000000e+03 1.700000000000000000e+01
9.910000000000000000e+02 1.743000000000000000e+03 1.700000000000000000e+01
9.920000000000000000e+02 1.743000000000000000e+03 1.700000000000000000e+01
9.930000000000000000e+02 1.743000000000000000e+03 1.700000000000000000e+01
9.940000000000000000e+02 1.743000000000000000e+03 1.700000000000000000e+01
9.950000000000000000e+02 1.743000000000000000e+03 1.700000000000000000e+01
9.960000000000000000e+02 1.743000000000000000e+03 1.700000000000000000e+01
9.970000000000000000e+02 1.743000000000000000e+03 1.700000000000000000e+01
9.980000000000000000e+02 1.743000000000000000e+03 1.700000000000000000e+01
9.987999999999999545e+02 1.742799999999999955e+03 1.700000000000000000e+01
9.996000000000000227e+02 1.742599999999999909e+03 1.700000000000000000e+01
1.000399999999999977e+03 1.742400000000000091e+03 1.700000000000000000e+01
1.001200000000000045e+03 1.742200000000000045e+03 1.700000000000000000e+01
1.002000000000000000e+03 1.742000000000000000e+03 1.700000000000000000e+01
1.003000000000000000e+03 1.742000000000000000e+03 1.700000000000000000e+01
1.004000000000000000e+03 1.742000000000000000e+03 1.700000000000000000e+01
1.004799999999999955e+03 1.741799999999999955e+03 1.700000000000000000e+01
1.005600000000000023e+03 1.741599999999999909e+03 1.700000000000000000e+01
1.006399999999999977e+03 1.741400000000000091e+03 1.700000000000000000e+01
1.006750000000000000e+03 1.741250000000000000e+03 1.700000000000000000e+01
