1.006200000000000045e+03 4.148000000000000114e+02 1.300000000000000000e+01
1.005799999999999955e+03 4.156000000000000227e+02 1.300000000000000000e+01
1.005399999999999977e+03 4.163999999999999773e+02 1.300000000000000000e+01
1.005200000000000045e+03 4.171999999999999886e+02 1.300000000000000000e+01
1.004799999999999955e+03 4.178000000000000114e+02 1.300000000000000000e+01
1.004600000000000023e+03 4.186000000000000227e+02 1.300000000000000000e+01
1.004399999999999977e+03 4.193999999999999773e+02 1.300000000000000000e+01
1.004000000000000000e+03 4.201999999999999886e+02 1.300000000000000000e+01
1.003600000000000023e+03 4.210000000000000000e+02 1.300000000000000000e+01
1.003200000000000045e+03 4.220000000000000000e+02 1.300000000000000000e+01
1.002799999999999955e+03 4.230000000000000000e+02 1.300000000000000000e+01
1.002500000000000000e+03 4.235000000000000000e+02 1.300000000000000000e+01
