1.116200000000000045e+03 1.494799999999999955e+03 1.300000000000000000e+01
1.115599999999999909e+03 1.494400000000000091e+03 1.300000000000000000e+01
1.115000000000000000e+03 1.494000000000000000e+03 1.300000000000000000e+01
1.114400000000000091e+03 1.493599999999999909e+03 1.300000000000000000e+01
1.113599999999999909e+03 1.493400000000000091e+03 1.300000000000000000e+01
1.113000000000000000e+03 1.493000000000000000e+03 1.300000000000000000e+01
1.112400000000000091e+03 1.492599999999999909e+03 1.300000000000000000e+01
1.111599999999999909e+03 1.492400000000000091e+03 1.300000000000000000e+01
1.111000000000000000e+03 1.492000000000000000e+03 1.300000000000000000e+01
1.110400000000000091e+03 1.491599999999999909e+03 1.300000000000000000e+01
1.109599999999999909e+03 1.491400000000000091e+03 1.300000000000000000e+01
1.108799999999999955e+03 1.491200000000000045e+03 1.300000000000000000e+01
1.108200000000000045e+03 1.490799999999999955e+03 1.300000000000000000e+01
1.107400000000000091e+03 1.490599999999999909e+03 1.300000000000000000e+01
1.106599999999999909e+03 1.490400000000000091e+03 1.300000000000000000e+01
1.105799999999999955e+03 1.490200000000000045e+03 1.300000000000000000e+01
1.105200000000000045e+03 1.489799999999999955e+03 1.300000000000000000e+01
1.104400000000000091e+03 1.489599999999999909e+03 1.300000000000000000e+01
1.103599999999999909e+03 1.489400000000000091e+03 1.300000000000000000e+01
1.103000000000000000e+03 1.489000000000000000e+03 1.300000000000000000e+01
1.102400000000000091e+03 1.488599999999999909e+03 1.300000000000000000e+01
1.101799999999999955e+03 1.488200000000000045e+03 1.300000000000000000e+01
1.101200000000000045e+03 1.487799999999999955e+03 1.300000000000000000e+01
1.100799999999999955e+03 1.487200000000000045e+03 1.300000000000000000e+01
1.100200000000000045e+03 1.486799999999999955e+03 1.200000000000000000e+01
1.099799999999999955e+03 1.486200000000000045e+03 1.200000000000000000e+01
1.099400000000000091e+03 1.485599999999999909e+03 1.200000000000000000e+01
1.099000000000000000e+03 1.485000000000000000e+03 1.200000000000000000e+01
1.098599999999999909e+03 1.484400000000000091e+03 1.200000000000000000e+01
1.098400000000000091e+03 1.483599999999999909e+03 1.200000000000000000e+01
1.098200000000000045e+03 1.482799999999999955e+03 1.200000000000000000e+01
1.098000000000000000e+03 1.482000000000000000e+03 1.200000000000000000e+01
1.098000000000000000e+03 1.481000000000000000e+03 1.200000000000000000e+01
1.098000000000000000e+03 1.480000000000000000e+03 1.200000000000000000e+01
1.098000000000000000e+03 1.479000000000000000e+03 1.200000000000000000e+01
1.098000000000000000e+03 1.478000000000000000e+03 1.200000000000000000e+01
1.098000000000000000e+03 1.477000000000000000e+03 1.200000000000000000e+01
1.098000000000000000e+03 1.476000000000000000e+03 1.200000000000000000e+01
1.098000000000000000e+03 1.475000000000000000e+03 1.200000000000000000e+01
1.097799999999999955e+03 1.474200000000000045e+03 1.200000000000000000e+01
1.097400000000000091e+03 1.473400000000000091e+03 1.200000000000000000e+01
1.096799999999999955e+03 1.472799999999999955e+03 1.200000000000000000e+01
1.096000000000000000e+03 1.472400000000000091e+03 1.200000000000000000e+01
1.095000000000000000e+03 1.472200000000000045e+03 1.200000000000000000e+01
1.094000000000000000e+03 1.472200000000000045e+03 1.200000000000000000e+01
1.093000000000000000e+03 1.472400000000000091e+03 1.200000000000000000e+01
1.092000000000000000e+03 1.472599999999999909e+03 1.200000000000000000e+01
1.091200000000000045e+03 1.473000000000000000e+03 1.200000000000000000e+01
1.090400000000000091e+03 1.473400000000000091e+03 1.200000000000000000e+01
1.089799999999999955e+03 1.473799999999999955e+03 1.200000000000000000e+01
1.089200000000000045e+03 1.474200000000000045e+03 1.200000000000000000e+01
1.088599999999999909e+03 1.474799999999999955e+03 1.200000000000000000e+01
1.087799999999999955e+03 1.475200000000000045e+03 1.200000000000000000e+01
1.087200000000000045e+03 1.475799999999999955e+03 1.200000000000000000e+01
1.086400000000000091e+03 1.476200000000000045e+03 1.200000000000000000e+01
1.085799999999999955e+03 1.476799999999999955e+03 1.200000000000000000e+01
1.085200000000000045e+03 1.477200000000000045e+03 1.200000000000000000e+01
1.084799999999999955e+03 1.477799999999999955e+03 1.200000000000000000e+01
1.084200000000000045e+03 1.478200000000000045e+03 1.200000000000000000e+01
1.083799999999999955e+03 1.478799999999999955e+03 1.200000000000000000e+01
1.083200000000000045e+03 1.479200000000000045e+03 1.200000000000000000e+01
1.082799999999999955e+03 1.479799999999999955e+03 1.200000000000000000e+01
1.082200000000000045e+03 1.480200000000000045e+03 1.200000000000000000e+01
1.081799999999999955e+03 1.480799999999999955e+03 1.200000000000000000e+01
1.081200000000000045e+03 1.481200000000000045e+03 1.200000000000000000e+01
1.080799999999999955e+03 1.481799999999999955e+03 1.200000000000000000e+01
1.080200000000000045e+03 1.482200000000000045e+03 1.200000000000000000e+01
1.079799999999999955e+03 1.482799999999999955e+03 1.200000000000000000e+01
1.079200000000000045e+03 1.483200000000000045e+03 1.200000000000000000e+01
1.078599999999999909e+03 1.483799999999999955e+03 1.200000000000000000e+01
1.077799999999999955e+03 1.484200000000000045e+03 1.200000000000000000e+01
1.077200000000000045e+03 1.484799999999999955e+03 1.200000000000000000e+01
1.076400000000000091e+03 1.485200000000000045e+03 1.200000000000000000e+01
1.075599999999999909e+03 1.485599999999999909e+03 1.200000000000000000e+01
1.075000000000000000e+03 1.486000000000000000e+03 1.200000000000000000e+01
1.074400000000000091e+03 1.486400000000000091e+03 1.200000000000000000e+01
1.073599999999999909e+03 1.486599999999999909e+03 1.200000000000000000e+01
1.073200000000000045e+03 1.486799999999999955e+03 1.100000000000000000e+01
1.073000000000000000e+03 1.487000000000000000e+03 1.100000000000000000e+01
