6.679999999999999716e+01 3.393999999999999773e+02 5.000000000000000000e+00
6.720000000000000284e+01 3.401999999999999886e+02 5.000000000000000000e+00
6.779999999999999716e+01 3.408000000000000114e+02 5.000000000000000000e+00
6.820000000000000284e+01 3.416000000000000227e+02 5.000000000000000000e+00
6.879999999999999716e+01 3.421999999999999886e+02 5.000000000000000000e+00
6.920000000000000284e+01 3.428000000000000114e+02 5.000000000000000000e+00
6.959999999999999432e+01 3.433999999999999773e+02 5.000000000000000000e+00
7.000000000000000000e+01 3.440000000000000000e+02 5.000000000000000000e+00
7.040000000000000568e+01 3.446000000000000227e+02 5.000000000000000000e+00
7.079999999999999716e+01 3.451999999999999886e+02 5.000000000000000000e+00
7.120000000000000284e+01 3.458000000000000114e+02 5.000000000000000000e+00
7.150000000000000000e+01 3.460000000000000000e+02 5.000000000000000000e+00
