6.296000000000000227e+02 4.043999999999999773e+02 1.000000000000000000e+01
6.303999999999999773e+02 4.046000000000000227e+02 1.000000000000000000e+01
6.310000000000000000e+02 4.050000000000000000e+02 1.000000000000000000e+01
6.316000000000000227e+02 4.053999999999999773e+02 1.000000000000000000e+01
6.323999999999999773e+02 4.058000000000000114e+02 1.000000000000000000e+01
6.332000000000000455e+02 4.063999999999999773e+02 1.000000000000000000e+01
6.337999999999999545e+02 4.071999999999999886e+02 1.000000000000000000e+01
6.346000000000000227e+02 4.078000000000000114e+02 1.000000000000000000e+01
6.352000000000000455e+02 4.083999999999999773e+02 1.000000000000000000e+01
6.356000000000000227e+02 4.090000000000000000e+02 1.100000000000000000e+01
6.360000000000000000e+02 4.093999999999999773e+02 1.100000000000000000e+01
6.363999999999999773e+02 4.098000000000000114e+02 1.100000000000000000e+01
6.367999999999999545e+02 4.101999999999999886e+02 1.100000000000000000e+01
6.373999999999999773e+02 4.108000000000000114e+02 1.100000000000000000e+01
6.382000000000000455e+02 4.111999999999999886e+02 1.100000000000000000e+01
6.390000000000000000e+02 4.116000000000000227e+02 1.100000000000000000e+01
6.397999999999999545e+02 4.120000000000000000e+02 1.100000000000000000e+01
6.406000000000000227e+02 4.123999999999999773e+02 1.100000000000000000e+01
6.413999999999999773e+02 4.126000000000000227e+02 1.100000000000000000e+01
6.422000000000000455e+02 4.128000000000000114e+02 1.100000000000000000e+01
6.427999999999999545e+02 4.128000000000000114e+02 1.100000000000000000e+01
6.436000000000000227e+02 4.126000000000000227e+02 1.100000000000000000e+01
6.443999999999999773e+02 4.123999999999999773e+02 1.200000000000000000e+01
6.452000000000000455e+02 4.121999999999999886e+02 1.200000000000000000e+01
6.460000000000000000e+02 4.118000000000000114e+02 1.200000000000000000e+01
6.470000000000000000e+02 4.116000000000000227e+02 1.200000000000000000e+01
6.480000000000000000e+02 4.113999999999999773e+02 1.200000000000000000e+01
6.487999999999999545e+02 4.110000000000000000e+02 1.200000000000000000e+01
6.496000000000000227e+02 4.106000000000000227e+02 1.200000000000000000e+01
6.502000000000000455e+02 4.101999999999999886e+02 1.200000000000000000e+01
6.507999999999999545e+02 4.098000000000000114e+02 1.200000000000000000e+01
6.512000000000000455e+02 4.093999999999999773e+02 1.200000000000000000e+01
6.517999999999999545e+02 4.090000000000000000e+02 1.300000000000000000e+01
6.522000000000000455e+02 4.083999999999999773e+02 1.300000000000000000e+01
6.527999999999999545e+02 4.080000000000000000e+02 1.300000000000000000e+01
6.532000000000000455e+02 4.073999999999999773e+02 1.300000000000000000e+01
6.537999999999999545e+02 4.068000000000000114e+02 1.300000000000000000e+01
6.542000000000000455e+02 4.061999999999999886e+02 1.300000000000000000e+01
6.547999999999999545e+02 4.058000000000000114e+02 1.300000000000000000e+01
6.552000000000000455e+02 4.051999999999999886e+02 1.300000000000000000e+01
6.557999999999999545e+02 4.048000000000000114e+02 1.300000000000000000e+01
6.562000000000000455e+02 4.041999999999999886e+02 1.300000000000000000e+01
6.567999999999999545e+02 4.038000000000000114e+02 1.300000000000000000e+01
6.573999999999999773e+02 4.031999999999999886e+02 1.300000000000000000e+01
6.582000000000000455e+02 4.028000000000000114e+02 1.300000000000000000e+01
6.590000000000000000e+02 4.023999999999999773e+02 1.300000000000000000e+01
6.600000000000000000e+02 4.021999999999999886e+02 1.300000000000000000e+01
6.607999999999999545e+02 4.018000000000000114e+02 1.300000000000000000e+01
6.616000000000000227e+02 4.016000000000000227e+02 1.300000000000000000e+01
6.623999999999999773e+02 4.013999999999999773e+02 1.300000000000000000e+01
6.630000000000000000e+02 4.011999999999999886e+02 1.200000000000000000e+01
6.636000000000000227e+02 4.010000000000000000e+02 1.300000000000000000e+01
6.643999999999999773e+02 4.010000000000000000e+02 1.200000000000000000e+01
6.652000000000000455e+02 4.010000000000000000e+02 1.200000000000000000e+01
6.660000000000000000e+02 4.010000000000000000e+02 1.200000000000000000e+01
6.670000000000000000e+02 4.010000000000000000e+02 1.200000000000000000e+01
6.680000000000000000e+02 4.010000000000000000e+02 1.200000000000000000e+01
6.690000000000000000e+02 4.010000000000000000e+02 1.200000000000000000e+01
6.700000000000000000e+02 4.010000000000000000e+02 1.200000000000000000e+01
6.710000000000000000e+02 4.010000000000000000e+02 1.200000000000000000e+01
6.720000000000000000e+02 4.010000000000000000e+02 1.200000000000000000e+01
6.730000000000000000e+02 4.008000000000000114e+02 1.200000000000000000e+01
6.740000000000000000e+02 4.006000000000000227e+02 1.200000000000000000e+01
6.750000000000000000e+02 4.003999999999999773e+02 1.200000000000000000e+01
6.760000000000000000e+02 4.001999999999999886e+02 1.200000000000000000e+01
6.770000000000000000e+02 4.000000000000000000e+02 1.200000000000000000e+01
6.780000000000000000e+02 4.000000000000000000e+02 1.200000000000000000e+01
6.790000000000000000e+02 4.000000000000000000e+02 1.200000000000000000e+01
6.800000000000000000e+02 4.000000000000000000e+02 1.200000000000000000e+01
6.810000000000000000e+02 4.000000000000000000e+02 1.200000000000000000e+01
6.817999999999999545e+02 3.998000000000000114e+02 1.200000000000000000e+01
6.826000000000000227e+02 3.996000000000000227e+02 1.200000000000000000e+01
6.833999999999999773e+02 3.993999999999999773e+02 1.200000000000000000e+01
6.840000000000000000e+02 3.990000000000000000e+02 1.200000000000000000e+01
6.846000000000000227e+02 3.986000000000000227e+02 1.200000000000000000e+01
6.852000000000000455e+02 3.981999999999999886e+02 1.200000000000000000e+01
6.857999999999999545e+02 3.978000000000000114e+02 1.200000000000000000e+01
6.862000000000000455e+02 3.971999999999999886e+02 1.200000000000000000e+01
6.867999999999999545e+02 3.968000000000000114e+02 1.200000000000000000e+01
6.872000000000000455e+02 3.963999999999999773e+02 1.100000000000000000e+01
6.876000000000000227e+02 3.960000000000000000e+02 1.200000000000000000e+01
6.880000000000000000e+02 3.956000000000000227e+02 1.100000000000000000e+01
6.883999999999999773e+02 3.951999999999999886e+02 1.100000000000000000e+01
6.887999999999999545e+02 3.948000000000000114e+02 1.100000000000000000e+01
6.893999999999999773e+02 3.943999999999999773e+02 1.100000000000000000e+01
6.900000000000000000e+02 3.940000000000000000e+02 1.100000000000000000e+01
6.906000000000000227e+02 3.936000000000000227e+02 1.100000000000000000e+01
6.910000000000000000e+02 3.935000000000000000e+02 1.100000000000000000e+01
