7.400000000000000000e+02 1.052000000000000000e+03 1.500000000000000000e+01
7.410000000000000000e+02 1.052000000000000000e+03 1.500000000000000000e+01
7.420000000000000000e+02 1.052000000000000000e+03 1.500000000000000000e+01
7.430000000000000000e+02 1.052000000000000000e+03 1.500000000000000000e+01
7.437999999999999545e+02 1.052000000000000000e+03 1.500000000000000000e+01
7.446000000000000227e+02 1.052000000000000000e+03 1.600000000000000000e+01
7.453999999999999773e+02 1.052000000000000000e+03 1.600000000000000000e+01
7.462000000000000455e+02 1.052000000000000000e+03 1.600000000000000000e+01
7.470000000000000000e+02 1.052000000000000000e+03 1.600000000000000000e+01
7.480000000000000000e+02 1.052000000000000000e+03 1.600000000000000000e+01
7.490000000000000000e+02 1.052200000000000045e+03 1.600000000000000000e+01
7.497999999999999545e+02 1.052400000000000091e+03 1.600000000000000000e+01
7.506000000000000227e+02 1.052599999999999909e+03 1.700000000000000000e+01
7.512000000000000455e+02 1.053000000000000000e+03 1.700000000000000000e+01
7.517999999999999545e+02 1.053400000000000091e+03 1.700000000000000000e+01
7.522000000000000455e+02 1.053799999999999955e+03 1.700000000000000000e+01
7.526000000000000227e+02 1.054400000000000091e+03 1.700000000000000000e+01
7.530000000000000000e+02 1.055000000000000000e+03 1.800000000000000000e+01
7.533999999999999773e+02 1.055599999999999909e+03 1.800000000000000000e+01
7.537999999999999545e+02 1.056200000000000045e+03 1.800000000000000000e+01
7.542000000000000455e+02 1.056799999999999955e+03 1.800000000000000000e+01
7.547999999999999545e+02 1.057200000000000045e+03 1.800000000000000000e+01
7.552000000000000455e+02 1.057799999999999955e+03 1.800000000000000000e+01
7.557999999999999545e+02 1.058200000000000045e+03 1.800000000000000000e+01
7.563999999999999773e+02 1.058799999999999955e+03 1.800000000000000000e+01
7.572000000000000455e+02 1.059200000000000045e+03 1.800000000000000000e+01
7.580000000000000000e+02 1.059599999999999909e+03 1.800000000000000000e+01
7.590000000000000000e+02 1.059799999999999955e+03 1.800000000000000000e+01
7.600000000000000000e+02 1.060000000000000000e+03 1.800000000000000000e+01
7.610000000000000000e+02 1.060000000000000000e+03 1.800000000000000000e+01
7.617999999999999545e+02 1.060000000000000000e+03 1.700000000000000000e+01
7.626000000000000227e+02 1.060000000000000000e+03 1.800000000000000000e+01
7.633999999999999773e+02 1.060000000000000000e+03 1.700000000000000000e+01
7.642000000000000455e+02 1.060000000000000000e+03 1.700000000000000000e+01
7.647999999999999545e+02 1.059799999999999955e+03 1.700000000000000000e+01
7.656000000000000227e+02 1.059599999999999909e+03 1.700000000000000000e+01
7.663999999999999773e+02 1.059400000000000091e+03 1.700000000000000000e+01
7.667500000000000000e+02 1.059250000000000000e+03 1.700000000000000000e+01
