1.129200000000000045e+03 1.688799999999999955e+03 1.400000000000000000e+01
1.129799999999999955e+03 1.689200000000000045e+03 1.400000000000000000e+01
1.130400000000000091e+03 1.689599999999999909e+03 1.400000000000000000e+01
1.131000000000000000e+03 1.690000000000000000e+03 1.400000000000000000e+01
1.131599999999999909e+03 1.690400000000000091e+03 1.400000000000000000e+01
1.132400000000000091e+03 1.690799999999999955e+03 1.400000000000000000e+01
1.133200000000000045e+03 1.691200000000000045e+03 1.400000000000000000e+01
1.134000000000000000e+03 1.691799999999999955e+03 1.400000000000000000e+01
1.135000000000000000e+03 1.692200000000000045e+03 1.400000000000000000e+01
1.136000000000000000e+03 1.692599999999999909e+03 1.400000000000000000e+01
1.136799999999999955e+03 1.693000000000000000e+03 1.400000000000000000e+01
1.137599999999999909e+03 1.693400000000000091e+03 1.400000000000000000e+01
1.138400000000000091e+03 1.693599999999999909e+03 1.400000000000000000e+01
1.139200000000000045e+03 1.694000000000000000e+03 1.400000000000000000e+01
1.140000000000000000e+03 1.694400000000000091e+03 1.400000000000000000e+01
1.141000000000000000e+03 1.694599999999999909e+03 1.400000000000000000e+01
1.141799999999999955e+03 1.695000000000000000e+03 1.400000000000000000e+01
1.142599999999999909e+03 1.695400000000000091e+03 1.400000000000000000e+01
1.143400000000000091e+03 1.695599999999999909e+03 1.400000000000000000e+01
1.144000000000000000e+03 1.696000000000000000e+03 1.400000000000000000e+01
1.144599999999999909e+03 1.696400000000000091e+03 1.400000000000000000e+01
1.145400000000000091e+03 1.696799999999999955e+03 1.400000000000000000e+01
1.146200000000000045e+03 1.697200000000000045e+03 1.400000000000000000e+01
1.146799999999999955e+03 1.697799999999999955e+03 1.400000000000000000e+01
1.147599999999999909e+03 1.698200000000000045e+03 1.400000000000000000e+01
1.148200000000000045e+03 1.698799999999999955e+03 1.400000000000000000e+01
1.148799999999999955e+03 1.699200000000000045e+03 1.400000000000000000e+01
1.149400000000000091e+03 1.699599999999999909e+03 1.400000000000000000e+01
1.150000000000000000e+03 1.700000000000000000e+03 1.400000000000000000e+01
1.150599999999999909e+03 1.700400000000000091e+03 1.400000000000000000e+01
1.151400000000000091e+03 1.700599999999999909e+03 1.400000000000000000e+01
1.152200000000000045e+03 1.700799999999999955e+03 1.400000000000000000e+01
1.153000000000000000e+03 1.701000000000000000e+03 1.400000000000000000e+01
1.154000000000000000e+03 1.701000000000000000e+03 1.400000000000000000e+01
1.155000000000000000e+03 1.701000000000000000e+03 1.400000000000000000e+01
1.156000000000000000e+03 1.701000000000000000e+03 1.400000000000000000e+01
1.157000000000000000e+03 1.701000000000000000e+03 1.400000000000000000e+01
1.158000000000000000e+03 1.701000000000000000e+03 1.400000000000000000e+01
1.159000000000000000e+03 1.701000000000000000e+03 1.400000000000000000e+01
1.159799999999999955e+03 1.701200000000000045e+03 1.400000000000000000e+01
1.160599999999999909e+03 1.701400000000000091e+03 1.400000000000000000e+01
1.161400000000000091e+03 1.701599999999999909e+03 1.400000000000000000e+01
1.162000000000000000e+03 1.702000000000000000e+03 1.400000000000000000e+01
1.162599999999999909e+03 1.702400000000000091e+03 1.400000000000000000e+01
1.163200000000000045e+03 1.702799999999999955e+03 1.400000000000000000e+01
1.163799999999999955e+03 1.703200000000000045e+03 1.400000000000000000e+01
1.164200000000000045e+03 1.703799999999999955e+03 1.400000000000000000e+01
1.164599999999999909e+03 1.704400000000000091e+03 1.400000000000000000e+01
1.165000000000000000e+03 1.705000000000000000e+03 1.400000000000000000e+01
1.165400000000000091e+03 1.705599999999999909e+03 1.400000000000000000e+01
1.165599999999999909e+03 1.706400000000000091e+03 1.400000000000000000e+01
1.166000000000000000e+03 1.707200000000000045e+03 1.400000000000000000e+01
1.166400000000000091e+03 1.708000000000000000e+03 1.400000000000000000e+01
1.166799999999999955e+03 1.709000000000000000e+03 1.400000000000000000e+01
1.167000000000000000e+03 1.709500000000000000e+03 1.400000000000000000e+01
