5.850000000000000000e+02 1.400000000000000000e+03 1.500000000000000000e+01
5.860000000000000000e+02 1.400000000000000000e+03 1.500000000000000000e+01
5.867999999999999545e+02 1.400200000000000045e+03 1.500000000000000000e+01
5.876000000000000227e+02 1.400400000000000091e+03 1.500000000000000000e+01
5.882000000000000455e+02 1.400799999999999955e+03 1.500000000000000000e+01
5.887999999999999545e+02 1.401200000000000045e+03 1.500000000000000000e+01
5.892000000000000455e+02 1.401799999999999955e+03 1.500000000000000000e+01
5.896000000000000227e+02 1.402400000000000091e+03 1.500000000000000000e+01
5.900000000000000000e+02 1.403000000000000000e+03 1.500000000000000000e+01
5.903999999999999773e+02 1.403599999999999909e+03 1.500000000000000000e+01
5.906000000000000227e+02 1.404400000000000091e+03 1.500000000000000000e+01
5.910000000000000000e+02 1.405200000000000045e+03 1.500000000000000000e+01
5.913999999999999773e+02 1.406000000000000000e+03 1.500000000000000000e+01
5.916000000000000227e+02 1.407000000000000000e+03 1.500000000000000000e+01
5.920000000000000000e+02 1.407799999999999955e+03 1.500000000000000000e+01
5.923999999999999773e+02 1.408599999999999909e+03 1.500000000000000000e+01
5.926000000000000227e+02 1.409400000000000091e+03 1.500000000000000000e+01
5.930000000000000000e+02 1.410200000000000045e+03 1.500000000000000000e+01
5.933999999999999773e+02 1.411000000000000000e+03 1.500000000000000000e+01
5.937999999999999545e+02 1.411799999999999955e+03 1.500000000000000000e+01
5.942000000000000455e+02 1.412599999999999909e+03 1.500000000000000000e+01
5.947999999999999545e+02 1.413200000000000045e+03 1.500000000000000000e+01
5.952000000000000455e+02 1.413799999999999955e+03 1.500000000000000000e+01
5.957999999999999545e+02 1.414200000000000045e+03 1.500000000000000000e+01
5.962000000000000455e+02 1.414799999999999955e+03 1.500000000000000000e+01
5.967999999999999545e+02 1.415200000000000045e+03 1.500000000000000000e+01
5.973999999999999773e+02 1.415799999999999955e+03 1.500000000000000000e+01
5.977500000000000000e+02 1.416000000000000000e+03 1.600000000000000000e+01
