4.076000000000000227e+02 1.100200000000000045e+03 1.400000000000000000e+01
4.081999999999999886e+02 1.100799999999999955e+03 1.400000000000000000e+01
4.088000000000000114e+02 1.101200000000000045e+03 1.400000000000000000e+01
4.093999999999999773e+02 1.101799999999999955e+03 1.400000000000000000e+01
4.101999999999999886e+02 1.102200000000000045e+03 1.400000000000000000e+01
4.108000000000000114e+02 1.102799999999999955e+03 1.400000000000000000e+01
4.116000000000000227e+02 1.103200000000000045e+03 1.400000000000000000e+01
4.121999999999999886e+02 1.103799999999999955e+03 1.400000000000000000e+01
4.128000000000000114e+02 1.104200000000000045e+03 1.400000000000000000e+01
4.133999999999999773e+02 1.104799999999999955e+03 1.400000000000000000e+01
4.141999999999999886e+02 1.105200000000000045e+03 1.400000000000000000e+01
4.148000000000000114e+02 1.105799999999999955e+03 1.400000000000000000e+01
4.156000000000000227e+02 1.106200000000000045e+03 1.400000000000000000e+01
4.161999999999999886e+02 1.106599999999999909e+03 1.400000000000000000e+01
4.168000000000000114e+02 1.106799999999999955e+03 1.500000000000000000e+01
4.171999999999999886e+02 1.107200000000000045e+03 1.500000000000000000e+01
4.178000000000000114e+02 1.107400000000000091e+03 1.500000000000000000e+01
4.183999999999999773e+02 1.107599999999999909e+03 1.500000000000000000e+01
4.190000000000000000e+02 1.108000000000000000e+03 1.500000000000000000e+01
4.196000000000000227e+02 1.108400000000000091e+03 1.500000000000000000e+01
4.203999999999999773e+02 1.108599999999999909e+03 1.500000000000000000e+01
4.210000000000000000e+02 1.109000000000000000e+03 1.500000000000000000e+01
4.216000000000000227e+02 1.109400000000000091e+03 1.500000000000000000e+01
4.223999999999999773e+02 1.109599999999999909e+03 1.500000000000000000e+01
4.231999999999999886e+02 1.110000000000000000e+03 1.500000000000000000e+01
4.240000000000000000e+02 1.110400000000000091e+03 1.500000000000000000e+01
4.250000000000000000e+02 1.110599999999999909e+03 1.500000000000000000e+01
4.258000000000000114e+02 1.111000000000000000e+03 1.500000000000000000e+01
4.266000000000000227e+02 1.111400000000000091e+03 1.500000000000000000e+01
4.273999999999999773e+02 1.111599999999999909e+03 1.500000000000000000e+01
4.281999999999999886e+02 1.112000000000000000e+03 1.500000000000000000e+01
4.290000000000000000e+02 1.112400000000000091e+03 1.500000000000000000e+01
4.300000000000000000e+02 1.112799999999999955e+03 1.500000000000000000e+01
4.310000000000000000e+02 1.113200000000000045e+03 1.500000000000000000e+01
4.320000000000000000e+02 1.113599999999999909e+03 1.500000000000000000e+01
4.328000000000000114e+02 1.114000000000000000e+03 1.500000000000000000e+01
4.336000000000000227e+02 1.114400000000000091e+03 1.500000000000000000e+01
4.343999999999999773e+02 1.114799999999999955e+03 1.500000000000000000e+01
4.351999999999999886e+02 1.115200000000000045e+03 1.500000000000000000e+01
4.360000000000000000e+02 1.115799999999999955e+03 1.500000000000000000e+01
4.370000000000000000e+02 1.116200000000000045e+03 1.500000000000000000e+01
4.380000000000000000e+02 1.116599999999999909e+03 1.500000000000000000e+01
4.388000000000000114e+02 1.117000000000000000e+03 1.500000000000000000e+01
4.396000000000000227e+02 1.117400000000000091e+03 1.500000000000000000e+01
4.403999999999999773e+02 1.117599999999999909e+03 1.500000000000000000e+01
4.410000000000000000e+02 1.118000000000000000e+03 1.500000000000000000e+01
4.416000000000000227e+02 1.118400000000000091e+03 1.500000000000000000e+01
4.423999999999999773e+02 1.118599999999999909e+03 1.500000000000000000e+01
4.431999999999999886e+02 1.118799999999999955e+03 1.500000000000000000e+01
4.438000000000000114e+02 1.119200000000000045e+03 1.500000000000000000e+01
4.446000000000000227e+02 1.119400000000000091e+03 1.500000000000000000e+01
4.453999999999999773e+02 1.119599999999999909e+03 1.500000000000000000e+01
4.460000000000000000e+02 1.119799999999999955e+03 1.400000000000000000e+01
4.463999999999999773e+02 1.120200000000000045e+03 1.500000000000000000e+01
4.470000000000000000e+02 1.120400000000000091e+03 1.400000000000000000e+01
4.476000000000000227e+02 1.120599999999999909e+03 1.400000000000000000e+01
4.480000000000000000e+02 1.121000000000000000e+03 1.400000000000000000e+01
4.486000000000000227e+02 1.121400000000000091e+03 1.400000000000000000e+01
4.491999999999999886e+02 1.121799999999999955e+03 1.400000000000000000e+01
4.498000000000000114e+02 1.122200000000000045e+03 1.400000000000000000e+01
4.503999999999999773e+02 1.122599999999999909e+03 1.400000000000000000e+01
4.510000000000000000e+02 1.123000000000000000e+03 1.400000000000000000e+01
4.516000000000000227e+02 1.123400000000000091e+03 1.400000000000000000e+01
4.523999999999999773e+02 1.123799999999999955e+03 1.400000000000000000e+01
4.531999999999999886e+02 1.124200000000000045e+03 1.400000000000000000e+01
4.538000000000000114e+02 1.124799999999999955e+03 1.400000000000000000e+01
4.546000000000000227e+02 1.125200000000000045e+03 1.400000000000000000e+01
4.551999999999999886e+02 1.125799999999999955e+03 1.400000000000000000e+01
4.558000000000000114e+02 1.126200000000000045e+03 1.400000000000000000e+01
4.560000000000000000e+02 1.126500000000000000e+03 1.400000000000000000e+01
