7.163999999999999773e+02 1.007799999999999955e+03 1.500000000000000000e+01
7.172000000000000455e+02 1.008200000000000045e+03 1.500000000000000000e+01
7.177999999999999545e+02 1.008799999999999955e+03 1.500000000000000000e+01
7.186000000000000227e+02 1.009200000000000045e+03 1.500000000000000000e+01
7.193999999999999773e+02 1.009600000000000023e+03 1.500000000000000000e+01
7.200000000000000000e+02 1.010000000000000000e+03 1.500000000000000000e+01
7.206000000000000227e+02 1.010399999999999977e+03 1.500000000000000000e+01
7.213999999999999773e+02 1.010600000000000023e+03 1.500000000000000000e+01
7.220000000000000000e+02 1.011000000000000000e+03 1.500000000000000000e+01
7.226000000000000227e+02 1.011399999999999977e+03 1.500000000000000000e+01
7.233999999999999773e+02 1.011799999999999955e+03 1.500000000000000000e+01
7.242000000000000455e+02 1.012399999999999977e+03 1.500000000000000000e+01
7.250000000000000000e+02 1.013000000000000000e+03 1.500000000000000000e+01
7.257999999999999545e+02 1.013600000000000023e+03 1.500000000000000000e+01
7.266000000000000227e+02 1.014200000000000045e+03 1.500000000000000000e+01
7.272000000000000455e+02 1.014799999999999955e+03 1.500000000000000000e+01
7.277999999999999545e+02 1.015200000000000045e+03 1.500000000000000000e+01
7.282000000000000455e+02 1.015799999999999955e+03 1.500000000000000000e+01
7.287999999999999545e+02 1.016200000000000045e+03 1.500000000000000000e+01
7.292000000000000455e+02 1.016799999999999955e+03 1.500000000000000000e+01
7.297999999999999545e+02 1.017200000000000045e+03 1.500000000000000000e+01
7.302000000000000455e+02 1.017799999999999955e+03 1.500000000000000000e+01
7.306000000000000227e+02 1.018399999999999977e+03 1.500000000000000000e+01
7.310000000000000000e+02 1.019000000000000000e+03 1.500000000000000000e+01
7.313999999999999773e+02 1.019600000000000023e+03 1.500000000000000000e+01
7.316000000000000227e+02 1.020399999999999977e+03 1.500000000000000000e+01
7.320000000000000000e+02 1.021000000000000000e+03 1.500000000000000000e+01
7.323999999999999773e+02 1.021600000000000023e+03 1.500000000000000000e+01
7.326000000000000227e+02 1.022399999999999977e+03 1.500000000000000000e+01
7.327999999999999545e+02 1.023200000000000045e+03 1.500000000000000000e+01
7.332000000000000455e+02 1.023799999999999955e+03 1.500000000000000000e+01
7.333999999999999773e+02 1.024599999999999909e+03 1.500000000000000000e+01
7.336000000000000227e+02 1.025400000000000091e+03 1.500000000000000000e+01
7.337999999999999545e+02 1.026200000000000045e+03 1.500000000000000000e+01
7.340000000000000000e+02 1.027000000000000000e+03 1.500000000000000000e+01
7.340000000000000000e+02 1.028000000000000000e+03 1.500000000000000000e+01
7.340000000000000000e+02 1.029000000000000000e+03 1.500000000000000000e+01
7.340000000000000000e+02 1.030000000000000000e+03 1.500000000000000000e+01
7.340000000000000000e+02 1.031000000000000000e+03 1.500000000000000000e+01
7.340000000000000000e+02 1.032000000000000000e+03 1.500000000000000000e+01
7.340000000000000000e+02 1.033000000000000000e+03 1.500000000000000000e+01
7.340000000000000000e+02 1.034000000000000000e+03 1.500000000000000000e+01
7.340000000000000000e+02 1.035000000000000000e+03 1.500000000000000000e+01
7.340000000000000000e+02 1.036000000000000000e+03 1.500000000000000000e+01
7.340000000000000000e+02 1.037000000000000000e+03 1.500000000000000000e+01
7.342000000000000455e+02 1.037799999999999955e+03 1.500000000000000000e+01
7.343999999999999773e+02 1.038599999999999909e+03 1.500000000000000000e+01
7.346000000000000227e+02 1.039400000000000091e+03 1.500000000000000000e+01
7.347999999999999545e+02 1.040200000000000045e+03 1.500000000000000000e+01
7.350000000000000000e+02 1.041000000000000000e+03 1.500000000000000000e+01
7.350000000000000000e+02 1.042000000000000000e+03 1.500000000000000000e+01
7.352000000000000455e+02 1.042799999999999955e+03 1.500000000000000000e+01
7.353999999999999773e+02 1.043599999999999909e+03 1.500000000000000000e+01
7.356000000000000227e+02 1.044400000000000091e+03 1.500000000000000000e+01
7.357999999999999545e+02 1.045200000000000045e+03 1.500000000000000000e+01
7.362000000000000455e+02 1.046000000000000000e+03 1.500000000000000000e+01
7.363999999999999773e+02 1.047000000000000000e+03 1.500000000000000000e+01
7.366000000000000227e+02 1.048000000000000000e+03 1.500000000000000000e+01
7.370000000000000000e+02 1.049000000000000000e+03 1.500000000000000000e+01
7.372500000000000000e+02 1.049500000000000000e+03 1.500000000000000000e+01
