4.799999999999999822e+00 1.544000000000000057e+02 7.000000000000000000e+00
5.200000000000000178e+00 1.551999999999999886e+02 7.000000000000000000e+00
5.799999999999999822e+00 1.558000000000000114e+02 7.000000000000000000e+00
6.200000000000000178e+00 1.565999999999999943e+02 7.000000000000000000e+00
6.799999999999999822e+00 1.574000000000000057e+02 7.000000000000000000e+00
7.200000000000000178e+00 1.581999999999999886e+02 8.000000000000000000e+00
7.799999999999999822e+00 1.588000000000000114e+02 8.000000000000000000e+00
8.199999999999999289e+00 1.595999999999999943e+02 8.000000000000000000e+00
8.800000000000000711e+00 1.604000000000000057e+02 8.000000000000000000e+00
9.199999999999999289e+00 1.611999999999999886e+02 8.000000000000000000e+00
9.800000000000000711e+00 1.618000000000000114e+02 8.000000000000000000e+00
1.019999999999999929e+01 1.625999999999999943e+02 8.000000000000000000e+00
1.080000000000000071e+01 1.631999999999999886e+02 8.000000000000000000e+00
1.119999999999999929e+01 1.638000000000000114e+02 8.000000000000000000e+00
1.150000000000000000e+01 1.640000000000000000e+02 8.000000000000000000e+00
