1.197599999999999909e+03 9.803999999999999773e+02 6.000000000000000000e+00
1.197799999999999955e+03 9.812000000000000455e+02 6.000000000000000000e+00
1.198200000000000045e+03 9.817999999999999545e+02 6.000000000000000000e+00
1.198400000000000091e+03 9.826000000000000227e+02 6.000000000000000000e+00
1.198599999999999909e+03 9.833999999999999773e+02 6.000000000000000000e+00
1.199000000000000000e+03 9.842000000000000455e+02 6.000000000000000000e+00
1.199400000000000091e+03 9.850000000000000000e+02 6.000000000000000000e+00
1.199599999999999909e+03 9.860000000000000000e+02 6.000000000000000000e+00
1.200000000000000000e+03 9.867999999999999545e+02 6.000000000000000000e+00
1.200400000000000091e+03 9.876000000000000227e+02 6.000000000000000000e+00
1.200799999999999955e+03 9.883999999999999773e+02 6.000000000000000000e+00
1.201200000000000045e+03 9.892000000000000455e+02 6.000000000000000000e+00
1.201799999999999955e+03 9.900000000000000000e+02 6.000000000000000000e+00
1.202200000000000045e+03 9.910000000000000000e+02 6.000000000000000000e+00
1.202799999999999955e+03 9.920000000000000000e+02 6.000000000000000000e+00
1.203200000000000045e+03 9.930000000000000000e+02 6.000000000000000000e+00
1.203799999999999955e+03 9.937999999999999545e+02 6.000000000000000000e+00
1.204200000000000045e+03 9.946000000000000227e+02 6.000000000000000000e+00
1.204599999999999909e+03 9.953999999999999773e+02 6.000000000000000000e+00
1.205000000000000000e+03 9.960000000000000000e+02 6.000000000000000000e+00
1.205400000000000091e+03 9.966000000000000227e+02 6.000000000000000000e+00
1.205599999999999909e+03 9.973999999999999773e+02 6.000000000000000000e+00
1.206000000000000000e+03 9.980000000000000000e+02 6.000000000000000000e+00
1.206400000000000091e+03 9.986000000000000227e+02 6.000000000000000000e+00
1.206599999999999909e+03 9.993999999999999773e+02 6.000000000000000000e+00
1.207000000000000000e+03 1.000000000000000000e+03 6.000000000000000000e+00
1.207250000000000000e+03 1.000250000000000000e+03 6.000000000000000000e+00
