7.326000000000000227e+02 1.124799999999999955e+03 1.800000000000000000e+01
7.322000000000000455e+02 1.125400000000000091e+03 1.800000000000000000e+01
7.317999999999999545e+02 1.126200000000000045e+03 1.800000000000000000e+01
7.312000000000000455e+02 1.126799999999999955e+03 1.800000000000000000e+01
7.307999999999999545e+02 1.127599999999999909e+03 1.800000000000000000e+01
7.303999999999999773e+02 1.128400000000000091e+03 1.800000000000000000e+01
7.302000000000000455e+02 1.129200000000000045e+03 1.800000000000000000e+01
7.297999999999999545e+02 1.129799999999999955e+03 1.800000000000000000e+01
7.296000000000000227e+02 1.130599999999999909e+03 1.700000000000000000e+01
7.293999999999999773e+02 1.131400000000000091e+03 1.700000000000000000e+01
7.290000000000000000e+02 1.132200000000000045e+03 1.700000000000000000e+01
7.286000000000000227e+02 1.133000000000000000e+03 1.700000000000000000e+01
7.283999999999999773e+02 1.134000000000000000e+03 1.700000000000000000e+01
7.282000000000000455e+02 1.135000000000000000e+03 1.700000000000000000e+01
7.277999999999999545e+02 1.136000000000000000e+03 1.700000000000000000e+01
7.276000000000000227e+02 1.137000000000000000e+03 1.700000000000000000e+01
7.273999999999999773e+02 1.138000000000000000e+03 1.700000000000000000e+01
7.272000000000000455e+02 1.138799999999999955e+03 1.700000000000000000e+01
7.270000000000000000e+02 1.139599999999999909e+03 1.600000000000000000e+01
7.267999999999999545e+02 1.140200000000000045e+03 1.600000000000000000e+01
7.266000000000000227e+02 1.140799999999999955e+03 1.600000000000000000e+01
7.263999999999999773e+02 1.141400000000000091e+03 1.600000000000000000e+01
7.262000000000000455e+02 1.142200000000000045e+03 1.600000000000000000e+01
7.257999999999999545e+02 1.142799999999999955e+03 1.600000000000000000e+01
7.256000000000000227e+02 1.143599999999999909e+03 1.600000000000000000e+01
7.253999999999999773e+02 1.144400000000000091e+03 1.600000000000000000e+01
7.252000000000000455e+02 1.145200000000000045e+03 1.600000000000000000e+01
7.250000000000000000e+02 1.146000000000000000e+03 1.600000000000000000e+01
7.250000000000000000e+02 1.147000000000000000e+03 1.600000000000000000e+01
7.250000000000000000e+02 1.148000000000000000e+03 1.600000000000000000e+01
7.252000000000000455e+02 1.148799999999999955e+03 1.600000000000000000e+01
7.253999999999999773e+02 1.149599999999999909e+03 1.600000000000000000e+01
7.256000000000000227e+02 1.150400000000000091e+03 1.600000000000000000e+01
7.257999999999999545e+02 1.151200000000000045e+03 1.600000000000000000e+01
7.260000000000000000e+02 1.152000000000000000e+03 1.600000000000000000e+01
7.262000000000000455e+02 1.152799999999999955e+03 1.600000000000000000e+01
7.263999999999999773e+02 1.153599999999999909e+03 1.600000000000000000e+01
7.266000000000000227e+02 1.154400000000000091e+03 1.600000000000000000e+01
7.267999999999999545e+02 1.155200000000000045e+03 1.600000000000000000e+01
7.272000000000000455e+02 1.156000000000000000e+03 1.600000000000000000e+01
7.273999999999999773e+02 1.157000000000000000e+03 1.600000000000000000e+01
7.276000000000000227e+02 1.158000000000000000e+03 1.500000000000000000e+01
7.277999999999999545e+02 1.159000000000000000e+03 1.500000000000000000e+01
7.280000000000000000e+02 1.160000000000000000e+03 1.500000000000000000e+01
7.282000000000000455e+02 1.160799999999999955e+03 1.500000000000000000e+01
7.282000000000000455e+02 1.161599999999999909e+03 1.500000000000000000e+01
7.282000000000000455e+02 1.162400000000000091e+03 1.500000000000000000e+01
7.282000000000000455e+02 1.163200000000000045e+03 1.500000000000000000e+01
7.280000000000000000e+02 1.163799999999999955e+03 1.500000000000000000e+01
7.276000000000000227e+02 1.164599999999999909e+03 1.500000000000000000e+01
7.272000000000000455e+02 1.165200000000000045e+03 1.500000000000000000e+01
7.266000000000000227e+02 1.165599999999999909e+03 1.500000000000000000e+01
7.260000000000000000e+02 1.166000000000000000e+03 1.500000000000000000e+01
7.253999999999999773e+02 1.166400000000000091e+03 1.500000000000000000e+01
7.246000000000000227e+02 1.166599999999999909e+03 1.500000000000000000e+01
7.240000000000000000e+02 1.167000000000000000e+03 1.500000000000000000e+01
7.237500000000000000e+02 1.167250000000000000e+03 1.500000000000000000e+01
