7.670000000000000000e+02 2.430000000000000000e+02 1.500000000000000000e+01
7.663999999999999773e+02 2.434000000000000057e+02 1.500000000000000000e+01
7.656000000000000227e+02 2.438000000000000114e+02 1.500000000000000000e+01
7.647999999999999545e+02 2.441999999999999886e+02 1.500000000000000000e+01
7.642000000000000455e+02 2.448000000000000114e+02 1.500000000000000000e+01
7.633999999999999773e+02 2.451999999999999886e+02 1.500000000000000000e+01
7.626000000000000227e+02 2.458000000000000114e+02 1.500000000000000000e+01
7.617999999999999545e+02 2.461999999999999886e+02 1.500000000000000000e+01
7.612000000000000455e+02 2.468000000000000114e+02 1.500000000000000000e+01
7.603999999999999773e+02 2.471999999999999886e+02 1.500000000000000000e+01
7.596000000000000227e+02 2.475999999999999943e+02 1.500000000000000000e+01
7.590000000000000000e+02 2.480000000000000000e+02 1.500000000000000000e+01
7.583999999999999773e+02 2.484000000000000057e+02 1.600000000000000000e+01
7.576000000000000227e+02 2.485999999999999943e+02 1.600000000000000000e+01
7.570000000000000000e+02 2.490000000000000000e+02 1.600000000000000000e+01
7.563999999999999773e+02 2.494000000000000057e+02 1.600000000000000000e+01
7.556000000000000227e+02 2.495999999999999943e+02 1.600000000000000000e+01
7.547999999999999545e+02 2.500000000000000000e+02 1.600000000000000000e+01
7.540000000000000000e+02 2.504000000000000057e+02 1.600000000000000000e+01
7.530000000000000000e+02 2.505999999999999943e+02 1.600000000000000000e+01
7.522000000000000455e+02 2.510000000000000000e+02 1.600000000000000000e+01
7.513999999999999773e+02 2.514000000000000057e+02 1.600000000000000000e+01
7.506000000000000227e+02 2.515999999999999943e+02 1.600000000000000000e+01
7.500000000000000000e+02 2.520000000000000000e+02 1.600000000000000000e+01
7.493999999999999773e+02 2.524000000000000057e+02 1.600000000000000000e+01
7.486000000000000227e+02 2.525999999999999943e+02 1.600000000000000000e+01
7.477999999999999545e+02 2.528000000000000114e+02 1.600000000000000000e+01
7.472000000000000455e+02 2.531999999999999886e+02 1.600000000000000000e+01
7.463999999999999773e+02 2.534000000000000057e+02 1.600000000000000000e+01
7.456000000000000227e+02 2.535999999999999943e+02 1.600000000000000000e+01
7.450000000000000000e+02 2.540000000000000000e+02 1.600000000000000000e+01
7.447500000000000000e+02 2.542500000000000000e+02 1.600000000000000000e+01
