1.098400000000000091e+03 1.067599999999999909e+03 7.000000000000000000e+00
1.099200000000000045e+03 1.067799999999999955e+03 7.000000000000000000e+00
1.099799999999999955e+03 1.068200000000000045e+03 7.000000000000000000e+00
1.100599999999999909e+03 1.068400000000000091e+03 7.000000000000000000e+00
1.101400000000000091e+03 1.068599999999999909e+03 7.000000000000000000e+00
1.102000000000000000e+03 1.069000000000000000e+03 7.000000000000000000e+00
1.102599999999999909e+03 1.069400000000000091e+03 7.000000000000000000e+00
1.103200000000000045e+03 1.069599999999999909e+03 7.000000000000000000e+00
1.103799999999999955e+03 1.069799999999999955e+03 8.000000000000000000e+00
1.104400000000000091e+03 1.070000000000000000e+03 8.000000000000000000e+00
1.105000000000000000e+03 1.070200000000000045e+03 8.000000000000000000e+00
1.105599999999999909e+03 1.070400000000000091e+03 8.000000000000000000e+00
1.106400000000000091e+03 1.070599999999999909e+03 8.000000000000000000e+00
1.107200000000000045e+03 1.071000000000000000e+03 8.000000000000000000e+00
1.108000000000000000e+03 1.071400000000000091e+03 8.000000000000000000e+00
1.109000000000000000e+03 1.071599999999999909e+03 8.000000000000000000e+00
1.109799999999999955e+03 1.072000000000000000e+03 8.000000000000000000e+00
1.110599999999999909e+03 1.072400000000000091e+03 8.000000000000000000e+00
1.111400000000000091e+03 1.072599999999999909e+03 8.000000000000000000e+00
1.112200000000000045e+03 1.072799999999999955e+03 8.000000000000000000e+00
1.113000000000000000e+03 1.073200000000000045e+03 8.000000000000000000e+00
1.114000000000000000e+03 1.073400000000000091e+03 8.000000000000000000e+00
1.115000000000000000e+03 1.073599999999999909e+03 8.000000000000000000e+00
1.116000000000000000e+03 1.074000000000000000e+03 8.000000000000000000e+00
1.117000000000000000e+03 1.074400000000000091e+03 8.000000000000000000e+00
1.118000000000000000e+03 1.074599999999999909e+03 8.000000000000000000e+00
1.118799999999999955e+03 1.075000000000000000e+03 8.000000000000000000e+00
1.119599999999999909e+03 1.075400000000000091e+03 8.000000000000000000e+00
1.120200000000000045e+03 1.075599999999999909e+03 8.000000000000000000e+00
1.120799999999999955e+03 1.075799999999999955e+03 9.000000000000000000e+00
1.121200000000000045e+03 1.076200000000000045e+03 9.000000000000000000e+00
1.121799999999999955e+03 1.076400000000000091e+03 9.000000000000000000e+00
1.122400000000000091e+03 1.076599999999999909e+03 9.000000000000000000e+00
1.123200000000000045e+03 1.077000000000000000e+03 9.000000000000000000e+00
1.124000000000000000e+03 1.077400000000000091e+03 9.000000000000000000e+00
1.124799999999999955e+03 1.077799999999999955e+03 9.000000000000000000e+00
1.125599999999999909e+03 1.078200000000000045e+03 9.000000000000000000e+00
1.126400000000000091e+03 1.078799999999999955e+03 9.000000000000000000e+00
1.127200000000000045e+03 1.079200000000000045e+03 9.000000000000000000e+00
1.127799999999999955e+03 1.079799999999999955e+03 9.000000000000000000e+00
1.128599999999999909e+03 1.080200000000000045e+03 9.000000000000000000e+00
1.129400000000000091e+03 1.080599999999999909e+03 9.000000000000000000e+00
1.130000000000000000e+03 1.081000000000000000e+03 9.000000000000000000e+00
1.130599999999999909e+03 1.081400000000000091e+03 9.000000000000000000e+00
1.131200000000000045e+03 1.081799999999999955e+03 9.000000000000000000e+00
1.131799999999999955e+03 1.082200000000000045e+03 9.000000000000000000e+00
1.132400000000000091e+03 1.082799999999999955e+03 9.000000000000000000e+00
1.133200000000000045e+03 1.083400000000000091e+03 9.000000000000000000e+00
1.134000000000000000e+03 1.084000000000000000e+03 9.000000000000000000e+00
1.134799999999999955e+03 1.084599999999999909e+03 9.000000000000000000e+00
1.135599999999999909e+03 1.085200000000000045e+03 9.000000000000000000e+00
1.136200000000000045e+03 1.085799999999999955e+03 9.000000000000000000e+00
1.136799999999999955e+03 1.086200000000000045e+03 9.000000000000000000e+00
1.137400000000000091e+03 1.086799999999999955e+03 9.000000000000000000e+00
1.138200000000000045e+03 1.087200000000000045e+03 9.000000000000000000e+00
1.138799999999999955e+03 1.087799999999999955e+03 9.000000000000000000e+00
1.139599999999999909e+03 1.088200000000000045e+03 9.000000000000000000e+00
1.140200000000000045e+03 1.088799999999999955e+03 9.000000000000000000e+00
1.140799999999999955e+03 1.089200000000000045e+03 9.000000000000000000e+00
1.141000000000000000e+03 1.089500000000000000e+03 1.000000000000000000e+01
