4.448000000000000114e+02 7.763999999999999773e+02 1.800000000000000000e+01
4.451999999999999886e+02 7.772000000000000455e+02 1.800000000000000000e+01
4.458000000000000114e+02 7.777999999999999545e+02 1.800000000000000000e+01
4.461999999999999886e+02 7.786000000000000227e+02 1.800000000000000000e+01
4.468000000000000114e+02 7.793999999999999773e+02 1.800000000000000000e+01
4.471999999999999886e+02 7.802000000000000455e+02 1.800000000000000000e+01
4.478000000000000114e+02 7.807999999999999545e+02 1.800000000000000000e+01
4.481999999999999886e+02 7.816000000000000227e+02 1.800000000000000000e+01
4.488000000000000114e+02 7.822000000000000455e+02 1.800000000000000000e+01
4.491999999999999886e+02 7.827999999999999545e+02 1.800000000000000000e+01
4.498000000000000114e+02 7.833999999999999773e+02 1.800000000000000000e+01
4.501999999999999886e+02 7.842000000000000455e+02 1.800000000000000000e+01
4.508000000000000114e+02 7.847999999999999545e+02 1.800000000000000000e+01
4.511999999999999886e+02 7.856000000000000227e+02 1.800000000000000000e+01
4.518000000000000114e+02 7.862000000000000455e+02 1.800000000000000000e+01
4.521999999999999886e+02 7.867999999999999545e+02 1.800000000000000000e+01
4.528000000000000114e+02 7.872000000000000455e+02 1.800000000000000000e+01
4.531999999999999886e+02 7.877999999999999545e+02 1.800000000000000000e+01
4.536000000000000227e+02 7.883999999999999773e+02 1.800000000000000000e+01
4.540000000000000000e+02 7.890000000000000000e+02 1.800000000000000000e+01
4.543999999999999773e+02 7.896000000000000227e+02 1.800000000000000000e+01
4.548000000000000114e+02 7.902000000000000455e+02 1.800000000000000000e+01
4.551999999999999886e+02 7.907999999999999545e+02 1.800000000000000000e+01
4.558000000000000114e+02 7.913999999999999773e+02 1.800000000000000000e+01
4.561999999999999886e+02 7.922000000000000455e+02 1.800000000000000000e+01
4.568000000000000114e+02 7.927999999999999545e+02 1.800000000000000000e+01
4.571999999999999886e+02 7.936000000000000227e+02 1.800000000000000000e+01
4.576000000000000227e+02 7.943999999999999773e+02 1.800000000000000000e+01
4.580000000000000000e+02 7.950000000000000000e+02 1.800000000000000000e+01
4.583999999999999773e+02 7.956000000000000227e+02 1.800000000000000000e+01
4.586000000000000227e+02 7.963999999999999773e+02 1.800000000000000000e+01
4.590000000000000000e+02 7.970000000000000000e+02 1.800000000000000000e+01
4.593999999999999773e+02 7.976000000000000227e+02 1.800000000000000000e+01
4.596000000000000227e+02 7.983999999999999773e+02 1.800000000000000000e+01
4.600000000000000000e+02 7.990000000000000000e+02 1.800000000000000000e+01
4.603999999999999773e+02 7.996000000000000227e+02 1.800000000000000000e+01
4.606000000000000227e+02 8.003999999999999773e+02 1.800000000000000000e+01
4.610000000000000000e+02 8.010000000000000000e+02 1.800000000000000000e+01
4.613999999999999773e+02 8.016000000000000227e+02 1.800000000000000000e+01
4.618000000000000114e+02 8.023999999999999773e+02 1.800000000000000000e+01
4.621999999999999886e+02 8.032000000000000455e+02 1.800000000000000000e+01
4.628000000000000114e+02 8.037999999999999545e+02 1.800000000000000000e+01
4.631999999999999886e+02 8.046000000000000227e+02 1.800000000000000000e+01
4.635000000000000000e+02 8.050000000000000000e+02 1.800000000000000000e+01
