1.307799999999999955e+03 1.676799999999999955e+03 2.000000000000000000e+01
1.308400000000000091e+03 1.676200000000000045e+03 2.000000000000000000e+01
1.309200000000000045e+03 1.675599999999999909e+03 2.000000000000000000e+01
1.310000000000000000e+03 1.674799999999999955e+03 2.000000000000000000e+01
1.310799999999999955e+03 1.674000000000000000e+03 2.000000000000000000e+01
1.311599999999999909e+03 1.673200000000000045e+03 2.000000000000000000e+01
1.312200000000000045e+03 1.672400000000000091e+03 2.000000000000000000e+01
1.312799999999999955e+03 1.671799999999999955e+03 2.000000000000000000e+01
1.313200000000000045e+03 1.671200000000000045e+03 2.000000000000000000e+01
1.313599999999999909e+03 1.670599999999999909e+03 2.000000000000000000e+01
1.314000000000000000e+03 1.669599999999999909e+03 2.000000000000000000e+01
1.314400000000000091e+03 1.669000000000000000e+03 2.100000000000000000e+01
1.314599999999999909e+03 1.668000000000000000e+03 2.000000000000000000e+01
1.314799999999999955e+03 1.666799999999999955e+03 2.100000000000000000e+01
1.315200000000000045e+03 1.665799999999999955e+03 2.100000000000000000e+01
1.315400000000000091e+03 1.665000000000000000e+03 2.100000000000000000e+01
1.315599999999999909e+03 1.663799999999999955e+03 2.100000000000000000e+01
1.315799999999999955e+03 1.662799999999999955e+03 2.100000000000000000e+01
1.316200000000000045e+03 1.662000000000000000e+03 2.100000000000000000e+01
1.316599999999999909e+03 1.661200000000000045e+03 2.100000000000000000e+01
1.317000000000000000e+03 1.660400000000000091e+03 2.100000000000000000e+01
1.317599999999999909e+03 1.659799999999999955e+03 2.100000000000000000e+01
1.318200000000000045e+03 1.659599999999999909e+03 2.100000000000000000e+01
1.318799999999999955e+03 1.659599999999999909e+03 2.100000000000000000e+01
1.319000000000000000e+03 1.659500000000000000e+03 2.100000000000000000e+01
