6.726000000000000227e+02 1.055999999999999943e+02 1.500000000000000000e+01
6.727999999999999545e+02 1.047999999999999972e+02 1.500000000000000000e+01
6.732000000000000455e+02 1.042000000000000028e+02 1.500000000000000000e+01
6.733999999999999773e+02 1.034000000000000057e+02 1.500000000000000000e+01
6.736000000000000227e+02 1.025999999999999943e+02 1.500000000000000000e+01
6.737999999999999545e+02 1.017999999999999972e+02 1.500000000000000000e+01
6.740000000000000000e+02 1.012000000000000028e+02 1.500000000000000000e+01
6.742000000000000455e+02 1.004000000000000057e+02 1.400000000000000000e+01
6.743999999999999773e+02 9.959999999999999432e+01 1.400000000000000000e+01
6.746000000000000227e+02 9.879999999999999716e+01 1.400000000000000000e+01
6.750000000000000000e+02 9.820000000000000284e+01 1.400000000000000000e+01
6.753999999999999773e+02 9.740000000000000568e+01 1.400000000000000000e+01
6.756000000000000227e+02 9.659999999999999432e+01 1.400000000000000000e+01
6.760000000000000000e+02 9.579999999999999716e+01 1.400000000000000000e+01
6.763999999999999773e+02 9.500000000000000000e+01 1.400000000000000000e+01
6.767999999999999545e+02 9.420000000000000284e+01 1.400000000000000000e+01
6.772000000000000455e+02 9.340000000000000568e+01 1.400000000000000000e+01
6.777999999999999545e+02 9.259999999999999432e+01 1.400000000000000000e+01
6.783999999999999773e+02 9.179999999999999716e+01 1.400000000000000000e+01
6.790000000000000000e+02 9.100000000000000000e+01 1.400000000000000000e+01
6.796000000000000227e+02 9.020000000000000284e+01 1.400000000000000000e+01
6.802000000000000455e+02 8.940000000000000568e+01 1.400000000000000000e+01
6.807999999999999545e+02 8.879999999999999716e+01 1.400000000000000000e+01
6.812000000000000455e+02 8.820000000000000284e+01 1.400000000000000000e+01
6.817999999999999545e+02 8.779999999999999716e+01 1.400000000000000000e+01
6.822000000000000455e+02 8.720000000000000284e+01 1.400000000000000000e+01
6.826000000000000227e+02 8.659999999999999432e+01 1.400000000000000000e+01
6.830000000000000000e+02 8.579999999999999716e+01 1.400000000000000000e+01
6.833999999999999773e+02 8.500000000000000000e+01 1.400000000000000000e+01
6.836000000000000227e+02 8.400000000000000000e+01 1.400000000000000000e+01
6.837999999999999545e+02 8.300000000000000000e+01 1.400000000000000000e+01
6.840000000000000000e+02 8.200000000000000000e+01 1.400000000000000000e+01
6.842000000000000455e+02 8.120000000000000284e+01 1.400000000000000000e+01
6.843999999999999773e+02 8.040000000000000568e+01 1.400000000000000000e+01
6.846000000000000227e+02 7.959999999999999432e+01 1.400000000000000000e+01
6.847999999999999545e+02 7.879999999999999716e+01 1.400000000000000000e+01
6.850000000000000000e+02 7.800000000000000000e+01 1.400000000000000000e+01
6.850000000000000000e+02 7.700000000000000000e+01 1.400000000000000000e+01
6.850000000000000000e+02 7.600000000000000000e+01 1.400000000000000000e+01
6.850000000000000000e+02 7.500000000000000000e+01 1.400000000000000000e+01
6.852000000000000455e+02 7.420000000000000284e+01 1.400000000000000000e+01
6.853999999999999773e+02 7.340000000000000568e+01 1.400000000000000000e+01
6.856000000000000227e+02 7.259999999999999432e+01 1.400000000000000000e+01
6.857999999999999545e+02 7.179999999999999716e+01 1.400000000000000000e+01
6.860000000000000000e+02 7.100000000000000000e+01 1.400000000000000000e+01
6.860000000000000000e+02 7.000000000000000000e+01 1.400000000000000000e+01
6.860000000000000000e+02 6.900000000000000000e+01 1.400000000000000000e+01
6.862000000000000455e+02 6.820000000000000284e+01 1.400000000000000000e+01
6.863999999999999773e+02 6.740000000000000568e+01 1.400000000000000000e+01
6.866000000000000227e+02 6.659999999999999432e+01 1.400000000000000000e+01
6.870000000000000000e+02 6.579999999999999716e+01 1.400000000000000000e+01
6.876000000000000227e+02 6.520000000000000284e+01 1.400000000000000000e+01
6.880000000000000000e+02 6.440000000000000568e+01 1.400000000000000000e+01
6.886000000000000227e+02 6.379999999999999716e+01 1.400000000000000000e+01
6.893999999999999773e+02 6.339999999999999858e+01 1.400000000000000000e+01
6.902000000000000455e+02 6.320000000000000284e+01 1.400000000000000000e+01
6.907999999999999545e+02 6.279999999999999716e+01 1.400000000000000000e+01
6.916000000000000227e+02 6.260000000000000142e+01 1.400000000000000000e+01
6.922000000000000455e+02 6.220000000000000284e+01 1.400000000000000000e+01
6.927999999999999545e+02 6.179999999999999716e+01 1.400000000000000000e+01
6.932000000000000455e+02 6.120000000000000284e+01 1.400000000000000000e+01
6.937999999999999545e+02 6.079999999999999716e+01 1.400000000000000000e+01
6.942000000000000455e+02 6.020000000000000284e+01 1.400000000000000000e+01
6.947999999999999545e+02 5.979999999999999716e+01 1.400000000000000000e+01
6.952000000000000455e+02 5.920000000000000284e+01 1.400000000000000000e+01
6.957999999999999545e+02 5.879999999999999716e+01 1.400000000000000000e+01
6.962000000000000455e+02 5.820000000000000284e+01 1.400000000000000000e+01
6.967999999999999545e+02 5.760000000000000142e+01 1.400000000000000000e+01
6.972000000000000455e+02 5.679999999999999716e+01 1.400000000000000000e+01
6.977999999999999545e+02 5.620000000000000284e+01 1.400000000000000000e+01
6.982000000000000455e+02 5.539999999999999858e+01 1.400000000000000000e+01
6.986000000000000227e+02 5.460000000000000142e+01 1.400000000000000000e+01
6.990000000000000000e+02 5.400000000000000000e+01 1.400000000000000000e+01
6.993999999999999773e+02 5.339999999999999858e+01 1.400000000000000000e+01
6.997999999999999545e+02 5.260000000000000142e+01 1.400000000000000000e+01
7.002000000000000455e+02 5.179999999999999716e+01 1.400000000000000000e+01
7.007999999999999545e+02 5.120000000000000284e+01 1.400000000000000000e+01
7.012000000000000455e+02 5.039999999999999858e+01 1.400000000000000000e+01
7.016000000000000227e+02 4.960000000000000142e+01 1.400000000000000000e+01
7.020000000000000000e+02 4.900000000000000000e+01 1.400000000000000000e+01
7.023999999999999773e+02 4.839999999999999858e+01 1.400000000000000000e+01
7.026000000000000227e+02 4.760000000000000142e+01 1.400000000000000000e+01
7.030000000000000000e+02 4.679999999999999716e+01 1.400000000000000000e+01
7.033999999999999773e+02 4.600000000000000000e+01 1.400000000000000000e+01
7.036000000000000227e+02 4.500000000000000000e+01 1.400000000000000000e+01
7.040000000000000000e+02 4.420000000000000284e+01 1.400000000000000000e+01
7.043999999999999773e+02 4.339999999999999858e+01 1.400000000000000000e+01
7.046000000000000227e+02 4.260000000000000142e+01 1.400000000000000000e+01
7.047999999999999545e+02 4.179999999999999716e+01 1.400000000000000000e+01
7.050000000000000000e+02 4.100000000000000000e+01 1.400000000000000000e+01
7.052000000000000455e+02 4.020000000000000284e+01 1.400000000000000000e+01
7.053999999999999773e+02 3.939999999999999858e+01 1.400000000000000000e+01
7.056000000000000227e+02 3.860000000000000142e+01 1.400000000000000000e+01
7.057999999999999545e+02 3.779999999999999716e+01 1.400000000000000000e+01
7.060000000000000000e+02 3.700000000000000000e+01 1.400000000000000000e+01
7.060000000000000000e+02 3.600000000000000000e+01 1.400000000000000000e+01
7.060000000000000000e+02 3.500000000000000000e+01 1.400000000000000000e+01
7.060000000000000000e+02 3.400000000000000000e+01 1.400000000000000000e+01
7.060000000000000000e+02 3.300000000000000000e+01 1.400000000000000000e+01
7.060000000000000000e+02 3.200000000000000000e+01 1.400000000000000000e+01
7.062000000000000455e+02 3.119999999999999929e+01 1.400000000000000000e+01
7.063999999999999773e+02 3.039999999999999858e+01 1.400000000000000000e+01
7.066000000000000227e+02 2.960000000000000142e+01 1.400000000000000000e+01
7.067999999999999545e+02 2.880000000000000071e+01 1.400000000000000000e+01
7.070000000000000000e+02 2.800000000000000000e+01 1.400000000000000000e+01
7.070000000000000000e+02 2.700000000000000000e+01 1.400000000000000000e+01
7.070000000000000000e+02 2.600000000000000000e+01 1.400000000000000000e+01
7.067999999999999545e+02 2.519999999999999929e+01 1.400000000000000000e+01
7.066000000000000227e+02 2.439999999999999858e+01 1.400000000000000000e+01
7.063999999999999773e+02 2.360000000000000142e+01 1.400000000000000000e+01
7.062000000000000455e+02 2.280000000000000071e+01 1.400000000000000000e+01
7.060000000000000000e+02 2.200000000000000000e+01 1.400000000000000000e+01
7.060000000000000000e+02 2.100000000000000000e+01 1.400000000000000000e+01
7.060000000000000000e+02 2.000000000000000000e+01 1.400000000000000000e+01
7.060000000000000000e+02 1.900000000000000000e+01 1.400000000000000000e+01
7.060000000000000000e+02 1.800000000000000000e+01 1.400000000000000000e+01
7.060000000000000000e+02 1.700000000000000000e+01 1.400000000000000000e+01
7.060000000000000000e+02 1.600000000000000000e+01 1.400000000000000000e+01
7.060000000000000000e+02 1.500000000000000000e+01 1.400000000000000000e+01
7.060000000000000000e+02 1.400000000000000000e+01 1.400000000000000000e+01
7.060000000000000000e+02 1.300000000000000000e+01 1.400000000000000000e+01
7.060000000000000000e+02 1.200000000000000000e+01 1.400000000000000000e+01
7.062000000000000455e+02 1.100000000000000000e+01 1.400000000000000000e+01
7.063999999999999773e+02 1.000000000000000000e+01 1.400000000000000000e+01
7.066000000000000227e+02 9.000000000000000000e+00 1.400000000000000000e+01
7.067999999999999545e+02 8.000000000000000000e+00 1.400000000000000000e+01
7.070000000000000000e+02 7.000000000000000000e+00 1.400000000000000000e+01
7.070000000000000000e+02 6.000000000000000000e+00 1.400000000000000000e+01
7.072000000000000455e+02 5.000000000000000000e+00 1.400000000000000000e+01
7.073999999999999773e+02 4.000000000000000000e+00 1.400000000000000000e+01
7.077999999999999545e+02 2.799999999999999822e+00 1.400000000000000000e+01
7.080000000000000000e+02 1.800000000000000044e+00 1.500000000000000000e+01
7.082000000000000455e+02 1.199999999999999956e+00 1.400000000000000000e+01
7.082500000000000000e+02 7.500000000000000000e-01 1.400000000000000000e+01
