5.787999999999999545e+02 1.563200000000000045e+03 1.400000000000000000e+01
5.793999999999999773e+02 1.563599999999999909e+03 1.400000000000000000e+01
5.800000000000000000e+02 1.564000000000000000e+03 1.400000000000000000e+01
5.806000000000000227e+02 1.564400000000000091e+03 1.400000000000000000e+01
5.812000000000000455e+02 1.564799999999999955e+03 1.400000000000000000e+01
5.817999999999999545e+02 1.565200000000000045e+03 1.400000000000000000e+01
5.823999999999999773e+02 1.565799999999999955e+03 1.400000000000000000e+01
5.832000000000000455e+02 1.566200000000000045e+03 1.400000000000000000e+01
5.837999999999999545e+02 1.566799999999999955e+03 1.400000000000000000e+01
5.846000000000000227e+02 1.567200000000000045e+03 1.400000000000000000e+01
5.853999999999999773e+02 1.567799999999999955e+03 1.400000000000000000e+01
5.862000000000000455e+02 1.568400000000000091e+03 1.400000000000000000e+01
5.870000000000000000e+02 1.569000000000000000e+03 1.400000000000000000e+01
5.877999999999999545e+02 1.569599999999999909e+03 1.400000000000000000e+01
5.886000000000000227e+02 1.570200000000000045e+03 1.400000000000000000e+01
5.893999999999999773e+02 1.570799999999999955e+03 1.400000000000000000e+01
5.902000000000000455e+02 1.571400000000000091e+03 1.400000000000000000e+01
5.910000000000000000e+02 1.572000000000000000e+03 1.400000000000000000e+01
5.917999999999999545e+02 1.572599999999999909e+03 1.400000000000000000e+01
5.926000000000000227e+02 1.573200000000000045e+03 1.400000000000000000e+01
5.932000000000000455e+02 1.573799999999999955e+03 1.400000000000000000e+01
5.937999999999999545e+02 1.574200000000000045e+03 1.400000000000000000e+01
5.942000000000000455e+02 1.574799999999999955e+03 1.400000000000000000e+01
5.947999999999999545e+02 1.575200000000000045e+03 1.400000000000000000e+01
5.953999999999999773e+02 1.575799999999999955e+03 1.400000000000000000e+01
5.962000000000000455e+02 1.576400000000000091e+03 1.400000000000000000e+01
5.970000000000000000e+02 1.577000000000000000e+03 1.400000000000000000e+01
5.977999999999999545e+02 1.577599999999999909e+03 1.400000000000000000e+01
5.986000000000000227e+02 1.578400000000000091e+03 1.400000000000000000e+01
5.993999999999999773e+02 1.579000000000000000e+03 1.400000000000000000e+01
6.000000000000000000e+02 1.579599999999999909e+03 1.400000000000000000e+01
6.006000000000000227e+02 1.580200000000000045e+03 1.400000000000000000e+01
6.012000000000000455e+02 1.580799999999999955e+03 1.400000000000000000e+01
6.017999999999999545e+02 1.581200000000000045e+03 1.400000000000000000e+01
6.023999999999999773e+02 1.581799999999999955e+03 1.400000000000000000e+01
6.030000000000000000e+02 1.582400000000000091e+03 1.400000000000000000e+01
6.036000000000000227e+02 1.583000000000000000e+03 1.400000000000000000e+01
6.043999999999999773e+02 1.583599999999999909e+03 1.400000000000000000e+01
6.052000000000000455e+02 1.584200000000000045e+03 1.400000000000000000e+01
6.057999999999999545e+02 1.584799999999999955e+03 1.400000000000000000e+01
6.066000000000000227e+02 1.585200000000000045e+03 1.400000000000000000e+01
6.072000000000000455e+02 1.585799999999999955e+03 1.400000000000000000e+01
6.077999999999999545e+02 1.586200000000000045e+03 1.400000000000000000e+01
6.082000000000000455e+02 1.586799999999999955e+03 1.400000000000000000e+01
6.087999999999999545e+02 1.587200000000000045e+03 1.400000000000000000e+01
6.092000000000000455e+02 1.587799999999999955e+03 1.400000000000000000e+01
6.097999999999999545e+02 1.588200000000000045e+03 1.400000000000000000e+01
6.103999999999999773e+02 1.588799999999999955e+03 1.400000000000000000e+01
6.112000000000000455e+02 1.589400000000000091e+03 1.400000000000000000e+01
6.120000000000000000e+02 1.590000000000000000e+03 1.400000000000000000e+01
6.127999999999999545e+02 1.590599999999999909e+03 1.400000000000000000e+01
6.136000000000000227e+02 1.591200000000000045e+03 1.400000000000000000e+01
6.143999999999999773e+02 1.591799999999999955e+03 1.400000000000000000e+01
6.152000000000000455e+02 1.592200000000000045e+03 1.400000000000000000e+01
6.157999999999999545e+02 1.592799999999999955e+03 1.400000000000000000e+01
6.166000000000000227e+02 1.593200000000000045e+03 1.400000000000000000e+01
6.172000000000000455e+02 1.593799999999999955e+03 1.400000000000000000e+01
6.177999999999999545e+02 1.594200000000000045e+03 1.400000000000000000e+01
6.180000000000000000e+02 1.594500000000000000e+03 1.400000000000000000e+01
