8.597999999999999545e+02 6.617999999999999545e+02 1.700000000000000000e+01
8.603999999999999773e+02 6.612000000000000455e+02 1.700000000000000000e+01
8.612000000000000455e+02 6.607999999999999545e+02 1.700000000000000000e+01
8.617999999999999545e+02 6.602000000000000455e+02 1.700000000000000000e+01
8.626000000000000227e+02 6.597999999999999545e+02 1.700000000000000000e+01
8.633999999999999773e+02 6.592000000000000455e+02 1.700000000000000000e+01
8.642000000000000455e+02 6.587999999999999545e+02 1.700000000000000000e+01
8.647999999999999545e+02 6.582000000000000455e+02 1.700000000000000000e+01
8.656000000000000227e+02 6.577999999999999545e+02 1.700000000000000000e+01
8.663999999999999773e+02 6.573999999999999773e+02 1.700000000000000000e+01
8.670000000000000000e+02 6.570000000000000000e+02 1.700000000000000000e+01
8.676000000000000227e+02 6.566000000000000227e+02 1.700000000000000000e+01
8.682000000000000455e+02 6.562000000000000455e+02 1.700000000000000000e+01
8.687999999999999545e+02 6.557999999999999545e+02 1.700000000000000000e+01
8.693999999999999773e+02 6.553999999999999773e+02 1.700000000000000000e+01
8.700000000000000000e+02 6.550000000000000000e+02 1.700000000000000000e+01
8.706000000000000227e+02 6.546000000000000227e+02 1.700000000000000000e+01
8.713999999999999773e+02 6.543999999999999773e+02 1.700000000000000000e+01
8.720000000000000000e+02 6.540000000000000000e+02 1.800000000000000000e+01
8.726000000000000227e+02 6.536000000000000227e+02 1.700000000000000000e+01
8.733999999999999773e+02 6.533999999999999773e+02 1.700000000000000000e+01
8.742000000000000455e+02 6.532000000000000455e+02 1.700000000000000000e+01
8.750000000000000000e+02 6.527999999999999545e+02 1.700000000000000000e+01
8.760000000000000000e+02 6.526000000000000227e+02 1.700000000000000000e+01
8.770000000000000000e+02 6.523999999999999773e+02 1.700000000000000000e+01
8.780000000000000000e+02 6.522000000000000455e+02 1.700000000000000000e+01
8.785000000000000000e+02 6.520000000000000000e+02 1.700000000000000000e+01
