2.331999999999999886e+02 1.199999999999999956e+00 1.200000000000000000e+01
2.330000000000000000e+02 2.000000000000000000e+00 1.200000000000000000e+01
2.330000000000000000e+02 3.000000000000000000e+00 1.200000000000000000e+01
2.330000000000000000e+02 4.000000000000000000e+00 1.200000000000000000e+01
2.330000000000000000e+02 5.000000000000000000e+00 1.200000000000000000e+01
2.330000000000000000e+02 6.000000000000000000e+00 1.200000000000000000e+01
2.328000000000000114e+02 6.799999999999999822e+00 1.200000000000000000e+01
2.325999999999999943e+02 7.599999999999999645e+00 1.200000000000000000e+01
2.324000000000000057e+02 8.400000000000000355e+00 1.200000000000000000e+01
2.321999999999999886e+02 9.199999999999999289e+00 1.200000000000000000e+01
2.320000000000000000e+02 1.000000000000000000e+01 1.200000000000000000e+01
2.320000000000000000e+02 1.100000000000000000e+01 1.200000000000000000e+01
2.320000000000000000e+02 1.200000000000000000e+01 1.200000000000000000e+01
2.320000000000000000e+02 1.300000000000000000e+01 1.200000000000000000e+01
2.321999999999999886e+02 1.380000000000000071e+01 1.200000000000000000e+01
2.324000000000000057e+02 1.459999999999999964e+01 1.200000000000000000e+01
2.325999999999999943e+02 1.540000000000000036e+01 1.200000000000000000e+01
2.328000000000000114e+02 1.619999999999999929e+01 1.200000000000000000e+01
2.331999999999999886e+02 1.680000000000000071e+01 1.200000000000000000e+01
2.334000000000000057e+02 1.760000000000000142e+01 1.200000000000000000e+01
2.335999999999999943e+02 1.839999999999999858e+01 1.200000000000000000e+01
2.338000000000000114e+02 1.919999999999999929e+01 1.200000000000000000e+01
2.340000000000000000e+02 2.000000000000000000e+01 1.200000000000000000e+01
2.340000000000000000e+02 2.100000000000000000e+01 1.100000000000000000e+01
2.340000000000000000e+02 2.200000000000000000e+01 1.100000000000000000e+01
2.340000000000000000e+02 2.300000000000000000e+01 1.100000000000000000e+01
2.340000000000000000e+02 2.400000000000000000e+01 1.100000000000000000e+01
2.338000000000000114e+02 2.480000000000000071e+01 1.100000000000000000e+01
2.335999999999999943e+02 2.560000000000000142e+01 1.100000000000000000e+01
2.334000000000000057e+02 2.639999999999999858e+01 1.100000000000000000e+01
2.331999999999999886e+02 2.719999999999999929e+01 1.100000000000000000e+01
2.328000000000000114e+02 2.800000000000000000e+01 1.100000000000000000e+01
2.325999999999999943e+02 2.900000000000000000e+01 1.100000000000000000e+01
2.324000000000000057e+02 3.000000000000000000e+01 1.200000000000000000e+01
2.321999999999999886e+02 3.100000000000000000e+01 1.200000000000000000e+01
2.320000000000000000e+02 3.200000000000000000e+01 1.200000000000000000e+01
2.318000000000000114e+02 3.279999999999999716e+01 1.200000000000000000e+01
2.315999999999999943e+02 3.360000000000000142e+01 1.200000000000000000e+01
2.315999999999999943e+02 3.420000000000000284e+01 1.200000000000000000e+01
2.315999999999999943e+02 3.479999999999999716e+01 1.200000000000000000e+01
2.315999999999999943e+02 3.539999999999999858e+01 1.200000000000000000e+01
2.317500000000000000e+02 3.575000000000000000e+01 1.200000000000000000e+01
