6.116000000000000227e+02 2.460000000000000142e+01 6.000000000000000000e+00
6.123999999999999773e+02 2.439999999999999858e+01 6.000000000000000000e+00
6.132000000000000455e+02 2.419999999999999929e+01 6.000000000000000000e+00
6.137999999999999545e+02 2.380000000000000071e+01 6.000000000000000000e+00
6.146000000000000227e+02 2.360000000000000142e+01 6.000000000000000000e+00
6.152000000000000455e+02 2.339999999999999858e+01 6.000000000000000000e+00
6.157999999999999545e+02 2.319999999999999929e+01 7.000000000000000000e+00
6.163999999999999773e+02 2.300000000000000000e+01 7.000000000000000000e+00
6.172000000000000455e+02 2.300000000000000000e+01 7.000000000000000000e+00
6.180000000000000000e+02 2.280000000000000071e+01 7.000000000000000000e+00
6.190000000000000000e+02 2.260000000000000142e+01 7.000000000000000000e+00
6.200000000000000000e+02 2.239999999999999858e+01 7.000000000000000000e+00
6.210000000000000000e+02 2.219999999999999929e+01 7.000000000000000000e+00
6.217999999999999545e+02 2.180000000000000071e+01 7.000000000000000000e+00
6.226000000000000227e+02 2.160000000000000142e+01 7.000000000000000000e+00
6.233999999999999773e+02 2.139999999999999858e+01 7.000000000000000000e+00
6.242000000000000455e+02 2.119999999999999929e+01 7.000000000000000000e+00
6.247999999999999545e+02 2.080000000000000071e+01 7.000000000000000000e+00
6.256000000000000227e+02 2.060000000000000142e+01 7.000000000000000000e+00
6.262000000000000455e+02 2.019999999999999929e+01 7.000000000000000000e+00
6.267999999999999545e+02 1.980000000000000071e+01 7.000000000000000000e+00
6.273999999999999773e+02 1.939999999999999858e+01 7.000000000000000000e+00
6.280000000000000000e+02 1.900000000000000000e+01 7.000000000000000000e+00
6.286000000000000227e+02 1.860000000000000142e+01 7.000000000000000000e+00
6.292000000000000455e+02 1.819999999999999929e+01 7.000000000000000000e+00
6.297999999999999545e+02 1.780000000000000071e+01 7.000000000000000000e+00
6.303999999999999773e+02 1.719999999999999929e+01 7.000000000000000000e+00
6.312000000000000455e+02 1.680000000000000071e+01 7.000000000000000000e+00
6.317999999999999545e+02 1.619999999999999929e+01 7.000000000000000000e+00
6.326000000000000227e+02 1.580000000000000071e+01 7.000000000000000000e+00
6.333999999999999773e+02 1.540000000000000036e+01 7.000000000000000000e+00
6.342000000000000455e+02 1.519999999999999929e+01 7.000000000000000000e+00
6.347999999999999545e+02 1.480000000000000071e+01 7.000000000000000000e+00
6.356000000000000227e+02 1.459999999999999964e+01 7.000000000000000000e+00
6.363999999999999773e+02 1.440000000000000036e+01 7.000000000000000000e+00
6.372000000000000455e+02 1.419999999999999929e+01 7.000000000000000000e+00
6.380000000000000000e+02 1.400000000000000000e+01 7.000000000000000000e+00
6.390000000000000000e+02 1.400000000000000000e+01 7.000000000000000000e+00
6.400000000000000000e+02 1.419999999999999929e+01 7.000000000000000000e+00
6.410000000000000000e+02 1.440000000000000036e+01 7.000000000000000000e+00
6.420000000000000000e+02 1.459999999999999964e+01 7.000000000000000000e+00
6.430000000000000000e+02 1.480000000000000071e+01 7.000000000000000000e+00
6.440000000000000000e+02 1.519999999999999929e+01 7.000000000000000000e+00
6.450000000000000000e+02 1.540000000000000036e+01 7.000000000000000000e+00
6.460000000000000000e+02 1.580000000000000071e+01 7.000000000000000000e+00
6.470000000000000000e+02 1.619999999999999929e+01 7.000000000000000000e+00
6.480000000000000000e+02 1.680000000000000071e+01 7.000000000000000000e+00
6.490000000000000000e+02 1.719999999999999929e+01 7.000000000000000000e+00
6.497999999999999545e+02 1.780000000000000071e+01 7.000000000000000000e+00
6.506000000000000227e+02 1.819999999999999929e+01 7.000000000000000000e+00
6.513999999999999773e+02 1.880000000000000071e+01 7.000000000000000000e+00
6.522000000000000455e+02 1.919999999999999929e+01 7.000000000000000000e+00
6.527999999999999545e+02 1.980000000000000071e+01 7.000000000000000000e+00
6.536000000000000227e+02 2.019999999999999929e+01 7.000000000000000000e+00
6.542000000000000455e+02 2.080000000000000071e+01 7.000000000000000000e+00
6.547999999999999545e+02 2.119999999999999929e+01 7.000000000000000000e+00
6.552000000000000455e+02 2.180000000000000071e+01 7.000000000000000000e+00
6.557999999999999545e+02 2.219999999999999929e+01 7.000000000000000000e+00
6.563999999999999773e+02 2.280000000000000071e+01 7.000000000000000000e+00
6.572000000000000455e+02 2.339999999999999858e+01 7.000000000000000000e+00
6.580000000000000000e+02 2.400000000000000000e+01 7.000000000000000000e+00
6.587999999999999545e+02 2.460000000000000142e+01 7.000000000000000000e+00
6.596000000000000227e+02 2.519999999999999929e+01 7.000000000000000000e+00
6.602000000000000455e+02 2.580000000000000071e+01 7.000000000000000000e+00
6.607999999999999545e+02 2.619999999999999929e+01 7.000000000000000000e+00
6.612000000000000455e+02 2.680000000000000071e+01 7.000000000000000000e+00
6.617999999999999545e+02 2.719999999999999929e+01 7.000000000000000000e+00
6.622000000000000455e+02 2.780000000000000071e+01 7.000000000000000000e+00
6.627999999999999545e+02 2.819999999999999929e+01 7.000000000000000000e+00
6.633999999999999773e+02 2.880000000000000071e+01 7.000000000000000000e+00
6.642000000000000455e+02 2.939999999999999858e+01 7.000000000000000000e+00
6.650000000000000000e+02 3.000000000000000000e+01 7.000000000000000000e+00
6.657999999999999545e+02 3.060000000000000142e+01 7.000000000000000000e+00
6.666000000000000227e+02 3.119999999999999929e+01 7.000000000000000000e+00
6.672000000000000455e+02 3.180000000000000071e+01 7.000000000000000000e+00
6.677999999999999545e+02 3.220000000000000284e+01 7.000000000000000000e+00
6.683999999999999773e+02 3.279999999999999716e+01 7.000000000000000000e+00
6.687500000000000000e+02 3.300000000000000000e+01 7.000000000000000000e+00
