8.923999999999999773e+02 6.390000000000000000e+02 1.700000000000000000e+01
8.920000000000000000e+02 6.397999999999999545e+02 1.700000000000000000e+01
8.916000000000000227e+02 6.406000000000000227e+02 1.700000000000000000e+01
8.913999999999999773e+02 6.413999999999999773e+02 1.700000000000000000e+01
8.910000000000000000e+02 6.420000000000000000e+02 1.700000000000000000e+01
8.906000000000000227e+02 6.426000000000000227e+02 1.700000000000000000e+01
8.902000000000000455e+02 6.433999999999999773e+02 1.700000000000000000e+01
8.897999999999999545e+02 6.442000000000000455e+02 1.700000000000000000e+01
8.892000000000000455e+02 6.447999999999999545e+02 1.700000000000000000e+01
8.887999999999999545e+02 6.456000000000000227e+02 1.700000000000000000e+01
8.882000000000000455e+02 6.462000000000000455e+02 1.700000000000000000e+01
8.877999999999999545e+02 6.467999999999999545e+02 1.700000000000000000e+01
8.872000000000000455e+02 6.472000000000000455e+02 1.700000000000000000e+01
8.867999999999999545e+02 6.477999999999999545e+02 1.700000000000000000e+01
8.862000000000000455e+02 6.482000000000000455e+02 1.700000000000000000e+01
8.856000000000000227e+02 6.486000000000000227e+02 1.700000000000000000e+01
8.850000000000000000e+02 6.490000000000000000e+02 1.700000000000000000e+01
8.843999999999999773e+02 6.493999999999999773e+02 1.700000000000000000e+01
8.837999999999999545e+02 6.497999999999999545e+02 1.700000000000000000e+01
8.832000000000000455e+02 6.502000000000000455e+02 1.700000000000000000e+01
8.826000000000000227e+02 6.506000000000000227e+02 1.700000000000000000e+01
8.822500000000000000e+02 6.507500000000000000e+02 1.700000000000000000e+01
