1.079400000000000091e+03 1.378799999999999955e+03 1.500000000000000000e+01
1.080200000000000045e+03 1.378000000000000000e+03 1.500000000000000000e+01
1.080799999999999955e+03 1.377000000000000000e+03 1.500000000000000000e+01
1.081599999999999909e+03 1.376200000000000045e+03 1.500000000000000000e+01
1.082200000000000045e+03 1.375400000000000091e+03 1.500000000000000000e+01
1.082799999999999955e+03 1.374799999999999955e+03 1.500000000000000000e+01
1.083200000000000045e+03 1.374200000000000045e+03 1.500000000000000000e+01
1.083599999999999909e+03 1.373599999999999909e+03 1.500000000000000000e+01
1.084000000000000000e+03 1.373000000000000000e+03 1.500000000000000000e+01
1.084400000000000091e+03 1.372400000000000091e+03 1.500000000000000000e+01
1.084599999999999909e+03 1.371799999999999955e+03 1.500000000000000000e+01
1.085000000000000000e+03 1.371200000000000045e+03 1.400000000000000000e+01
1.085400000000000091e+03 1.370599999999999909e+03 1.400000000000000000e+01
1.085599999999999909e+03 1.369799999999999955e+03 1.400000000000000000e+01
1.086000000000000000e+03 1.369200000000000045e+03 1.400000000000000000e+01
1.086400000000000091e+03 1.368400000000000091e+03 1.400000000000000000e+01
1.086599999999999909e+03 1.367599999999999909e+03 1.400000000000000000e+01
1.087000000000000000e+03 1.366799999999999955e+03 1.400000000000000000e+01
1.087400000000000091e+03 1.366000000000000000e+03 1.400000000000000000e+01
1.087599999999999909e+03 1.365000000000000000e+03 1.400000000000000000e+01
1.088000000000000000e+03 1.364200000000000045e+03 1.400000000000000000e+01
1.088400000000000091e+03 1.363400000000000091e+03 1.400000000000000000e+01
1.088799999999999955e+03 1.362599999999999909e+03 1.400000000000000000e+01
1.089200000000000045e+03 1.361799999999999955e+03 1.400000000000000000e+01
1.089799999999999955e+03 1.361200000000000045e+03 1.400000000000000000e+01
1.090200000000000045e+03 1.360400000000000091e+03 1.400000000000000000e+01
1.090799999999999955e+03 1.359599999999999909e+03 1.400000000000000000e+01
1.091200000000000045e+03 1.358799999999999955e+03 1.400000000000000000e+01
1.091799999999999955e+03 1.358200000000000045e+03 1.400000000000000000e+01
1.092200000000000045e+03 1.357400000000000091e+03 1.400000000000000000e+01
1.092799999999999955e+03 1.356799999999999955e+03 1.400000000000000000e+01
1.093400000000000091e+03 1.356200000000000045e+03 1.400000000000000000e+01
1.094200000000000045e+03 1.355799999999999955e+03 1.400000000000000000e+01
1.094799999999999955e+03 1.355200000000000045e+03 1.400000000000000000e+01
1.095599999999999909e+03 1.354799999999999955e+03 1.400000000000000000e+01
1.096400000000000091e+03 1.354400000000000091e+03 1.400000000000000000e+01
1.097000000000000000e+03 1.354000000000000000e+03 1.400000000000000000e+01
1.097599999999999909e+03 1.353599999999999909e+03 1.400000000000000000e+01
1.098400000000000091e+03 1.353400000000000091e+03 1.400000000000000000e+01
1.099000000000000000e+03 1.353000000000000000e+03 1.400000000000000000e+01
1.099599999999999909e+03 1.352599999999999909e+03 1.400000000000000000e+01
1.100400000000000091e+03 1.352400000000000091e+03 1.400000000000000000e+01
1.101000000000000000e+03 1.352000000000000000e+03 1.400000000000000000e+01
1.101599999999999909e+03 1.351599999999999909e+03 1.400000000000000000e+01
1.102400000000000091e+03 1.351400000000000091e+03 1.400000000000000000e+01
1.103200000000000045e+03 1.351200000000000045e+03 1.400000000000000000e+01
1.103799999999999955e+03 1.350799999999999955e+03 1.400000000000000000e+01
1.104599999999999909e+03 1.350599999999999909e+03 1.400000000000000000e+01
1.105400000000000091e+03 1.350400000000000091e+03 1.400000000000000000e+01
1.106000000000000000e+03 1.350000000000000000e+03 1.400000000000000000e+01
1.106599999999999909e+03 1.349599999999999909e+03 1.400000000000000000e+01
1.107400000000000091e+03 1.349400000000000091e+03 1.400000000000000000e+01
1.108200000000000045e+03 1.349000000000000000e+03 1.400000000000000000e+01
1.109000000000000000e+03 1.348599999999999909e+03 1.400000000000000000e+01
1.109799999999999955e+03 1.348200000000000045e+03 1.400000000000000000e+01
1.110599999999999909e+03 1.347799999999999955e+03 1.400000000000000000e+01
1.111200000000000045e+03 1.347200000000000045e+03 1.400000000000000000e+01
1.111799999999999955e+03 1.346799999999999955e+03 1.400000000000000000e+01
1.112400000000000091e+03 1.346200000000000045e+03 1.400000000000000000e+01
1.113200000000000045e+03 1.345599999999999909e+03 1.400000000000000000e+01
1.114000000000000000e+03 1.344799999999999955e+03 1.400000000000000000e+01
1.115000000000000000e+03 1.344000000000000000e+03 1.400000000000000000e+01
1.115799999999999955e+03 1.343000000000000000e+03 1.400000000000000000e+01
1.116599999999999909e+03 1.342200000000000045e+03 1.400000000000000000e+01
1.117200000000000045e+03 1.341400000000000091e+03 1.400000000000000000e+01
1.117799999999999955e+03 1.340799999999999955e+03 1.400000000000000000e+01
1.118200000000000045e+03 1.340200000000000045e+03 1.400000000000000000e+01
1.118799999999999955e+03 1.339799999999999955e+03 1.400000000000000000e+01
1.119200000000000045e+03 1.339200000000000045e+03 1.400000000000000000e+01
1.119799999999999955e+03 1.338799999999999955e+03 1.400000000000000000e+01
1.120200000000000045e+03 1.338200000000000045e+03 1.400000000000000000e+01
1.120599999999999909e+03 1.337599999999999909e+03 1.400000000000000000e+01
1.121000000000000000e+03 1.337000000000000000e+03 1.400000000000000000e+01
1.121400000000000091e+03 1.336400000000000091e+03 1.400000000000000000e+01
1.121799999999999955e+03 1.335799999999999955e+03 1.400000000000000000e+01
1.122200000000000045e+03 1.335200000000000045e+03 1.400000000000000000e+01
1.122799999999999955e+03 1.334799999999999955e+03 1.400000000000000000e+01
1.123200000000000045e+03 1.334200000000000045e+03 1.400000000000000000e+01
1.123599999999999909e+03 1.333599999999999909e+03 1.400000000000000000e+01
1.124000000000000000e+03 1.333000000000000000e+03 1.400000000000000000e+01
1.124400000000000091e+03 1.332400000000000091e+03 1.400000000000000000e+01
1.124799999999999955e+03 1.331799999999999955e+03 1.400000000000000000e+01
1.125200000000000045e+03 1.331200000000000045e+03 1.400000000000000000e+01
1.125799999999999955e+03 1.330799999999999955e+03 1.400000000000000000e+01
1.126200000000000045e+03 1.330200000000000045e+03 1.400000000000000000e+01
1.126799999999999955e+03 1.329799999999999955e+03 1.400000000000000000e+01
1.127200000000000045e+03 1.329200000000000045e+03 1.400000000000000000e+01
1.127799999999999955e+03 1.328799999999999955e+03 1.400000000000000000e+01
1.128000000000000000e+03 1.328500000000000000e+03 1.400000000000000000e+01
