5.058000000000000114e+02 8.322000000000000455e+02 1.500000000000000000e+01
5.066000000000000227e+02 8.323999999999999773e+02 1.500000000000000000e+01
5.073999999999999773e+02 8.326000000000000227e+02 1.500000000000000000e+01
5.081999999999999886e+02 8.327999999999999545e+02 1.500000000000000000e+01
5.088000000000000114e+02 8.330000000000000000e+02 1.500000000000000000e+01
5.096000000000000227e+02 8.330000000000000000e+02 1.400000000000000000e+01
5.103999999999999773e+02 8.330000000000000000e+02 1.400000000000000000e+01
5.111999999999999886e+02 8.330000000000000000e+02 1.400000000000000000e+01
5.120000000000000000e+02 8.330000000000000000e+02 1.400000000000000000e+01
5.130000000000000000e+02 8.330000000000000000e+02 1.400000000000000000e+01
5.140000000000000000e+02 8.330000000000000000e+02 1.400000000000000000e+01
5.150000000000000000e+02 8.330000000000000000e+02 1.400000000000000000e+01
5.160000000000000000e+02 8.330000000000000000e+02 1.400000000000000000e+01
5.170000000000000000e+02 8.330000000000000000e+02 1.400000000000000000e+01
5.177999999999999545e+02 8.327999999999999545e+02 1.400000000000000000e+01
5.186000000000000227e+02 8.326000000000000227e+02 1.400000000000000000e+01
5.193999999999999773e+02 8.323999999999999773e+02 1.400000000000000000e+01
5.202000000000000455e+02 8.322000000000000455e+02 1.400000000000000000e+01
5.210000000000000000e+02 8.320000000000000000e+02 1.400000000000000000e+01
5.220000000000000000e+02 8.320000000000000000e+02 1.400000000000000000e+01
5.227999999999999545e+02 8.317999999999999545e+02 1.400000000000000000e+01
5.236000000000000227e+02 8.316000000000000227e+02 1.400000000000000000e+01
5.243999999999999773e+02 8.313999999999999773e+02 1.400000000000000000e+01
5.252000000000000455e+02 8.312000000000000455e+02 1.400000000000000000e+01
5.257999999999999545e+02 8.307999999999999545e+02 1.400000000000000000e+01
5.266000000000000227e+02 8.306000000000000227e+02 1.400000000000000000e+01
5.273999999999999773e+02 8.303999999999999773e+02 1.400000000000000000e+01
5.282000000000000455e+02 8.302000000000000455e+02 1.400000000000000000e+01
5.287999999999999545e+02 8.297999999999999545e+02 1.400000000000000000e+01
5.296000000000000227e+02 8.296000000000000227e+02 1.400000000000000000e+01
5.303999999999999773e+02 8.293999999999999773e+02 1.400000000000000000e+01
5.312000000000000455e+02 8.292000000000000455e+02 1.400000000000000000e+01
5.317999999999999545e+02 8.287999999999999545e+02 1.400000000000000000e+01
5.326000000000000227e+02 8.286000000000000227e+02 1.400000000000000000e+01
5.333999999999999773e+02 8.283999999999999773e+02 1.400000000000000000e+01
5.342000000000000455e+02 8.282000000000000455e+02 1.400000000000000000e+01
5.350000000000000000e+02 8.280000000000000000e+02 1.400000000000000000e+01
5.357999999999999545e+02 8.282000000000000455e+02 1.400000000000000000e+01
5.366000000000000227e+02 8.283999999999999773e+02 1.400000000000000000e+01
5.373999999999999773e+02 8.286000000000000227e+02 1.400000000000000000e+01
5.382000000000000455e+02 8.290000000000000000e+02 1.400000000000000000e+01
5.390000000000000000e+02 8.293999999999999773e+02 1.400000000000000000e+01
5.397999999999999545e+02 8.297999999999999545e+02 1.400000000000000000e+01
5.406000000000000227e+02 8.303999999999999773e+02 1.400000000000000000e+01
5.412000000000000455e+02 8.312000000000000455e+02 1.400000000000000000e+01
5.416000000000000227e+02 8.320000000000000000e+02 1.400000000000000000e+01
5.420000000000000000e+02 8.327999999999999545e+02 1.400000000000000000e+01
5.423999999999999773e+02 8.336000000000000227e+02 1.400000000000000000e+01
5.426000000000000227e+02 8.343999999999999773e+02 1.400000000000000000e+01
5.427999999999999545e+02 8.352000000000000455e+02 1.500000000000000000e+01
5.430000000000000000e+02 8.360000000000000000e+02 1.500000000000000000e+01
5.430000000000000000e+02 8.370000000000000000e+02 1.500000000000000000e+01
5.430000000000000000e+02 8.380000000000000000e+02 1.500000000000000000e+01
5.430000000000000000e+02 8.390000000000000000e+02 1.500000000000000000e+01
5.427999999999999545e+02 8.397999999999999545e+02 1.500000000000000000e+01
5.426000000000000227e+02 8.406000000000000227e+02 1.500000000000000000e+01
5.423999999999999773e+02 8.413999999999999773e+02 1.500000000000000000e+01
5.422000000000000455e+02 8.422000000000000455e+02 1.500000000000000000e+01
5.420000000000000000e+02 8.430000000000000000e+02 1.500000000000000000e+01
5.420000000000000000e+02 8.440000000000000000e+02 1.500000000000000000e+01
5.420000000000000000e+02 8.450000000000000000e+02 1.500000000000000000e+01
5.420000000000000000e+02 8.457999999999999545e+02 1.500000000000000000e+01
5.420000000000000000e+02 8.466000000000000227e+02 1.600000000000000000e+01
5.420000000000000000e+02 8.473999999999999773e+02 1.600000000000000000e+01
5.417999999999999545e+02 8.480000000000000000e+02 1.600000000000000000e+01
5.416000000000000227e+02 8.486000000000000227e+02 1.600000000000000000e+01
5.413999999999999773e+02 8.493999999999999773e+02 1.600000000000000000e+01
5.412000000000000455e+02 8.502000000000000455e+02 1.600000000000000000e+01
5.410000000000000000e+02 8.510000000000000000e+02 1.600000000000000000e+01
5.410000000000000000e+02 8.520000000000000000e+02 1.600000000000000000e+01
5.410000000000000000e+02 8.530000000000000000e+02 1.600000000000000000e+01
5.410000000000000000e+02 8.540000000000000000e+02 1.600000000000000000e+01
5.410000000000000000e+02 8.550000000000000000e+02 1.600000000000000000e+01
5.410000000000000000e+02 8.560000000000000000e+02 1.600000000000000000e+01
5.410000000000000000e+02 8.570000000000000000e+02 1.600000000000000000e+01
5.410000000000000000e+02 8.580000000000000000e+02 1.600000000000000000e+01
5.410000000000000000e+02 8.590000000000000000e+02 1.600000000000000000e+01
5.410000000000000000e+02 8.595000000000000000e+02 1.700000000000000000e+01
