8.070000000000000000e+02 6.722000000000000455e+02 1.100000000000000000e+01
8.080000000000000000e+02 6.726000000000000227e+02 1.100000000000000000e+01
8.090000000000000000e+02 6.727999999999999545e+02 1.100000000000000000e+01
8.100000000000000000e+02 6.730000000000000000e+02 1.100000000000000000e+01
8.110000000000000000e+02 6.730000000000000000e+02 1.100000000000000000e+01
8.120000000000000000e+02 6.730000000000000000e+02 1.100000000000000000e+01
8.130000000000000000e+02 6.730000000000000000e+02 1.100000000000000000e+01
8.140000000000000000e+02 6.730000000000000000e+02 1.100000000000000000e+01
8.150000000000000000e+02 6.730000000000000000e+02 1.100000000000000000e+01
8.155000000000000000e+02 6.730000000000000000e+02 1.100000000000000000e+01
