1.011399999999999977e+03 1.680599999999999909e+03 1.100000000000000000e+01
1.011600000000000023e+03 1.681400000000000091e+03 1.100000000000000000e+01
1.011799999999999955e+03 1.682200000000000045e+03 1.100000000000000000e+01
1.012200000000000045e+03 1.683000000000000000e+03 1.100000000000000000e+01
1.012399999999999977e+03 1.683799999999999955e+03 1.100000000000000000e+01
1.012600000000000023e+03 1.684599999999999909e+03 1.200000000000000000e+01
1.012799999999999955e+03 1.685400000000000091e+03 1.200000000000000000e+01
1.013000000000000000e+03 1.686200000000000045e+03 1.200000000000000000e+01
1.013000000000000000e+03 1.687000000000000000e+03 1.200000000000000000e+01
1.013000000000000000e+03 1.688000000000000000e+03 1.200000000000000000e+01
1.012799999999999955e+03 1.689000000000000000e+03 1.200000000000000000e+01
1.012600000000000023e+03 1.690000000000000000e+03 1.200000000000000000e+01
1.012399999999999977e+03 1.691000000000000000e+03 1.200000000000000000e+01
1.012000000000000000e+03 1.691799999999999955e+03 1.200000000000000000e+01
1.011600000000000023e+03 1.692599999999999909e+03 1.200000000000000000e+01
1.011200000000000045e+03 1.693400000000000091e+03 1.200000000000000000e+01
1.010799999999999955e+03 1.694200000000000045e+03 1.200000000000000000e+01
1.010200000000000045e+03 1.694799999999999955e+03 1.200000000000000000e+01
1.009799999999999955e+03 1.695599999999999909e+03 1.200000000000000000e+01
1.009200000000000045e+03 1.696200000000000045e+03 1.200000000000000000e+01
1.008799999999999955e+03 1.696799999999999955e+03 1.200000000000000000e+01
1.008200000000000045e+03 1.697200000000000045e+03 1.200000000000000000e+01
1.007799999999999955e+03 1.697799999999999955e+03 1.200000000000000000e+01
1.007200000000000045e+03 1.698200000000000045e+03 1.200000000000000000e+01
1.006799999999999955e+03 1.698799999999999955e+03 1.200000000000000000e+01
1.006200000000000045e+03 1.699200000000000045e+03 1.200000000000000000e+01
1.005799999999999955e+03 1.699799999999999955e+03 1.200000000000000000e+01
1.005200000000000045e+03 1.700200000000000045e+03 1.200000000000000000e+01
1.004799999999999955e+03 1.700799999999999955e+03 1.200000000000000000e+01
1.004200000000000045e+03 1.701200000000000045e+03 1.200000000000000000e+01
1.003799999999999955e+03 1.701799999999999955e+03 1.200000000000000000e+01
1.003200000000000045e+03 1.702200000000000045e+03 1.200000000000000000e+01
1.002600000000000023e+03 1.702799999999999955e+03 1.200000000000000000e+01
1.001799999999999955e+03 1.703200000000000045e+03 1.200000000000000000e+01
1.001200000000000045e+03 1.703799999999999955e+03 1.200000000000000000e+01
1.000399999999999977e+03 1.704200000000000045e+03 1.200000000000000000e+01
9.996000000000000227e+02 1.704599999999999909e+03 1.200000000000000000e+01
9.987999999999999545e+02 1.705000000000000000e+03 1.200000000000000000e+01
9.980000000000000000e+02 1.705400000000000091e+03 1.200000000000000000e+01
9.970000000000000000e+02 1.705599999999999909e+03 1.200000000000000000e+01
9.960000000000000000e+02 1.706000000000000000e+03 1.200000000000000000e+01
9.950000000000000000e+02 1.706400000000000091e+03 1.200000000000000000e+01
9.940000000000000000e+02 1.706599999999999909e+03 1.200000000000000000e+01
9.930000000000000000e+02 1.706799999999999955e+03 1.200000000000000000e+01
9.920000000000000000e+02 1.707200000000000045e+03 1.200000000000000000e+01
9.910000000000000000e+02 1.707400000000000091e+03 1.200000000000000000e+01
9.900000000000000000e+02 1.707599999999999909e+03 1.200000000000000000e+01
9.890000000000000000e+02 1.708000000000000000e+03 1.200000000000000000e+01
9.880000000000000000e+02 1.708400000000000091e+03 1.200000000000000000e+01
9.870000000000000000e+02 1.708599999999999909e+03 1.200000000000000000e+01
9.862000000000000455e+02 1.709000000000000000e+03 1.200000000000000000e+01
9.853999999999999773e+02 1.709400000000000091e+03 1.200000000000000000e+01
9.846000000000000227e+02 1.709799999999999955e+03 1.200000000000000000e+01
9.837999999999999545e+02 1.710200000000000045e+03 1.200000000000000000e+01
9.832000000000000455e+02 1.710799999999999955e+03 1.200000000000000000e+01
9.823999999999999773e+02 1.711200000000000045e+03 1.200000000000000000e+01
9.817999999999999545e+02 1.711799999999999955e+03 1.200000000000000000e+01
9.812000000000000455e+02 1.712200000000000045e+03 1.200000000000000000e+01
9.810000000000000000e+02 1.712500000000000000e+03 1.200000000000000000e+01
