1.264799999999999955e+03 1.639200000000000045e+03 1.600000000000000000e+01
1.265200000000000045e+03 1.639799999999999955e+03 1.600000000000000000e+01
1.265799999999999955e+03 1.640200000000000045e+03 1.600000000000000000e+01
1.266200000000000045e+03 1.640799999999999955e+03 1.600000000000000000e+01
1.266799999999999955e+03 1.641200000000000045e+03 1.600000000000000000e+01
1.267200000000000045e+03 1.641799999999999955e+03 1.600000000000000000e+01
1.267799999999999955e+03 1.642400000000000091e+03 1.600000000000000000e+01
1.268200000000000045e+03 1.643200000000000045e+03 1.600000000000000000e+01
1.268799999999999955e+03 1.643799999999999955e+03 1.600000000000000000e+01
1.269200000000000045e+03 1.644599999999999909e+03 1.600000000000000000e+01
1.269799999999999955e+03 1.645400000000000091e+03 1.600000000000000000e+01
1.270200000000000045e+03 1.646200000000000045e+03 1.600000000000000000e+01
1.270799999999999955e+03 1.647000000000000000e+03 1.600000000000000000e+01
1.271200000000000045e+03 1.648000000000000000e+03 1.600000000000000000e+01
1.271599999999999909e+03 1.649000000000000000e+03 1.600000000000000000e+01
1.272000000000000000e+03 1.649799999999999955e+03 1.600000000000000000e+01
1.272400000000000091e+03 1.650599999999999909e+03 1.600000000000000000e+01
1.272599999999999909e+03 1.651400000000000091e+03 1.600000000000000000e+01
1.272799999999999955e+03 1.652200000000000045e+03 1.600000000000000000e+01
1.273200000000000045e+03 1.652799999999999955e+03 1.600000000000000000e+01
1.273400000000000091e+03 1.653599999999999909e+03 1.600000000000000000e+01
1.273599999999999909e+03 1.654400000000000091e+03 1.600000000000000000e+01
1.274000000000000000e+03 1.655200000000000045e+03 1.600000000000000000e+01
1.274400000000000091e+03 1.656000000000000000e+03 1.600000000000000000e+01
1.274599999999999909e+03 1.657000000000000000e+03 1.600000000000000000e+01
1.275000000000000000e+03 1.658000000000000000e+03 1.600000000000000000e+01
1.275400000000000091e+03 1.659000000000000000e+03 1.600000000000000000e+01
1.275799999999999955e+03 1.659799999999999955e+03 1.600000000000000000e+01
1.276200000000000045e+03 1.660599999999999909e+03 1.600000000000000000e+01
1.276599999999999909e+03 1.661400000000000091e+03 1.600000000000000000e+01
1.277000000000000000e+03 1.662000000000000000e+03 1.500000000000000000e+01
1.277400000000000091e+03 1.662599999999999909e+03 1.500000000000000000e+01
1.277799999999999955e+03 1.663400000000000091e+03 1.500000000000000000e+01
1.278200000000000045e+03 1.664200000000000045e+03 1.500000000000000000e+01
1.278799999999999955e+03 1.664799999999999955e+03 1.500000000000000000e+01
1.279200000000000045e+03 1.665599999999999909e+03 1.500000000000000000e+01
1.279799999999999955e+03 1.666400000000000091e+03 1.500000000000000000e+01
1.280200000000000045e+03 1.667200000000000045e+03 1.500000000000000000e+01
1.280799999999999955e+03 1.667799999999999955e+03 1.500000000000000000e+01
1.281200000000000045e+03 1.668599999999999909e+03 1.500000000000000000e+01
1.281799999999999955e+03 1.669200000000000045e+03 1.500000000000000000e+01
1.282200000000000045e+03 1.669799999999999955e+03 1.500000000000000000e+01
1.282799999999999955e+03 1.670200000000000045e+03 1.500000000000000000e+01
1.283200000000000045e+03 1.670799999999999955e+03 1.500000000000000000e+01
1.283799999999999955e+03 1.671200000000000045e+03 1.500000000000000000e+01
1.284200000000000045e+03 1.671799999999999955e+03 1.600000000000000000e+01
1.284799999999999955e+03 1.672200000000000045e+03 1.600000000000000000e+01
1.285200000000000045e+03 1.672799999999999955e+03 1.600000000000000000e+01
1.285799999999999955e+03 1.673200000000000045e+03 1.600000000000000000e+01
1.286400000000000091e+03 1.673599999999999909e+03 1.600000000000000000e+01
1.287000000000000000e+03 1.674000000000000000e+03 1.600000000000000000e+01
1.287599999999999909e+03 1.674400000000000091e+03 1.600000000000000000e+01
1.288200000000000045e+03 1.674799999999999955e+03 1.600000000000000000e+01
1.288799999999999955e+03 1.675200000000000045e+03 1.600000000000000000e+01
1.289400000000000091e+03 1.675799999999999955e+03 1.600000000000000000e+01
1.290200000000000045e+03 1.676200000000000045e+03 1.600000000000000000e+01
1.290799999999999955e+03 1.676599999999999909e+03 1.600000000000000000e+01
1.291400000000000091e+03 1.677000000000000000e+03 1.700000000000000000e+01
1.292000000000000000e+03 1.677400000000000091e+03 1.700000000000000000e+01
1.292599999999999909e+03 1.677599999999999909e+03 1.700000000000000000e+01
1.293000000000000000e+03 1.678000000000000000e+03 1.700000000000000000e+01
1.293599999999999909e+03 1.678400000000000091e+03 1.700000000000000000e+01
1.294400000000000091e+03 1.678599999999999909e+03 1.700000000000000000e+01
1.295000000000000000e+03 1.678799999999999955e+03 1.700000000000000000e+01
1.295599999999999909e+03 1.679000000000000000e+03 1.800000000000000000e+01
1.296200000000000045e+03 1.679200000000000045e+03 1.800000000000000000e+01
1.296799999999999955e+03 1.679400000000000091e+03 1.800000000000000000e+01
1.297400000000000091e+03 1.679599999999999909e+03 1.800000000000000000e+01
1.298200000000000045e+03 1.679799999999999955e+03 1.800000000000000000e+01
1.299000000000000000e+03 1.680000000000000000e+03 1.800000000000000000e+01
1.299799999999999955e+03 1.680000000000000000e+03 1.800000000000000000e+01
1.300599999999999909e+03 1.680000000000000000e+03 1.900000000000000000e+01
1.301400000000000091e+03 1.679799999999999955e+03 1.900000000000000000e+01
1.302200000000000045e+03 1.679599999999999909e+03 1.900000000000000000e+01
1.303000000000000000e+03 1.679400000000000091e+03 1.900000000000000000e+01
1.303799999999999955e+03 1.679000000000000000e+03 1.900000000000000000e+01
1.304599999999999909e+03 1.678599999999999909e+03 1.900000000000000000e+01
1.305400000000000091e+03 1.678599999999999909e+03 1.900000000000000000e+01
1.306200000000000045e+03 1.678599999999999909e+03 2.000000000000000000e+01
1.306799999999999955e+03 1.678799999999999955e+03 2.000000000000000000e+01
1.307599999999999909e+03 1.679200000000000045e+03 2.000000000000000000e+01
1.308200000000000045e+03 1.679799999999999955e+03 2.000000000000000000e+01
1.308799999999999955e+03 1.680200000000000045e+03 2.000000000000000000e+01
1.309200000000000045e+03 1.680799999999999955e+03 2.000000000000000000e+01
1.309799999999999955e+03 1.681200000000000045e+03 2.000000000000000000e+01
1.310400000000000091e+03 1.681799999999999955e+03 2.000000000000000000e+01
1.311200000000000045e+03 1.682400000000000091e+03 2.000000000000000000e+01
1.312000000000000000e+03 1.683000000000000000e+03 2.000000000000000000e+01
1.312799999999999955e+03 1.683599999999999909e+03 2.000000000000000000e+01
1.313599999999999909e+03 1.684200000000000045e+03 2.000000000000000000e+01
1.314000000000000000e+03 1.684500000000000000e+03 2.000000000000000000e+01
