1.060000000000000000e+02 2.174000000000000057e+02 3.000000000000000000e+00
1.070000000000000000e+02 2.175999999999999943e+02 3.000000000000000000e+00
1.077999999999999972e+02 2.180000000000000000e+02 3.000000000000000000e+00
1.085999999999999943e+02 2.184000000000000057e+02 3.000000000000000000e+00
1.094000000000000057e+02 2.185999999999999943e+02 3.000000000000000000e+00
1.102000000000000028e+02 2.188000000000000114e+02 3.000000000000000000e+00
1.107999999999999972e+02 2.191999999999999886e+02 3.000000000000000000e+00
1.115999999999999943e+02 2.194000000000000057e+02 3.000000000000000000e+00
1.124000000000000057e+02 2.195999999999999943e+02 3.000000000000000000e+00
1.132000000000000028e+02 2.200000000000000000e+02 3.000000000000000000e+00
1.140000000000000000e+02 2.204000000000000057e+02 3.000000000000000000e+00
1.150000000000000000e+02 2.205999999999999943e+02 3.000000000000000000e+00
1.157999999999999972e+02 2.210000000000000000e+02 3.000000000000000000e+00
1.165999999999999943e+02 2.214000000000000057e+02 3.000000000000000000e+00
1.170000000000000000e+02 2.215000000000000000e+02 3.000000000000000000e+00
