8.500000000000000000e+02 1.453000000000000000e+03 1.600000000000000000e+01
8.500000000000000000e+02 1.454000000000000000e+03 1.600000000000000000e+01
8.500000000000000000e+02 1.455000000000000000e+03 1.600000000000000000e+01
8.502000000000000455e+02 1.455799999999999955e+03 1.600000000000000000e+01
8.503999999999999773e+02 1.456599999999999909e+03 1.600000000000000000e+01
8.506000000000000227e+02 1.457400000000000091e+03 1.600000000000000000e+01
8.507999999999999545e+02 1.458200000000000045e+03 1.600000000000000000e+01
8.512000000000000455e+02 1.459000000000000000e+03 1.600000000000000000e+01
8.513999999999999773e+02 1.460000000000000000e+03 1.600000000000000000e+01
8.516000000000000227e+02 1.461000000000000000e+03 1.600000000000000000e+01
8.520000000000000000e+02 1.461799999999999955e+03 1.600000000000000000e+01
8.523999999999999773e+02 1.462599999999999909e+03 1.600000000000000000e+01
8.526000000000000227e+02 1.463400000000000091e+03 1.600000000000000000e+01
8.530000000000000000e+02 1.464000000000000000e+03 1.600000000000000000e+01
8.533999999999999773e+02 1.464599999999999909e+03 1.600000000000000000e+01
8.537999999999999545e+02 1.465400000000000091e+03 1.600000000000000000e+01
8.543999999999999773e+02 1.466200000000000045e+03 1.600000000000000000e+01
8.552000000000000455e+02 1.467000000000000000e+03 1.600000000000000000e+01
8.557999999999999545e+02 1.468000000000000000e+03 1.600000000000000000e+01
8.566000000000000227e+02 1.468799999999999955e+03 1.600000000000000000e+01
8.573999999999999773e+02 1.469599999999999909e+03 1.600000000000000000e+01
8.577500000000000000e+02 1.470000000000000000e+03 1.600000000000000000e+01
