1.058799999999999955e+03 1.708000000000000000e+03 1.100000000000000000e+01
1.059200000000000045e+03 1.709000000000000000e+03 1.100000000000000000e+01
1.059599999999999909e+03 1.710000000000000000e+03 1.100000000000000000e+01
1.060000000000000000e+03 1.710799999999999955e+03 1.100000000000000000e+01
1.060400000000000091e+03 1.711599999999999909e+03 1.100000000000000000e+01
1.060599999999999909e+03 1.712400000000000091e+03 1.100000000000000000e+01
1.061000000000000000e+03 1.713000000000000000e+03 1.100000000000000000e+01
1.061400000000000091e+03 1.713599999999999909e+03 1.100000000000000000e+01
1.061599999999999909e+03 1.714400000000000091e+03 1.100000000000000000e+01
1.062000000000000000e+03 1.715000000000000000e+03 1.100000000000000000e+01
1.062250000000000000e+03 1.715250000000000000e+03 1.200000000000000000e+01
