9.340000000000000000e+02 1.457200000000000045e+03 1.900000000000000000e+01
9.343999999999999773e+02 1.458000000000000000e+03 1.900000000000000000e+01
9.346000000000000227e+02 1.459000000000000000e+03 1.900000000000000000e+01
9.350000000000000000e+02 1.459799999999999955e+03 1.900000000000000000e+01
9.353999999999999773e+02 1.460599999999999909e+03 1.900000000000000000e+01
9.356000000000000227e+02 1.461400000000000091e+03 1.900000000000000000e+01
9.360000000000000000e+02 1.462200000000000045e+03 1.900000000000000000e+01
9.363999999999999773e+02 1.463000000000000000e+03 1.900000000000000000e+01
9.366000000000000227e+02 1.464000000000000000e+03 1.900000000000000000e+01
9.367999999999999545e+02 1.465000000000000000e+03 1.900000000000000000e+01
9.370000000000000000e+02 1.466000000000000000e+03 1.900000000000000000e+01
9.372000000000000455e+02 1.466799999999999955e+03 1.900000000000000000e+01
9.373999999999999773e+02 1.467599999999999909e+03 1.900000000000000000e+01
9.376000000000000227e+02 1.468400000000000091e+03 1.900000000000000000e+01
9.377999999999999545e+02 1.469200000000000045e+03 1.900000000000000000e+01
9.380000000000000000e+02 1.470000000000000000e+03 1.900000000000000000e+01
9.380000000000000000e+02 1.471000000000000000e+03 1.900000000000000000e+01
9.380000000000000000e+02 1.472000000000000000e+03 1.900000000000000000e+01
9.380000000000000000e+02 1.473000000000000000e+03 1.900000000000000000e+01
9.380000000000000000e+02 1.474000000000000000e+03 1.900000000000000000e+01
9.380000000000000000e+02 1.474500000000000000e+03 1.900000000000000000e+01
