5.742000000000000455e+02 1.281200000000000045e+03 1.600000000000000000e+01
5.736000000000000227e+02 1.281799999999999955e+03 1.600000000000000000e+01
5.727999999999999545e+02 1.282200000000000045e+03 1.600000000000000000e+01
5.722000000000000455e+02 1.282799999999999955e+03 1.600000000000000000e+01
5.713999999999999773e+02 1.283200000000000045e+03 1.600000000000000000e+01
5.707999999999999545e+02 1.283799999999999955e+03 1.600000000000000000e+01
5.702000000000000455e+02 1.284200000000000045e+03 1.600000000000000000e+01
5.697999999999999545e+02 1.284799999999999955e+03 1.600000000000000000e+01
5.692000000000000455e+02 1.285200000000000045e+03 1.600000000000000000e+01
5.687999999999999545e+02 1.285799999999999955e+03 1.600000000000000000e+01
5.682000000000000455e+02 1.286400000000000091e+03 1.600000000000000000e+01
5.677999999999999545e+02 1.287200000000000045e+03 1.600000000000000000e+01
5.673999999999999773e+02 1.288000000000000000e+03 1.600000000000000000e+01
5.670000000000000000e+02 1.288799999999999955e+03 1.600000000000000000e+01
5.666000000000000227e+02 1.289599999999999909e+03 1.600000000000000000e+01
5.663999999999999773e+02 1.290400000000000091e+03 1.600000000000000000e+01
5.660000000000000000e+02 1.291000000000000000e+03 1.600000000000000000e+01
5.656000000000000227e+02 1.291599999999999909e+03 1.600000000000000000e+01
5.653999999999999773e+02 1.292400000000000091e+03 1.600000000000000000e+01
5.652000000000000455e+02 1.293200000000000045e+03 1.600000000000000000e+01
5.650000000000000000e+02 1.294000000000000000e+03 1.600000000000000000e+01
5.650000000000000000e+02 1.295000000000000000e+03 1.600000000000000000e+01
5.647999999999999545e+02 1.295799999999999955e+03 1.600000000000000000e+01
5.646000000000000227e+02 1.296599999999999909e+03 1.600000000000000000e+01
5.643999999999999773e+02 1.297400000000000091e+03 1.600000000000000000e+01
5.642000000000000455e+02 1.298200000000000045e+03 1.600000000000000000e+01
5.640000000000000000e+02 1.299000000000000000e+03 1.600000000000000000e+01
5.640000000000000000e+02 1.300000000000000000e+03 1.600000000000000000e+01
5.640000000000000000e+02 1.301000000000000000e+03 1.600000000000000000e+01
5.640000000000000000e+02 1.302000000000000000e+03 1.600000000000000000e+01
5.637999999999999545e+02 1.303000000000000000e+03 1.600000000000000000e+01
5.636000000000000227e+02 1.304000000000000000e+03 1.600000000000000000e+01
5.633999999999999773e+02 1.305000000000000000e+03 1.600000000000000000e+01
5.632000000000000455e+02 1.306000000000000000e+03 1.600000000000000000e+01
5.630000000000000000e+02 1.307000000000000000e+03 1.600000000000000000e+01
5.627999999999999545e+02 1.308000000000000000e+03 1.600000000000000000e+01
5.626000000000000227e+02 1.309000000000000000e+03 1.600000000000000000e+01
5.623999999999999773e+02 1.310000000000000000e+03 1.600000000000000000e+01
5.622000000000000455e+02 1.311000000000000000e+03 1.600000000000000000e+01
5.620000000000000000e+02 1.312000000000000000e+03 1.600000000000000000e+01
5.620000000000000000e+02 1.313000000000000000e+03 1.600000000000000000e+01
5.617999999999999545e+02 1.313799999999999955e+03 1.600000000000000000e+01
5.616000000000000227e+02 1.314599999999999909e+03 1.600000000000000000e+01
5.613999999999999773e+02 1.315400000000000091e+03 1.600000000000000000e+01
5.612000000000000455e+02 1.316200000000000045e+03 1.600000000000000000e+01
5.610000000000000000e+02 1.317000000000000000e+03 1.600000000000000000e+01
5.610000000000000000e+02 1.318000000000000000e+03 1.600000000000000000e+01
5.610000000000000000e+02 1.319000000000000000e+03 1.600000000000000000e+01
5.612000000000000455e+02 1.319799999999999955e+03 1.600000000000000000e+01
5.613999999999999773e+02 1.320599999999999909e+03 1.600000000000000000e+01
5.616000000000000227e+02 1.321400000000000091e+03 1.600000000000000000e+01
5.617999999999999545e+02 1.322200000000000045e+03 1.600000000000000000e+01
5.620000000000000000e+02 1.322799999999999955e+03 1.600000000000000000e+01
5.620000000000000000e+02 1.323599999999999909e+03 1.500000000000000000e+01
5.622000000000000455e+02 1.324200000000000045e+03 1.500000000000000000e+01
5.623999999999999773e+02 1.324799999999999955e+03 1.500000000000000000e+01
5.626000000000000227e+02 1.325400000000000091e+03 1.500000000000000000e+01
5.630000000000000000e+02 1.326200000000000045e+03 1.500000000000000000e+01
5.633999999999999773e+02 1.327000000000000000e+03 1.500000000000000000e+01
5.636000000000000227e+02 1.328000000000000000e+03 1.500000000000000000e+01
5.640000000000000000e+02 1.328799999999999955e+03 1.500000000000000000e+01
5.643999999999999773e+02 1.329599999999999909e+03 1.500000000000000000e+01
5.646000000000000227e+02 1.330400000000000091e+03 1.500000000000000000e+01
5.647999999999999545e+02 1.331200000000000045e+03 1.500000000000000000e+01
5.652000000000000455e+02 1.331799999999999955e+03 1.500000000000000000e+01
5.653999999999999773e+02 1.332599999999999909e+03 1.500000000000000000e+01
5.656000000000000227e+02 1.333400000000000091e+03 1.500000000000000000e+01
5.657999999999999545e+02 1.334200000000000045e+03 1.500000000000000000e+01
5.660000000000000000e+02 1.335000000000000000e+03 1.500000000000000000e+01
5.660000000000000000e+02 1.336000000000000000e+03 1.500000000000000000e+01
5.660000000000000000e+02 1.337000000000000000e+03 1.500000000000000000e+01
5.657999999999999545e+02 1.337799999999999955e+03 1.500000000000000000e+01
5.656000000000000227e+02 1.338599999999999909e+03 1.500000000000000000e+01
5.653999999999999773e+02 1.339400000000000091e+03 1.500000000000000000e+01
5.652000000000000455e+02 1.340200000000000045e+03 1.500000000000000000e+01
5.647999999999999545e+02 1.341000000000000000e+03 1.500000000000000000e+01
5.646000000000000227e+02 1.342000000000000000e+03 1.500000000000000000e+01
5.643999999999999773e+02 1.343000000000000000e+03 1.500000000000000000e+01
5.642000000000000455e+02 1.344000000000000000e+03 1.500000000000000000e+01
5.640000000000000000e+02 1.345000000000000000e+03 1.500000000000000000e+01
5.640000000000000000e+02 1.346000000000000000e+03 1.500000000000000000e+01
5.640000000000000000e+02 1.347000000000000000e+03 1.500000000000000000e+01
5.640000000000000000e+02 1.348000000000000000e+03 1.500000000000000000e+01
5.640000000000000000e+02 1.349000000000000000e+03 1.500000000000000000e+01
5.640000000000000000e+02 1.350000000000000000e+03 1.500000000000000000e+01
5.640000000000000000e+02 1.351000000000000000e+03 1.500000000000000000e+01
5.640000000000000000e+02 1.352000000000000000e+03 1.500000000000000000e+01
5.640000000000000000e+02 1.353000000000000000e+03 1.500000000000000000e+01
5.642000000000000455e+02 1.353799999999999955e+03 1.500000000000000000e+01
5.643999999999999773e+02 1.354599999999999909e+03 1.500000000000000000e+01
5.646000000000000227e+02 1.355400000000000091e+03 1.500000000000000000e+01
5.647999999999999545e+02 1.356200000000000045e+03 1.500000000000000000e+01
5.652000000000000455e+02 1.356799999999999955e+03 1.500000000000000000e+01
5.653999999999999773e+02 1.357599999999999909e+03 1.500000000000000000e+01
5.656000000000000227e+02 1.358400000000000091e+03 1.500000000000000000e+01
5.657999999999999545e+02 1.359200000000000045e+03 1.500000000000000000e+01
5.662000000000000455e+02 1.360000000000000000e+03 1.500000000000000000e+01
5.663999999999999773e+02 1.361000000000000000e+03 1.500000000000000000e+01
5.666000000000000227e+02 1.362000000000000000e+03 1.500000000000000000e+01
5.667999999999999545e+02 1.363000000000000000e+03 1.500000000000000000e+01
5.670000000000000000e+02 1.364000000000000000e+03 1.500000000000000000e+01
5.672000000000000455e+02 1.364799999999999955e+03 1.500000000000000000e+01
5.673999999999999773e+02 1.365599999999999909e+03 1.500000000000000000e+01
5.676000000000000227e+02 1.366400000000000091e+03 1.400000000000000000e+01
5.677999999999999545e+02 1.367200000000000045e+03 1.400000000000000000e+01
5.680000000000000000e+02 1.368000000000000000e+03 1.400000000000000000e+01
5.680000000000000000e+02 1.369000000000000000e+03 1.400000000000000000e+01
5.680000000000000000e+02 1.370000000000000000e+03 1.400000000000000000e+01
5.680000000000000000e+02 1.371000000000000000e+03 1.400000000000000000e+01
5.680000000000000000e+02 1.372000000000000000e+03 1.400000000000000000e+01
5.677999999999999545e+02 1.372799999999999955e+03 1.400000000000000000e+01
5.676000000000000227e+02 1.373599999999999909e+03 1.400000000000000000e+01
5.673999999999999773e+02 1.374400000000000091e+03 1.400000000000000000e+01
5.672000000000000455e+02 1.375200000000000045e+03 1.400000000000000000e+01
5.670000000000000000e+02 1.376000000000000000e+03 1.400000000000000000e+01
5.670000000000000000e+02 1.377000000000000000e+03 1.400000000000000000e+01
5.670000000000000000e+02 1.378000000000000000e+03 1.400000000000000000e+01
5.670000000000000000e+02 1.379000000000000000e+03 1.400000000000000000e+01
5.667999999999999545e+02 1.379799999999999955e+03 1.400000000000000000e+01
5.666000000000000227e+02 1.380599999999999909e+03 1.400000000000000000e+01
5.663999999999999773e+02 1.381400000000000091e+03 1.400000000000000000e+01
5.662000000000000455e+02 1.382200000000000045e+03 1.400000000000000000e+01
5.660000000000000000e+02 1.383000000000000000e+03 1.400000000000000000e+01
5.660000000000000000e+02 1.384000000000000000e+03 1.400000000000000000e+01
5.660000000000000000e+02 1.385000000000000000e+03 1.400000000000000000e+01
5.660000000000000000e+02 1.386000000000000000e+03 1.400000000000000000e+01
5.660000000000000000e+02 1.387000000000000000e+03 1.400000000000000000e+01
5.660000000000000000e+02 1.388000000000000000e+03 1.400000000000000000e+01
5.660000000000000000e+02 1.389000000000000000e+03 1.400000000000000000e+01
5.660000000000000000e+02 1.390000000000000000e+03 1.400000000000000000e+01
5.660000000000000000e+02 1.391000000000000000e+03 1.400000000000000000e+01
5.660000000000000000e+02 1.392000000000000000e+03 1.400000000000000000e+01
5.657999999999999545e+02 1.392799999999999955e+03 1.400000000000000000e+01
5.656000000000000227e+02 1.393599999999999909e+03 1.400000000000000000e+01
5.653999999999999773e+02 1.394400000000000091e+03 1.400000000000000000e+01
5.652000000000000455e+02 1.395200000000000045e+03 1.400000000000000000e+01
5.647999999999999545e+02 1.396000000000000000e+03 1.400000000000000000e+01
5.646000000000000227e+02 1.397000000000000000e+03 1.400000000000000000e+01
5.642000000000000455e+02 1.398000000000000000e+03 1.400000000000000000e+01
5.637999999999999545e+02 1.399000000000000000e+03 1.400000000000000000e+01
5.632000000000000455e+02 1.400000000000000000e+03 1.400000000000000000e+01
5.630000000000000000e+02 1.400500000000000000e+03 1.400000000000000000e+01
