3.436000000000000227e+02 3.080000000000000000e+02 5.000000000000000000e+00
3.438000000000000114e+02 3.090000000000000000e+02 5.000000000000000000e+00
3.441999999999999886e+02 3.098000000000000114e+02 5.000000000000000000e+00
3.443999999999999773e+02 3.106000000000000227e+02 5.000000000000000000e+00
3.446000000000000227e+02 3.113999999999999773e+02 5.000000000000000000e+00
3.448000000000000114e+02 3.121999999999999886e+02 5.000000000000000000e+00
3.450000000000000000e+02 3.130000000000000000e+02 5.000000000000000000e+00
3.451999999999999886e+02 3.138000000000000114e+02 5.000000000000000000e+00
3.453999999999999773e+02 3.146000000000000227e+02 5.000000000000000000e+00
3.456000000000000227e+02 3.153999999999999773e+02 5.000000000000000000e+00
3.458000000000000114e+02 3.161999999999999886e+02 5.000000000000000000e+00
3.460000000000000000e+02 3.170000000000000000e+02 5.000000000000000000e+00
3.460000000000000000e+02 3.180000000000000000e+02 5.000000000000000000e+00
3.460000000000000000e+02 3.190000000000000000e+02 5.000000000000000000e+00
3.460000000000000000e+02 3.200000000000000000e+02 5.000000000000000000e+00
3.460000000000000000e+02 3.210000000000000000e+02 5.000000000000000000e+00
3.458000000000000114e+02 3.218000000000000114e+02 5.000000000000000000e+00
3.456000000000000227e+02 3.226000000000000227e+02 5.000000000000000000e+00
3.453999999999999773e+02 3.233999999999999773e+02 5.000000000000000000e+00
3.450000000000000000e+02 3.240000000000000000e+02 5.000000000000000000e+00
3.446000000000000227e+02 3.246000000000000227e+02 5.000000000000000000e+00
3.443999999999999773e+02 3.253999999999999773e+02 5.000000000000000000e+00
3.440000000000000000e+02 3.260000000000000000e+02 5.000000000000000000e+00
3.436000000000000227e+02 3.266000000000000227e+02 5.000000000000000000e+00
3.433999999999999773e+02 3.273999999999999773e+02 5.000000000000000000e+00
3.430000000000000000e+02 3.280000000000000000e+02 5.000000000000000000e+00
3.426000000000000227e+02 3.286000000000000227e+02 5.000000000000000000e+00
3.423999999999999773e+02 3.293999999999999773e+02 5.000000000000000000e+00
3.420000000000000000e+02 3.300000000000000000e+02 5.000000000000000000e+00
3.416000000000000227e+02 3.306000000000000227e+02 5.000000000000000000e+00
3.413999999999999773e+02 3.313999999999999773e+02 5.000000000000000000e+00
3.411999999999999886e+02 3.321999999999999886e+02 5.000000000000000000e+00
3.410000000000000000e+02 3.330000000000000000e+02 5.000000000000000000e+00
3.408000000000000114e+02 3.338000000000000114e+02 5.000000000000000000e+00
3.406000000000000227e+02 3.346000000000000227e+02 5.000000000000000000e+00
3.403999999999999773e+02 3.353999999999999773e+02 5.000000000000000000e+00
3.401999999999999886e+02 3.361999999999999886e+02 5.000000000000000000e+00
3.400000000000000000e+02 3.370000000000000000e+02 5.000000000000000000e+00
3.400000000000000000e+02 3.380000000000000000e+02 5.000000000000000000e+00
3.400000000000000000e+02 3.390000000000000000e+02 5.000000000000000000e+00
3.400000000000000000e+02 3.400000000000000000e+02 5.000000000000000000e+00
3.401999999999999886e+02 3.408000000000000114e+02 5.000000000000000000e+00
3.403999999999999773e+02 3.416000000000000227e+02 5.000000000000000000e+00
3.406000000000000227e+02 3.423999999999999773e+02 5.000000000000000000e+00
3.408000000000000114e+02 3.431999999999999886e+02 5.000000000000000000e+00
3.410000000000000000e+02 3.440000000000000000e+02 5.000000000000000000e+00
3.410000000000000000e+02 3.450000000000000000e+02 5.000000000000000000e+00
3.410000000000000000e+02 3.460000000000000000e+02 5.000000000000000000e+00
3.410000000000000000e+02 3.470000000000000000e+02 5.000000000000000000e+00
3.410000000000000000e+02 3.480000000000000000e+02 5.000000000000000000e+00
3.411999999999999886e+02 3.488000000000000114e+02 5.000000000000000000e+00
3.413999999999999773e+02 3.496000000000000227e+02 5.000000000000000000e+00
3.416000000000000227e+02 3.503999999999999773e+02 5.000000000000000000e+00
3.418000000000000114e+02 3.511999999999999886e+02 5.000000000000000000e+00
3.420000000000000000e+02 3.520000000000000000e+02 5.000000000000000000e+00
3.420000000000000000e+02 3.530000000000000000e+02 5.000000000000000000e+00
3.420000000000000000e+02 3.540000000000000000e+02 5.000000000000000000e+00
3.420000000000000000e+02 3.550000000000000000e+02 5.000000000000000000e+00
3.420000000000000000e+02 3.560000000000000000e+02 5.000000000000000000e+00
3.420000000000000000e+02 3.570000000000000000e+02 5.000000000000000000e+00
3.420000000000000000e+02 3.580000000000000000e+02 5.000000000000000000e+00
3.420000000000000000e+02 3.590000000000000000e+02 5.000000000000000000e+00
3.420000000000000000e+02 3.600000000000000000e+02 5.000000000000000000e+00
3.420000000000000000e+02 3.610000000000000000e+02 5.000000000000000000e+00
3.420000000000000000e+02 3.620000000000000000e+02 5.000000000000000000e+00
3.420000000000000000e+02 3.630000000000000000e+02 5.000000000000000000e+00
3.420000000000000000e+02 3.640000000000000000e+02 5.000000000000000000e+00
3.420000000000000000e+02 3.650000000000000000e+02 5.000000000000000000e+00
3.418000000000000114e+02 3.658000000000000114e+02 5.000000000000000000e+00
3.416000000000000227e+02 3.666000000000000227e+02 5.000000000000000000e+00
3.413999999999999773e+02 3.673999999999999773e+02 4.000000000000000000e+00
3.411999999999999886e+02 3.681999999999999886e+02 4.000000000000000000e+00
3.410000000000000000e+02 3.690000000000000000e+02 4.000000000000000000e+00
3.408000000000000114e+02 3.698000000000000114e+02 5.000000000000000000e+00
3.406000000000000227e+02 3.706000000000000227e+02 5.000000000000000000e+00
3.403999999999999773e+02 3.713999999999999773e+02 5.000000000000000000e+00
3.401999999999999886e+02 3.721999999999999886e+02 5.000000000000000000e+00
3.398000000000000114e+02 3.728000000000000114e+02 5.000000000000000000e+00
3.396000000000000227e+02 3.736000000000000227e+02 5.000000000000000000e+00
3.393999999999999773e+02 3.743999999999999773e+02 5.000000000000000000e+00
3.390000000000000000e+02 3.750000000000000000e+02 5.000000000000000000e+00
3.386000000000000227e+02 3.756000000000000227e+02 5.000000000000000000e+00
3.383999999999999773e+02 3.763999999999999773e+02 5.000000000000000000e+00
3.381999999999999886e+02 3.771999999999999886e+02 5.000000000000000000e+00
3.378000000000000114e+02 3.778000000000000114e+02 5.000000000000000000e+00
3.376000000000000227e+02 3.786000000000000227e+02 5.000000000000000000e+00
3.373999999999999773e+02 3.793999999999999773e+02 5.000000000000000000e+00
3.371999999999999886e+02 3.801999999999999886e+02 5.000000000000000000e+00
3.368000000000000114e+02 3.808000000000000114e+02 5.000000000000000000e+00
3.366000000000000227e+02 3.816000000000000227e+02 5.000000000000000000e+00
3.363999999999999773e+02 3.823999999999999773e+02 5.000000000000000000e+00
3.361999999999999886e+02 3.831999999999999886e+02 5.000000000000000000e+00
3.360000000000000000e+02 3.840000000000000000e+02 5.000000000000000000e+00
3.360000000000000000e+02 3.850000000000000000e+02 5.000000000000000000e+00
3.360000000000000000e+02 3.860000000000000000e+02 6.000000000000000000e+00
3.360000000000000000e+02 3.870000000000000000e+02 6.000000000000000000e+00
3.360000000000000000e+02 3.880000000000000000e+02 6.000000000000000000e+00
3.360000000000000000e+02 3.890000000000000000e+02 6.000000000000000000e+00
3.360000000000000000e+02 3.900000000000000000e+02 6.000000000000000000e+00
3.361999999999999886e+02 3.908000000000000114e+02 6.000000000000000000e+00
3.363999999999999773e+02 3.916000000000000227e+02 6.000000000000000000e+00
3.366000000000000227e+02 3.923999999999999773e+02 6.000000000000000000e+00
3.368000000000000114e+02 3.931999999999999886e+02 6.000000000000000000e+00
3.370000000000000000e+02 3.940000000000000000e+02 6.000000000000000000e+00
3.370000000000000000e+02 3.950000000000000000e+02 6.000000000000000000e+00
3.370000000000000000e+02 3.960000000000000000e+02 6.000000000000000000e+00
3.370000000000000000e+02 3.970000000000000000e+02 6.000000000000000000e+00
3.370000000000000000e+02 3.980000000000000000e+02 6.000000000000000000e+00
3.370000000000000000e+02 3.990000000000000000e+02 6.000000000000000000e+00
3.368000000000000114e+02 3.998000000000000114e+02 6.000000000000000000e+00
3.366000000000000227e+02 4.006000000000000227e+02 6.000000000000000000e+00
3.363999999999999773e+02 4.011999999999999886e+02 6.000000000000000000e+00
3.361999999999999886e+02 4.018000000000000114e+02 7.000000000000000000e+00
3.360000000000000000e+02 4.023999999999999773e+02 7.000000000000000000e+00
3.360000000000000000e+02 4.031999999999999886e+02 7.000000000000000000e+00
3.358000000000000114e+02 4.038000000000000114e+02 7.000000000000000000e+00
3.356000000000000227e+02 4.046000000000000227e+02 7.000000000000000000e+00
3.353999999999999773e+02 4.053999999999999773e+02 7.000000000000000000e+00
3.350000000000000000e+02 4.060000000000000000e+02 7.000000000000000000e+00
3.346000000000000227e+02 4.066000000000000227e+02 7.000000000000000000e+00
3.343999999999999773e+02 4.073999999999999773e+02 7.000000000000000000e+00
3.340000000000000000e+02 4.080000000000000000e+02 7.000000000000000000e+00
3.336000000000000227e+02 4.086000000000000227e+02 7.000000000000000000e+00
3.333999999999999773e+02 4.093999999999999773e+02 7.000000000000000000e+00
3.330000000000000000e+02 4.100000000000000000e+02 7.000000000000000000e+00
3.326000000000000227e+02 4.106000000000000227e+02 7.000000000000000000e+00
3.325000000000000000e+02 4.110000000000000000e+02 7.000000000000000000e+00
