8.393999999999999773e+02 7.396000000000000227e+02 1.900000000000000000e+01
8.400000000000000000e+02 7.400000000000000000e+02 1.900000000000000000e+01
8.406000000000000227e+02 7.403999999999999773e+02 1.900000000000000000e+01
8.413999999999999773e+02 7.407999999999999545e+02 1.900000000000000000e+01
8.422000000000000455e+02 7.412000000000000455e+02 1.900000000000000000e+01
8.430000000000000000e+02 7.416000000000000227e+02 1.900000000000000000e+01
8.437999999999999545e+02 7.420000000000000000e+02 1.900000000000000000e+01
8.446000000000000227e+02 7.423999999999999773e+02 1.900000000000000000e+01
8.453999999999999773e+02 7.426000000000000227e+02 1.900000000000000000e+01
8.462000000000000455e+02 7.430000000000000000e+02 1.900000000000000000e+01
8.470000000000000000e+02 7.433999999999999773e+02 1.800000000000000000e+01
8.480000000000000000e+02 7.436000000000000227e+02 1.800000000000000000e+01
8.490000000000000000e+02 7.437999999999999545e+02 1.800000000000000000e+01
8.500000000000000000e+02 7.440000000000000000e+02 1.800000000000000000e+01
8.510000000000000000e+02 7.440000000000000000e+02 1.800000000000000000e+01
8.517999999999999545e+02 7.437999999999999545e+02 1.800000000000000000e+01
8.526000000000000227e+02 7.436000000000000227e+02 1.800000000000000000e+01
8.533999999999999773e+02 7.433999999999999773e+02 1.800000000000000000e+01
8.540000000000000000e+02 7.430000000000000000e+02 1.800000000000000000e+01
8.546000000000000227e+02 7.426000000000000227e+02 1.800000000000000000e+01
8.552000000000000455e+02 7.422000000000000455e+02 1.800000000000000000e+01
8.557999999999999545e+02 7.417999999999999545e+02 1.800000000000000000e+01
8.562000000000000455e+02 7.412000000000000455e+02 1.800000000000000000e+01
8.567999999999999545e+02 7.407999999999999545e+02 1.800000000000000000e+01
8.572000000000000455e+02 7.402000000000000455e+02 1.800000000000000000e+01
8.577999999999999545e+02 7.397999999999999545e+02 1.800000000000000000e+01
8.582000000000000455e+02 7.392000000000000455e+02 1.800000000000000000e+01
8.587999999999999545e+02 7.386000000000000227e+02 1.800000000000000000e+01
8.592000000000000455e+02 7.377999999999999545e+02 1.800000000000000000e+01
8.597999999999999545e+02 7.372000000000000455e+02 1.800000000000000000e+01
8.602000000000000455e+02 7.363999999999999773e+02 1.800000000000000000e+01
8.607999999999999545e+02 7.357999999999999545e+02 1.800000000000000000e+01
8.612000000000000455e+02 7.352000000000000455e+02 1.800000000000000000e+01
8.617999999999999545e+02 7.346000000000000227e+02 1.800000000000000000e+01
8.623999999999999773e+02 7.337999999999999545e+02 1.800000000000000000e+01
8.632000000000000455e+02 7.332000000000000455e+02 1.800000000000000000e+01
8.637999999999999545e+02 7.323999999999999773e+02 1.800000000000000000e+01
8.646000000000000227e+02 7.317999999999999545e+02 1.800000000000000000e+01
8.652000000000000455e+02 7.312000000000000455e+02 1.800000000000000000e+01
8.657999999999999545e+02 7.307999999999999545e+02 1.800000000000000000e+01
8.662000000000000455e+02 7.302000000000000455e+02 1.800000000000000000e+01
8.667999999999999545e+02 7.297999999999999545e+02 1.800000000000000000e+01
8.673999999999999773e+02 7.292000000000000455e+02 1.800000000000000000e+01
8.682000000000000455e+02 7.287999999999999545e+02 1.800000000000000000e+01
8.685000000000000000e+02 7.285000000000000000e+02 1.800000000000000000e+01
