1.481999999999999886e+02 2.328000000000000114e+02 8.000000000000000000e+00
1.490000000000000000e+02 2.330000000000000000e+02 8.000000000000000000e+00
1.500000000000000000e+02 2.330000000000000000e+02 9.000000000000000000e+00
1.510000000000000000e+02 2.330000000000000000e+02 9.000000000000000000e+00
1.520000000000000000e+02 2.330000000000000000e+02 9.000000000000000000e+00
1.530000000000000000e+02 2.330000000000000000e+02 9.000000000000000000e+00
1.538000000000000114e+02 2.328000000000000114e+02 9.000000000000000000e+00
1.545999999999999943e+02 2.325999999999999943e+02 9.000000000000000000e+00
1.554000000000000057e+02 2.324000000000000057e+02 9.000000000000000000e+00
1.560000000000000000e+02 2.321999999999999886e+02 9.000000000000000000e+00
1.564000000000000057e+02 2.318000000000000114e+02 1.000000000000000000e+01
1.570000000000000000e+02 2.315999999999999943e+02 1.000000000000000000e+01
1.575999999999999943e+02 2.314000000000000057e+02 1.000000000000000000e+01
1.580000000000000000e+02 2.310000000000000000e+02 1.000000000000000000e+01
1.585999999999999943e+02 2.305999999999999943e+02 1.000000000000000000e+01
1.591999999999999886e+02 2.301999999999999886e+02 1.000000000000000000e+01
1.598000000000000114e+02 2.298000000000000114e+02 1.000000000000000000e+01
1.601999999999999886e+02 2.291999999999999886e+02 1.000000000000000000e+01
1.608000000000000114e+02 2.288000000000000114e+02 1.000000000000000000e+01
1.611999999999999886e+02 2.281999999999999886e+02 1.000000000000000000e+01
1.618000000000000114e+02 2.278000000000000114e+02 1.000000000000000000e+01
1.621999999999999886e+02 2.271999999999999886e+02 1.000000000000000000e+01
1.628000000000000114e+02 2.268000000000000114e+02 1.000000000000000000e+01
1.631999999999999886e+02 2.261999999999999886e+02 1.000000000000000000e+01
1.638000000000000114e+02 2.258000000000000114e+02 1.000000000000000000e+01
1.644000000000000057e+02 2.251999999999999886e+02 1.000000000000000000e+01
1.651999999999999886e+02 2.248000000000000114e+02 1.100000000000000000e+01
1.658000000000000114e+02 2.241999999999999886e+02 1.100000000000000000e+01
1.665999999999999943e+02 2.238000000000000114e+02 1.100000000000000000e+01
1.674000000000000057e+02 2.234000000000000057e+02 1.100000000000000000e+01
1.680000000000000000e+02 2.230000000000000000e+02 1.100000000000000000e+01
1.685999999999999943e+02 2.225999999999999943e+02 1.100000000000000000e+01
1.694000000000000057e+02 2.224000000000000057e+02 1.100000000000000000e+01
1.701999999999999886e+02 2.221999999999999886e+02 1.100000000000000000e+01
1.708000000000000114e+02 2.218000000000000114e+02 1.100000000000000000e+01
1.715999999999999943e+02 2.215999999999999943e+02 1.100000000000000000e+01
1.724000000000000057e+02 2.214000000000000057e+02 1.100000000000000000e+01
1.731999999999999886e+02 2.211999999999999886e+02 1.100000000000000000e+01
1.738000000000000114e+02 2.211999999999999886e+02 1.100000000000000000e+01
1.745999999999999943e+02 2.214000000000000057e+02 1.100000000000000000e+01
1.754000000000000057e+02 2.215999999999999943e+02 1.100000000000000000e+01
1.760000000000000000e+02 2.220000000000000000e+02 1.100000000000000000e+01
1.765999999999999943e+02 2.224000000000000057e+02 1.100000000000000000e+01
1.771999999999999886e+02 2.228000000000000114e+02 1.100000000000000000e+01
1.778000000000000114e+02 2.231999999999999886e+02 1.100000000000000000e+01
1.781999999999999886e+02 2.238000000000000114e+02 1.200000000000000000e+01
1.788000000000000114e+02 2.244000000000000057e+02 1.200000000000000000e+01
1.791999999999999886e+02 2.251999999999999886e+02 1.200000000000000000e+01
1.795999999999999943e+02 2.260000000000000000e+02 1.200000000000000000e+01
1.798000000000000114e+02 2.270000000000000000e+02 1.200000000000000000e+01
1.801999999999999886e+02 2.280000000000000000e+02 1.100000000000000000e+01
1.804000000000000057e+02 2.290000000000000000e+02 1.100000000000000000e+01
1.805999999999999943e+02 2.300000000000000000e+02 1.100000000000000000e+01
1.808000000000000114e+02 2.310000000000000000e+02 1.100000000000000000e+01
1.810000000000000000e+02 2.320000000000000000e+02 1.100000000000000000e+01
1.810000000000000000e+02 2.330000000000000000e+02 1.100000000000000000e+01
1.810000000000000000e+02 2.340000000000000000e+02 1.100000000000000000e+01
1.811999999999999886e+02 2.350000000000000000e+02 1.100000000000000000e+01
1.814000000000000057e+02 2.360000000000000000e+02 1.100000000000000000e+01
1.815999999999999943e+02 2.370000000000000000e+02 1.100000000000000000e+01
1.820000000000000000e+02 2.378000000000000114e+02 1.100000000000000000e+01
1.824000000000000057e+02 2.385999999999999943e+02 1.100000000000000000e+01
1.825999999999999943e+02 2.394000000000000057e+02 1.100000000000000000e+01
1.830000000000000000e+02 2.400000000000000000e+02 1.100000000000000000e+01
1.834000000000000057e+02 2.405999999999999943e+02 1.100000000000000000e+01
1.838000000000000114e+02 2.411999999999999886e+02 1.100000000000000000e+01
1.841999999999999886e+02 2.418000000000000114e+02 1.100000000000000000e+01
1.848000000000000114e+02 2.421999999999999886e+02 1.100000000000000000e+01
1.851999999999999886e+02 2.428000000000000114e+02 1.100000000000000000e+01
1.858000000000000114e+02 2.431999999999999886e+02 1.100000000000000000e+01
1.861999999999999886e+02 2.438000000000000114e+02 1.100000000000000000e+01
1.868000000000000114e+02 2.441999999999999886e+02 1.100000000000000000e+01
1.874000000000000057e+02 2.448000000000000114e+02 1.100000000000000000e+01
1.881999999999999886e+02 2.454000000000000057e+02 1.100000000000000000e+01
1.890000000000000000e+02 2.460000000000000000e+02 1.100000000000000000e+01
1.898000000000000114e+02 2.465999999999999943e+02 1.100000000000000000e+01
1.905999999999999943e+02 2.471999999999999886e+02 1.100000000000000000e+01
1.911999999999999886e+02 2.478000000000000114e+02 1.100000000000000000e+01
1.918000000000000114e+02 2.481999999999999886e+02 1.100000000000000000e+01
1.924000000000000057e+02 2.488000000000000114e+02 1.100000000000000000e+01
1.930000000000000000e+02 2.491999999999999886e+02 1.100000000000000000e+01
1.935999999999999943e+02 2.495999999999999943e+02 1.200000000000000000e+01
1.941999999999999886e+02 2.500000000000000000e+02 1.200000000000000000e+01
1.948000000000000114e+02 2.504000000000000057e+02 1.200000000000000000e+01
1.951999999999999886e+02 2.508000000000000114e+02 1.200000000000000000e+01
1.958000000000000114e+02 2.511999999999999886e+02 1.200000000000000000e+01
1.961999999999999886e+02 2.518000000000000114e+02 1.200000000000000000e+01
1.968000000000000114e+02 2.521999999999999886e+02 1.200000000000000000e+01
1.971999999999999886e+02 2.528000000000000114e+02 1.200000000000000000e+01
1.978000000000000114e+02 2.531999999999999886e+02 1.200000000000000000e+01
1.981999999999999886e+02 2.538000000000000114e+02 1.200000000000000000e+01
1.988000000000000114e+02 2.544000000000000057e+02 1.200000000000000000e+01
1.994000000000000057e+02 2.551999999999999886e+02 1.200000000000000000e+01
2.000000000000000000e+02 2.560000000000000000e+02 1.200000000000000000e+01
2.005999999999999943e+02 2.568000000000000114e+02 1.200000000000000000e+01
2.011999999999999886e+02 2.576000000000000227e+02 1.200000000000000000e+01
2.018000000000000114e+02 2.581999999999999886e+02 1.200000000000000000e+01
2.021999999999999886e+02 2.588000000000000114e+02 1.200000000000000000e+01
2.025999999999999943e+02 2.593999999999999773e+02 1.200000000000000000e+01
2.030000000000000000e+02 2.600000000000000000e+02 1.200000000000000000e+01
2.034000000000000057e+02 2.606000000000000227e+02 1.200000000000000000e+01
2.038000000000000114e+02 2.613999999999999773e+02 1.200000000000000000e+01
2.041999999999999886e+02 2.621999999999999886e+02 1.200000000000000000e+01
2.048000000000000114e+02 2.630000000000000000e+02 1.200000000000000000e+01
2.054000000000000057e+02 2.638000000000000114e+02 1.200000000000000000e+01
2.061999999999999886e+02 2.643999999999999773e+02 1.200000000000000000e+01
2.070000000000000000e+02 2.648000000000000114e+02 1.200000000000000000e+01
2.080000000000000000e+02 2.650000000000000000e+02 1.200000000000000000e+01
2.090000000000000000e+02 2.650000000000000000e+02 1.200000000000000000e+01
2.100000000000000000e+02 2.650000000000000000e+02 1.200000000000000000e+01
2.110000000000000000e+02 2.650000000000000000e+02 1.200000000000000000e+01
2.120000000000000000e+02 2.651999999999999886e+02 1.200000000000000000e+01
2.130000000000000000e+02 2.653999999999999773e+02 1.200000000000000000e+01
2.140000000000000000e+02 2.656000000000000227e+02 1.200000000000000000e+01
2.150000000000000000e+02 2.658000000000000114e+02 1.200000000000000000e+01
2.160000000000000000e+02 2.660000000000000000e+02 1.200000000000000000e+01
2.170000000000000000e+02 2.660000000000000000e+02 1.200000000000000000e+01
2.178000000000000114e+02 2.661999999999999886e+02 1.200000000000000000e+01
2.185999999999999943e+02 2.663999999999999773e+02 1.200000000000000000e+01
2.194000000000000057e+02 2.666000000000000227e+02 1.200000000000000000e+01
2.201999999999999886e+02 2.668000000000000114e+02 1.200000000000000000e+01
2.208000000000000114e+02 2.671999999999999886e+02 1.200000000000000000e+01
2.215999999999999943e+02 2.673999999999999773e+02 1.200000000000000000e+01
2.224000000000000057e+02 2.676000000000000227e+02 1.200000000000000000e+01
2.230000000000000000e+02 2.680000000000000000e+02 1.200000000000000000e+01
2.235999999999999943e+02 2.683999999999999773e+02 1.200000000000000000e+01
2.241999999999999886e+02 2.686000000000000227e+02 1.100000000000000000e+01
2.248000000000000114e+02 2.690000000000000000e+02 1.200000000000000000e+01
2.254000000000000057e+02 2.693999999999999773e+02 1.100000000000000000e+01
2.260000000000000000e+02 2.698000000000000114e+02 1.100000000000000000e+01
2.265999999999999943e+02 2.701999999999999886e+02 1.100000000000000000e+01
2.271999999999999886e+02 2.708000000000000114e+02 1.100000000000000000e+01
2.278000000000000114e+02 2.711999999999999886e+02 1.100000000000000000e+01
2.281999999999999886e+02 2.718000000000000114e+02 1.100000000000000000e+01
2.288000000000000114e+02 2.721999999999999886e+02 1.100000000000000000e+01
2.291999999999999886e+02 2.728000000000000114e+02 1.100000000000000000e+01
2.298000000000000114e+02 2.731999999999999886e+02 1.100000000000000000e+01
2.301999999999999886e+02 2.738000000000000114e+02 1.100000000000000000e+01
2.308000000000000114e+02 2.741999999999999886e+02 1.100000000000000000e+01
2.314000000000000057e+02 2.748000000000000114e+02 1.100000000000000000e+01
2.321999999999999886e+02 2.753999999999999773e+02 1.100000000000000000e+01
2.330000000000000000e+02 2.760000000000000000e+02 1.100000000000000000e+01
2.338000000000000114e+02 2.766000000000000227e+02 1.100000000000000000e+01
2.345999999999999943e+02 2.771999999999999886e+02 1.100000000000000000e+01
2.351999999999999886e+02 2.778000000000000114e+02 1.100000000000000000e+01
2.358000000000000114e+02 2.781999999999999886e+02 1.100000000000000000e+01
2.361999999999999886e+02 2.788000000000000114e+02 1.100000000000000000e+01
2.368000000000000114e+02 2.791999999999999886e+02 1.100000000000000000e+01
2.374000000000000057e+02 2.796000000000000227e+02 1.100000000000000000e+01
2.380000000000000000e+02 2.800000000000000000e+02 1.100000000000000000e+01
2.385999999999999943e+02 2.803999999999999773e+02 1.100000000000000000e+01
2.391999999999999886e+02 2.808000000000000114e+02 1.100000000000000000e+01
2.398000000000000114e+02 2.811999999999999886e+02 1.100000000000000000e+01
2.401999999999999886e+02 2.818000000000000114e+02 1.100000000000000000e+01
2.408000000000000114e+02 2.821999999999999886e+02 1.100000000000000000e+01
2.414000000000000057e+02 2.826000000000000227e+02 1.100000000000000000e+01
2.420000000000000000e+02 2.830000000000000000e+02 1.100000000000000000e+01
2.425999999999999943e+02 2.833999999999999773e+02 1.100000000000000000e+01
2.431999999999999886e+02 2.838000000000000114e+02 1.100000000000000000e+01
2.438000000000000114e+02 2.841999999999999886e+02 1.100000000000000000e+01
2.441999999999999886e+02 2.848000000000000114e+02 1.100000000000000000e+01
2.448000000000000114e+02 2.851999999999999886e+02 1.100000000000000000e+01
2.454000000000000057e+02 2.858000000000000114e+02 1.100000000000000000e+01
2.461999999999999886e+02 2.863999999999999773e+02 1.100000000000000000e+01
2.470000000000000000e+02 2.870000000000000000e+02 1.100000000000000000e+01
2.478000000000000114e+02 2.876000000000000227e+02 1.100000000000000000e+01
2.485999999999999943e+02 2.881999999999999886e+02 1.100000000000000000e+01
2.491999999999999886e+02 2.888000000000000114e+02 1.100000000000000000e+01
2.498000000000000114e+02 2.891999999999999886e+02 1.100000000000000000e+01
2.501999999999999886e+02 2.898000000000000114e+02 1.100000000000000000e+01
2.508000000000000114e+02 2.901999999999999886e+02 1.100000000000000000e+01
2.514000000000000057e+02 2.908000000000000114e+02 1.100000000000000000e+01
2.517500000000000000e+02 2.910000000000000000e+02 1.100000000000000000e+01
