6.117999999999999545e+02 2.730000000000000000e+02 9.000000000000000000e+00
6.126000000000000227e+02 2.730000000000000000e+02 8.000000000000000000e+00
6.133999999999999773e+02 2.731999999999999886e+02 8.000000000000000000e+00
6.142000000000000455e+02 2.733999999999999773e+02 8.000000000000000000e+00
6.150000000000000000e+02 2.736000000000000227e+02 8.000000000000000000e+00
6.160000000000000000e+02 2.738000000000000114e+02 8.000000000000000000e+00
6.167999999999999545e+02 2.741999999999999886e+02 8.000000000000000000e+00
6.176000000000000227e+02 2.743999999999999773e+02 8.000000000000000000e+00
6.183999999999999773e+02 2.746000000000000227e+02 8.000000000000000000e+00
6.192000000000000455e+02 2.748000000000000114e+02 8.000000000000000000e+00
6.200000000000000000e+02 2.750000000000000000e+02 8.000000000000000000e+00
6.210000000000000000e+02 2.750000000000000000e+02 8.000000000000000000e+00
6.217999999999999545e+02 2.748000000000000114e+02 8.000000000000000000e+00
6.226000000000000227e+02 2.746000000000000227e+02 8.000000000000000000e+00
6.233999999999999773e+02 2.743999999999999773e+02 8.000000000000000000e+00
6.242000000000000455e+02 2.740000000000000000e+02 8.000000000000000000e+00
6.250000000000000000e+02 2.736000000000000227e+02 8.000000000000000000e+00
6.257999999999999545e+02 2.731999999999999886e+02 8.000000000000000000e+00
6.266000000000000227e+02 2.728000000000000114e+02 8.000000000000000000e+00
6.273999999999999773e+02 2.721999999999999886e+02 8.000000000000000000e+00
6.282000000000000455e+02 2.718000000000000114e+02 8.000000000000000000e+00
6.287999999999999545e+02 2.711999999999999886e+02 8.000000000000000000e+00
6.296000000000000227e+02 2.708000000000000114e+02 8.000000000000000000e+00
6.302000000000000455e+02 2.701999999999999886e+02 8.000000000000000000e+00
6.307999999999999545e+02 2.698000000000000114e+02 8.000000000000000000e+00
6.310000000000000000e+02 2.695000000000000000e+02 8.000000000000000000e+00
