5.620000000000000000e+02 1.225200000000000045e+03 7.000000000000000000e+00
5.620000000000000000e+02 1.226000000000000000e+03 7.000000000000000000e+00
5.620000000000000000e+02 1.227000000000000000e+03 7.000000000000000000e+00
5.620000000000000000e+02 1.228000000000000000e+03 7.000000000000000000e+00
5.620000000000000000e+02 1.229000000000000000e+03 7.000000000000000000e+00
5.620000000000000000e+02 1.230000000000000000e+03 7.000000000000000000e+00
5.620000000000000000e+02 1.231000000000000000e+03 7.000000000000000000e+00
5.620000000000000000e+02 1.232000000000000000e+03 7.000000000000000000e+00
5.620000000000000000e+02 1.233000000000000000e+03 7.000000000000000000e+00
5.620000000000000000e+02 1.234000000000000000e+03 7.000000000000000000e+00
5.620000000000000000e+02 1.235000000000000000e+03 7.000000000000000000e+00
5.620000000000000000e+02 1.236000000000000000e+03 7.000000000000000000e+00
5.620000000000000000e+02 1.237000000000000000e+03 7.000000000000000000e+00
5.620000000000000000e+02 1.238000000000000000e+03 7.000000000000000000e+00
5.620000000000000000e+02 1.239000000000000000e+03 7.000000000000000000e+00
5.620000000000000000e+02 1.240000000000000000e+03 7.000000000000000000e+00
5.620000000000000000e+02 1.241000000000000000e+03 7.000000000000000000e+00
5.620000000000000000e+02 1.242000000000000000e+03 7.000000000000000000e+00
5.620000000000000000e+02 1.243000000000000000e+03 7.000000000000000000e+00
5.620000000000000000e+02 1.244000000000000000e+03 7.000000000000000000e+00
5.620000000000000000e+02 1.245000000000000000e+03 7.000000000000000000e+00
5.622000000000000455e+02 1.245799999999999955e+03 7.000000000000000000e+00
5.623999999999999773e+02 1.246599999999999909e+03 7.000000000000000000e+00
5.626000000000000227e+02 1.247400000000000091e+03 7.000000000000000000e+00
5.627999999999999545e+02 1.248200000000000045e+03 7.000000000000000000e+00
5.630000000000000000e+02 1.249000000000000000e+03 7.000000000000000000e+00
5.630000000000000000e+02 1.250000000000000000e+03 7.000000000000000000e+00
5.630000000000000000e+02 1.251000000000000000e+03 7.000000000000000000e+00
5.630000000000000000e+02 1.252000000000000000e+03 7.000000000000000000e+00
5.630000000000000000e+02 1.253000000000000000e+03 7.000000000000000000e+00
5.630000000000000000e+02 1.254000000000000000e+03 7.000000000000000000e+00
5.630000000000000000e+02 1.255000000000000000e+03 7.000000000000000000e+00
5.630000000000000000e+02 1.256000000000000000e+03 7.000000000000000000e+00
5.630000000000000000e+02 1.257000000000000000e+03 7.000000000000000000e+00
5.630000000000000000e+02 1.258000000000000000e+03 7.000000000000000000e+00
5.630000000000000000e+02 1.259000000000000000e+03 7.000000000000000000e+00
5.630000000000000000e+02 1.260000000000000000e+03 7.000000000000000000e+00
5.627999999999999545e+02 1.260799999999999955e+03 7.000000000000000000e+00
5.626000000000000227e+02 1.261599999999999909e+03 6.000000000000000000e+00
5.623999999999999773e+02 1.262400000000000091e+03 6.000000000000000000e+00
5.620000000000000000e+02 1.263200000000000045e+03 6.000000000000000000e+00
5.616000000000000227e+02 1.264000000000000000e+03 6.000000000000000000e+00
5.612000000000000455e+02 1.264799999999999955e+03 6.000000000000000000e+00
5.607999999999999545e+02 1.265599999999999909e+03 6.000000000000000000e+00
5.603999999999999773e+02 1.266400000000000091e+03 6.000000000000000000e+00
5.600000000000000000e+02 1.267000000000000000e+03 6.000000000000000000e+00
5.596000000000000227e+02 1.267599999999999909e+03 6.000000000000000000e+00
5.592000000000000455e+02 1.268400000000000091e+03 6.000000000000000000e+00
5.587999999999999545e+02 1.269200000000000045e+03 6.000000000000000000e+00
5.582000000000000455e+02 1.269799999999999955e+03 6.000000000000000000e+00
5.577999999999999545e+02 1.270599999999999909e+03 6.000000000000000000e+00
5.572000000000000455e+02 1.271400000000000091e+03 6.000000000000000000e+00
5.567999999999999545e+02 1.272200000000000045e+03 6.000000000000000000e+00
5.562000000000000455e+02 1.272799999999999955e+03 6.000000000000000000e+00
5.557999999999999545e+02 1.273599999999999909e+03 6.000000000000000000e+00
5.552000000000000455e+02 1.274200000000000045e+03 6.000000000000000000e+00
5.547999999999999545e+02 1.274799999999999955e+03 6.000000000000000000e+00
5.542000000000000455e+02 1.275200000000000045e+03 6.000000000000000000e+00
5.537999999999999545e+02 1.275799999999999955e+03 6.000000000000000000e+00
5.532000000000000455e+02 1.276200000000000045e+03 6.000000000000000000e+00
5.527999999999999545e+02 1.276799999999999955e+03 6.000000000000000000e+00
5.522000000000000455e+02 1.277200000000000045e+03 6.000000000000000000e+00
5.517999999999999545e+02 1.277799999999999955e+03 6.000000000000000000e+00
5.512000000000000455e+02 1.278200000000000045e+03 6.000000000000000000e+00
5.506000000000000227e+02 1.278799999999999955e+03 6.000000000000000000e+00
5.497999999999999545e+02 1.279200000000000045e+03 6.000000000000000000e+00
5.492000000000000455e+02 1.279799999999999955e+03 6.000000000000000000e+00
5.483999999999999773e+02 1.280200000000000045e+03 6.000000000000000000e+00
5.476000000000000227e+02 1.280799999999999955e+03 6.000000000000000000e+00
5.467999999999999545e+02 1.281200000000000045e+03 6.000000000000000000e+00
5.462000000000000455e+02 1.281799999999999955e+03 6.000000000000000000e+00
5.453999999999999773e+02 1.282200000000000045e+03 6.000000000000000000e+00
5.446000000000000227e+02 1.282799999999999955e+03 6.000000000000000000e+00
5.437999999999999545e+02 1.283200000000000045e+03 6.000000000000000000e+00
5.432000000000000455e+02 1.283799999999999955e+03 6.000000000000000000e+00
5.423999999999999773e+02 1.284200000000000045e+03 6.000000000000000000e+00
5.416000000000000227e+02 1.284599999999999909e+03 6.000000000000000000e+00
5.410000000000000000e+02 1.285000000000000000e+03 6.000000000000000000e+00
5.403999999999999773e+02 1.285400000000000091e+03 6.000000000000000000e+00
5.397999999999999545e+02 1.285799999999999955e+03 6.000000000000000000e+00
5.392000000000000455e+02 1.286200000000000045e+03 6.000000000000000000e+00
5.387999999999999545e+02 1.286799999999999955e+03 6.000000000000000000e+00
5.382000000000000455e+02 1.287200000000000045e+03 6.000000000000000000e+00
5.377999999999999545e+02 1.287799999999999955e+03 6.000000000000000000e+00
5.375000000000000000e+02 1.288000000000000000e+03 6.000000000000000000e+00
