8.916000000000000227e+02 1.166599999999999909e+03 1.500000000000000000e+01
8.923999999999999773e+02 1.166400000000000091e+03 1.500000000000000000e+01
8.932000000000000455e+02 1.166200000000000045e+03 1.500000000000000000e+01
8.940000000000000000e+02 1.165799999999999955e+03 1.500000000000000000e+01
8.950000000000000000e+02 1.165599999999999909e+03 1.500000000000000000e+01
8.960000000000000000e+02 1.165400000000000091e+03 1.500000000000000000e+01
8.970000000000000000e+02 1.165200000000000045e+03 1.500000000000000000e+01
8.977999999999999545e+02 1.165200000000000045e+03 1.500000000000000000e+01
8.986000000000000227e+02 1.165400000000000091e+03 1.500000000000000000e+01
8.993999999999999773e+02 1.165599999999999909e+03 1.500000000000000000e+01
9.002000000000000455e+02 1.165799999999999955e+03 1.500000000000000000e+01
9.010000000000000000e+02 1.166200000000000045e+03 1.500000000000000000e+01
9.020000000000000000e+02 1.166400000000000091e+03 1.500000000000000000e+01
9.030000000000000000e+02 1.166799999999999955e+03 1.500000000000000000e+01
9.040000000000000000e+02 1.167200000000000045e+03 1.500000000000000000e+01
9.013999999999999773e+02 1.167599999999999909e+03 1.400000000000000000e+01
8.982000000000000455e+02 1.167799999999999955e+03 1.500000000000000000e+01
8.946000000000000227e+02 1.168200000000000045e+03 1.500000000000000000e+01
8.906000000000000227e+02 1.168400000000000091e+03 1.500000000000000000e+01
8.862000000000000455e+02 1.168599999999999909e+03 1.500000000000000000e+01
8.850000000000000000e+02 1.168799999999999955e+03 1.500000000000000000e+01
8.840000000000000000e+02 1.169000000000000000e+03 1.500000000000000000e+01
8.830000000000000000e+02 1.169000000000000000e+03 1.500000000000000000e+01
8.820000000000000000e+02 1.169000000000000000e+03 1.500000000000000000e+01
8.810000000000000000e+02 1.169000000000000000e+03 1.500000000000000000e+01
8.802000000000000455e+02 1.168799999999999955e+03 1.500000000000000000e+01
8.793999999999999773e+02 1.168599999999999909e+03 1.500000000000000000e+01
8.786000000000000227e+02 1.168400000000000091e+03 1.500000000000000000e+01
8.777999999999999545e+02 1.168200000000000045e+03 1.500000000000000000e+01
8.770000000000000000e+02 1.168000000000000000e+03 1.500000000000000000e+01
8.762000000000000455e+02 1.167799999999999955e+03 1.500000000000000000e+01
8.753999999999999773e+02 1.167599999999999909e+03 1.500000000000000000e+01
8.747999999999999545e+02 1.167400000000000091e+03 1.500000000000000000e+01
8.745000000000000000e+02 1.167250000000000000e+03 1.600000000000000000e+01
