6.632000000000000455e+02 5.377999999999999545e+02 9.000000000000000000e+00
6.637999999999999545e+02 5.373999999999999773e+02 9.000000000000000000e+00
6.646000000000000227e+02 5.367999999999999545e+02 9.000000000000000000e+00
6.652000000000000455e+02 5.362000000000000455e+02 9.000000000000000000e+00
6.657999999999999545e+02 5.357999999999999545e+02 9.000000000000000000e+00
6.663999999999999773e+02 5.353999999999999773e+02 9.000000000000000000e+00
6.670000000000000000e+02 5.350000000000000000e+02 9.000000000000000000e+00
6.676000000000000227e+02 5.346000000000000227e+02 9.000000000000000000e+00
6.682000000000000455e+02 5.342000000000000455e+02 9.000000000000000000e+00
6.687999999999999545e+02 5.337999999999999545e+02 9.000000000000000000e+00
6.690000000000000000e+02 5.335000000000000000e+02 1.000000000000000000e+01
