5.150000000000000000e+02 2.700000000000000000e+02 1.800000000000000000e+01
5.150000000000000000e+02 2.710000000000000000e+02 1.800000000000000000e+01
5.150000000000000000e+02 2.720000000000000000e+02 1.800000000000000000e+01
5.152000000000000455e+02 2.728000000000000114e+02 1.800000000000000000e+01
5.153999999999999773e+02 2.736000000000000227e+02 1.800000000000000000e+01
5.156000000000000227e+02 2.743999999999999773e+02 1.800000000000000000e+01
5.157999999999999545e+02 2.751999999999999886e+02 1.800000000000000000e+01
5.160000000000000000e+02 2.760000000000000000e+02 1.800000000000000000e+01
5.162000000000000455e+02 2.770000000000000000e+02 1.800000000000000000e+01
5.163999999999999773e+02 2.780000000000000000e+02 1.800000000000000000e+01
5.166000000000000227e+02 2.790000000000000000e+02 1.800000000000000000e+01
5.170000000000000000e+02 2.798000000000000114e+02 1.800000000000000000e+01
5.173999999999999773e+02 2.806000000000000227e+02 1.800000000000000000e+01
5.176000000000000227e+02 2.813999999999999773e+02 1.800000000000000000e+01
5.180000000000000000e+02 2.820000000000000000e+02 1.800000000000000000e+01
5.183999999999999773e+02 2.826000000000000227e+02 1.800000000000000000e+01
5.187999999999999545e+02 2.831999999999999886e+02 1.800000000000000000e+01
5.192000000000000455e+02 2.838000000000000114e+02 1.800000000000000000e+01
5.197999999999999545e+02 2.841999999999999886e+02 1.800000000000000000e+01
5.202000000000000455e+02 2.848000000000000114e+02 1.800000000000000000e+01
5.207999999999999545e+02 2.851999999999999886e+02 1.800000000000000000e+01
5.212000000000000455e+02 2.858000000000000114e+02 1.800000000000000000e+01
5.217999999999999545e+02 2.861999999999999886e+02 1.800000000000000000e+01
5.222000000000000455e+02 2.868000000000000114e+02 1.800000000000000000e+01
5.227999999999999545e+02 2.871999999999999886e+02 1.800000000000000000e+01
5.233999999999999773e+02 2.876000000000000227e+02 1.800000000000000000e+01
5.240000000000000000e+02 2.880000000000000000e+02 1.800000000000000000e+01
5.246000000000000227e+02 2.883999999999999773e+02 1.800000000000000000e+01
5.253999999999999773e+02 2.886000000000000227e+02 1.800000000000000000e+01
5.262000000000000455e+02 2.888000000000000114e+02 1.800000000000000000e+01
5.267999999999999545e+02 2.891999999999999886e+02 1.800000000000000000e+01
5.276000000000000227e+02 2.893999999999999773e+02 1.800000000000000000e+01
5.283999999999999773e+02 2.896000000000000227e+02 1.800000000000000000e+01
5.292000000000000455e+02 2.898000000000000114e+02 1.800000000000000000e+01
5.297999999999999545e+02 2.901999999999999886e+02 1.800000000000000000e+01
5.306000000000000227e+02 2.903999999999999773e+02 1.800000000000000000e+01
5.313999999999999773e+02 2.906000000000000227e+02 1.800000000000000000e+01
5.320000000000000000e+02 2.908000000000000114e+02 1.800000000000000000e+01
5.326000000000000227e+02 2.910000000000000000e+02 1.700000000000000000e+01
5.333999999999999773e+02 2.910000000000000000e+02 1.700000000000000000e+01
5.340000000000000000e+02 2.911999999999999886e+02 1.700000000000000000e+01
5.346000000000000227e+02 2.913999999999999773e+02 1.700000000000000000e+01
5.353999999999999773e+02 2.916000000000000227e+02 1.700000000000000000e+01
5.362000000000000455e+02 2.918000000000000114e+02 1.700000000000000000e+01
5.370000000000000000e+02 2.920000000000000000e+02 1.700000000000000000e+01
5.380000000000000000e+02 2.920000000000000000e+02 1.700000000000000000e+01
5.387999999999999545e+02 2.918000000000000114e+02 1.700000000000000000e+01
5.396000000000000227e+02 2.916000000000000227e+02 1.700000000000000000e+01
5.403999999999999773e+02 2.913999999999999773e+02 1.700000000000000000e+01
5.410000000000000000e+02 2.910000000000000000e+02 1.700000000000000000e+01
5.416000000000000227e+02 2.906000000000000227e+02 1.700000000000000000e+01
5.422000000000000455e+02 2.901999999999999886e+02 1.700000000000000000e+01
5.427999999999999545e+02 2.898000000000000114e+02 1.700000000000000000e+01
5.432000000000000455e+02 2.891999999999999886e+02 1.700000000000000000e+01
5.437999999999999545e+02 2.888000000000000114e+02 1.700000000000000000e+01
5.442000000000000455e+02 2.881999999999999886e+02 1.700000000000000000e+01
5.447999999999999545e+02 2.878000000000000114e+02 1.700000000000000000e+01
5.452000000000000455e+02 2.871999999999999886e+02 1.700000000000000000e+01
5.457999999999999545e+02 2.868000000000000114e+02 1.700000000000000000e+01
5.462000000000000455e+02 2.861999999999999886e+02 1.700000000000000000e+01
5.467999999999999545e+02 2.858000000000000114e+02 1.700000000000000000e+01
5.473999999999999773e+02 2.853999999999999773e+02 1.700000000000000000e+01
5.480000000000000000e+02 2.850000000000000000e+02 1.700000000000000000e+01
5.486000000000000227e+02 2.846000000000000227e+02 1.700000000000000000e+01
5.493999999999999773e+02 2.843999999999999773e+02 1.700000000000000000e+01
5.502000000000000455e+02 2.841999999999999886e+02 1.700000000000000000e+01
5.510000000000000000e+02 2.840000000000000000e+02 1.700000000000000000e+01
5.517999999999999545e+02 2.841999999999999886e+02 1.700000000000000000e+01
5.526000000000000227e+02 2.843999999999999773e+02 1.700000000000000000e+01
5.533999999999999773e+02 2.846000000000000227e+02 1.700000000000000000e+01
5.540000000000000000e+02 2.850000000000000000e+02 1.700000000000000000e+01
5.546000000000000227e+02 2.853999999999999773e+02 1.700000000000000000e+01
5.553999999999999773e+02 2.856000000000000227e+02 1.700000000000000000e+01
5.560000000000000000e+02 2.860000000000000000e+02 1.700000000000000000e+01
5.566000000000000227e+02 2.863999999999999773e+02 1.700000000000000000e+01
5.573999999999999773e+02 2.866000000000000227e+02 1.700000000000000000e+01
5.582000000000000455e+02 2.868000000000000114e+02 1.700000000000000000e+01
5.590000000000000000e+02 2.870000000000000000e+02 1.700000000000000000e+01
5.597999999999999545e+02 2.868000000000000114e+02 1.700000000000000000e+01
5.606000000000000227e+02 2.866000000000000227e+02 1.700000000000000000e+01
5.612000000000000455e+02 2.861999999999999886e+02 1.700000000000000000e+01
5.617999999999999545e+02 2.858000000000000114e+02 1.700000000000000000e+01
5.622000000000000455e+02 2.851999999999999886e+02 1.700000000000000000e+01
5.627999999999999545e+02 2.848000000000000114e+02 1.700000000000000000e+01
5.632000000000000455e+02 2.841999999999999886e+02 1.700000000000000000e+01
5.636000000000000227e+02 2.836000000000000227e+02 1.700000000000000000e+01
5.640000000000000000e+02 2.830000000000000000e+02 1.700000000000000000e+01
5.643999999999999773e+02 2.823999999999999773e+02 1.700000000000000000e+01
5.647999999999999545e+02 2.816000000000000227e+02 1.700000000000000000e+01
5.652000000000000455e+02 2.808000000000000114e+02 1.700000000000000000e+01
5.656000000000000227e+02 2.800000000000000000e+02 1.700000000000000000e+01
5.660000000000000000e+02 2.791999999999999886e+02 1.700000000000000000e+01
5.663999999999999773e+02 2.783999999999999773e+02 1.700000000000000000e+01
5.666000000000000227e+02 2.776000000000000227e+02 1.700000000000000000e+01
5.667999999999999545e+02 2.768000000000000114e+02 1.700000000000000000e+01
5.672000000000000455e+02 2.760000000000000000e+02 1.700000000000000000e+01
5.673999999999999773e+02 2.753999999999999773e+02 1.700000000000000000e+01
5.675000000000000000e+02 2.750000000000000000e+02 1.700000000000000000e+01
