6.420000000000000000e+02 5.613999999999999773e+02 9.000000000000000000e+00
6.430000000000000000e+02 5.617999999999999545e+02 9.000000000000000000e+00
6.440000000000000000e+02 5.622000000000000455e+02 9.000000000000000000e+00
6.450000000000000000e+02 5.626000000000000227e+02 9.000000000000000000e+00
6.457999999999999545e+02 5.630000000000000000e+02 9.000000000000000000e+00
6.466000000000000227e+02 5.633999999999999773e+02 9.000000000000000000e+00
6.473999999999999773e+02 5.636000000000000227e+02 9.000000000000000000e+00
6.482000000000000455e+02 5.637999999999999545e+02 9.000000000000000000e+00
6.490000000000000000e+02 5.640000000000000000e+02 9.000000000000000000e+00
6.497999999999999545e+02 5.642000000000000455e+02 9.000000000000000000e+00
6.506000000000000227e+02 5.643999999999999773e+02 9.000000000000000000e+00
6.513999999999999773e+02 5.646000000000000227e+02 9.000000000000000000e+00
6.522000000000000455e+02 5.647999999999999545e+02 9.000000000000000000e+00
6.530000000000000000e+02 5.650000000000000000e+02 9.000000000000000000e+00
6.537999999999999545e+02 5.647999999999999545e+02 9.000000000000000000e+00
6.546000000000000227e+02 5.646000000000000227e+02 9.000000000000000000e+00
6.553999999999999773e+02 5.643999999999999773e+02 9.000000000000000000e+00
6.562000000000000455e+02 5.642000000000000455e+02 9.000000000000000000e+00
6.570000000000000000e+02 5.640000000000000000e+02 9.000000000000000000e+00
6.577999999999999545e+02 5.637999999999999545e+02 9.000000000000000000e+00
6.586000000000000227e+02 5.636000000000000227e+02 9.000000000000000000e+00
6.593999999999999773e+02 5.632000000000000455e+02 9.000000000000000000e+00
6.602000000000000455e+02 5.627999999999999545e+02 9.000000000000000000e+00
6.607999999999999545e+02 5.622000000000000455e+02 9.000000000000000000e+00
6.616000000000000227e+02 5.617999999999999545e+02 9.000000000000000000e+00
6.622000000000000455e+02 5.612000000000000455e+02 9.000000000000000000e+00
6.627999999999999545e+02 5.607999999999999545e+02 9.000000000000000000e+00
6.632000000000000455e+02 5.603999999999999773e+02 9.000000000000000000e+00
6.637999999999999545e+02 5.600000000000000000e+02 8.000000000000000000e+00
6.643999999999999773e+02 5.596000000000000227e+02 8.000000000000000000e+00
6.650000000000000000e+02 5.592000000000000455e+02 8.000000000000000000e+00
6.656000000000000227e+02 5.587999999999999545e+02 8.000000000000000000e+00
6.662000000000000455e+02 5.582000000000000455e+02 8.000000000000000000e+00
6.667999999999999545e+02 5.577999999999999545e+02 8.000000000000000000e+00
6.672000000000000455e+02 5.572000000000000455e+02 8.000000000000000000e+00
6.677999999999999545e+02 5.567999999999999545e+02 8.000000000000000000e+00
6.683999999999999773e+02 5.563999999999999773e+02 8.000000000000000000e+00
6.690000000000000000e+02 5.560000000000000000e+02 8.000000000000000000e+00
6.696000000000000227e+02 5.556000000000000227e+02 8.000000000000000000e+00
6.703999999999999773e+02 5.553999999999999773e+02 8.000000000000000000e+00
6.712000000000000455e+02 5.552000000000000455e+02 8.000000000000000000e+00
6.720000000000000000e+02 5.552000000000000455e+02 8.000000000000000000e+00
6.730000000000000000e+02 5.553999999999999773e+02 8.000000000000000000e+00
6.737999999999999545e+02 5.557999999999999545e+02 8.000000000000000000e+00
6.746000000000000227e+02 5.562000000000000455e+02 8.000000000000000000e+00
6.752000000000000455e+02 5.567999999999999545e+02 8.000000000000000000e+00
6.757999999999999545e+02 5.573999999999999773e+02 8.000000000000000000e+00
6.762000000000000455e+02 5.582000000000000455e+02 8.000000000000000000e+00
6.767999999999999545e+02 5.587999999999999545e+02 8.000000000000000000e+00
6.772000000000000455e+02 5.596000000000000227e+02 8.000000000000000000e+00
6.776000000000000227e+02 5.603999999999999773e+02 8.000000000000000000e+00
6.780000000000000000e+02 5.610000000000000000e+02 8.000000000000000000e+00
6.783999999999999773e+02 5.616000000000000227e+02 8.000000000000000000e+00
6.787999999999999545e+02 5.623999999999999773e+02 8.000000000000000000e+00
6.792000000000000455e+02 5.632000000000000455e+02 8.000000000000000000e+00
6.797999999999999545e+02 5.640000000000000000e+02 8.000000000000000000e+00
6.802000000000000455e+02 5.650000000000000000e+02 8.000000000000000000e+00
6.807999999999999545e+02 5.657999999999999545e+02 8.000000000000000000e+00
6.812000000000000455e+02 5.666000000000000227e+02 8.000000000000000000e+00
6.817999999999999545e+02 5.673999999999999773e+02 8.000000000000000000e+00
6.822000000000000455e+02 5.682000000000000455e+02 8.000000000000000000e+00
6.827999999999999545e+02 5.687999999999999545e+02 8.000000000000000000e+00
6.832000000000000455e+02 5.693999999999999773e+02 8.000000000000000000e+00
6.837999999999999545e+02 5.700000000000000000e+02 9.000000000000000000e+00
6.843999999999999773e+02 5.703999999999999773e+02 9.000000000000000000e+00
6.852000000000000455e+02 5.706000000000000227e+02 9.000000000000000000e+00
6.857999999999999545e+02 5.710000000000000000e+02 9.000000000000000000e+00
6.866000000000000227e+02 5.713999999999999773e+02 9.000000000000000000e+00
6.873999999999999773e+02 5.716000000000000227e+02 9.000000000000000000e+00
6.882000000000000455e+02 5.717999999999999545e+02 9.000000000000000000e+00
6.887999999999999545e+02 5.717999999999999545e+02 9.000000000000000000e+00
6.896000000000000227e+02 5.716000000000000227e+02 9.000000000000000000e+00
6.903999999999999773e+02 5.713999999999999773e+02 9.000000000000000000e+00
6.912000000000000455e+02 5.710000000000000000e+02 9.000000000000000000e+00
6.920000000000000000e+02 5.706000000000000227e+02 9.000000000000000000e+00
6.927999999999999545e+02 5.702000000000000455e+02 9.000000000000000000e+00
6.936000000000000227e+02 5.697999999999999545e+02 9.000000000000000000e+00
6.943999999999999773e+02 5.693999999999999773e+02 9.000000000000000000e+00
6.950000000000000000e+02 5.690000000000000000e+02 9.000000000000000000e+00
6.956000000000000227e+02 5.686000000000000227e+02 9.000000000000000000e+00
6.962000000000000455e+02 5.682000000000000455e+02 9.000000000000000000e+00
6.967999999999999545e+02 5.677999999999999545e+02 9.000000000000000000e+00
6.973999999999999773e+02 5.672000000000000455e+02 9.000000000000000000e+00
6.982000000000000455e+02 5.667999999999999545e+02 9.000000000000000000e+00
6.987999999999999545e+02 5.662000000000000455e+02 9.000000000000000000e+00
6.996000000000000227e+02 5.657999999999999545e+02 9.000000000000000000e+00
7.003999999999999773e+02 5.653999999999999773e+02 9.000000000000000000e+00
7.010000000000000000e+02 5.650000000000000000e+02 9.000000000000000000e+00
7.016000000000000227e+02 5.646000000000000227e+02 9.000000000000000000e+00
7.023999999999999773e+02 5.643999999999999773e+02 9.000000000000000000e+00
7.032000000000000455e+02 5.642000000000000455e+02 9.000000000000000000e+00
7.040000000000000000e+02 5.640000000000000000e+02 9.000000000000000000e+00
7.050000000000000000e+02 5.640000000000000000e+02 9.000000000000000000e+00
7.060000000000000000e+02 5.640000000000000000e+02 9.000000000000000000e+00
7.067999999999999545e+02 5.642000000000000455e+02 9.000000000000000000e+00
7.076000000000000227e+02 5.643999999999999773e+02 9.000000000000000000e+00
7.083999999999999773e+02 5.646000000000000227e+02 9.000000000000000000e+00
7.090000000000000000e+02 5.650000000000000000e+02 9.000000000000000000e+00
7.096000000000000227e+02 5.653999999999999773e+02 9.000000000000000000e+00
7.103999999999999773e+02 5.657999999999999545e+02 9.000000000000000000e+00
7.112000000000000455e+02 5.662000000000000455e+02 9.000000000000000000e+00
7.115000000000000000e+02 5.665000000000000000e+02 9.000000000000000000e+00
