5.610000000000000000e+02 1.404000000000000000e+03 1.400000000000000000e+01
5.607999999999999545e+02 1.404599999999999909e+03 1.400000000000000000e+01
5.602000000000000455e+02 1.405200000000000045e+03 1.400000000000000000e+01
5.597999999999999545e+02 1.405799999999999955e+03 1.400000000000000000e+01
5.592000000000000455e+02 1.406200000000000045e+03 1.400000000000000000e+01
5.587999999999999545e+02 1.406799999999999955e+03 1.400000000000000000e+01
5.582000000000000455e+02 1.407200000000000045e+03 1.400000000000000000e+01
5.577999999999999545e+02 1.407799999999999955e+03 1.400000000000000000e+01
5.572000000000000455e+02 1.408200000000000045e+03 1.400000000000000000e+01
5.567999999999999545e+02 1.408799999999999955e+03 1.400000000000000000e+01
5.562000000000000455e+02 1.409200000000000045e+03 1.400000000000000000e+01
5.557999999999999545e+02 1.409799999999999955e+03 1.400000000000000000e+01
5.552000000000000455e+02 1.410200000000000045e+03 1.400000000000000000e+01
5.546000000000000227e+02 1.410599999999999909e+03 1.400000000000000000e+01
5.540000000000000000e+02 1.411000000000000000e+03 1.400000000000000000e+01
5.533999999999999773e+02 1.411400000000000091e+03 1.400000000000000000e+01
5.526000000000000227e+02 1.411599999999999909e+03 1.400000000000000000e+01
5.520000000000000000e+02 1.412000000000000000e+03 1.400000000000000000e+01
5.513999999999999773e+02 1.412400000000000091e+03 1.400000000000000000e+01
5.506000000000000227e+02 1.412599999999999909e+03 1.400000000000000000e+01
5.500000000000000000e+02 1.413000000000000000e+03 1.400000000000000000e+01
5.497500000000000000e+02 1.413250000000000000e+03 1.400000000000000000e+01
