7.983999999999999773e+02 3.210000000000000000e+02 1.000000000000000000e+01
7.987999999999999545e+02 3.220000000000000000e+02 1.000000000000000000e+01
7.992000000000000455e+02 3.230000000000000000e+02 1.000000000000000000e+01
7.996000000000000227e+02 3.240000000000000000e+02 1.000000000000000000e+01
8.000000000000000000e+02 3.248000000000000114e+02 1.000000000000000000e+01
8.003999999999999773e+02 3.256000000000000227e+02 1.000000000000000000e+01
8.006000000000000227e+02 3.263999999999999773e+02 1.000000000000000000e+01
8.010000000000000000e+02 3.270000000000000000e+02 1.000000000000000000e+01
8.013999999999999773e+02 3.276000000000000227e+02 1.000000000000000000e+01
8.016000000000000227e+02 3.283999999999999773e+02 9.000000000000000000e+00
8.020000000000000000e+02 3.290000000000000000e+02 9.000000000000000000e+00
8.023999999999999773e+02 3.296000000000000227e+02 9.000000000000000000e+00
8.027999999999999545e+02 3.301999999999999886e+02 9.000000000000000000e+00
8.032000000000000455e+02 3.308000000000000114e+02 9.000000000000000000e+00
8.037999999999999545e+02 3.313999999999999773e+02 9.000000000000000000e+00
8.043999999999999773e+02 3.320000000000000000e+02 9.000000000000000000e+00
8.050000000000000000e+02 3.326000000000000227e+02 9.000000000000000000e+00
8.056000000000000227e+02 3.331999999999999886e+02 9.000000000000000000e+00
8.062000000000000455e+02 3.338000000000000114e+02 9.000000000000000000e+00
8.067999999999999545e+02 3.341999999999999886e+02 9.000000000000000000e+00
8.073999999999999773e+02 3.346000000000000227e+02 9.000000000000000000e+00
8.080000000000000000e+02 3.350000000000000000e+02 9.000000000000000000e+00
8.086000000000000227e+02 3.353999999999999773e+02 9.000000000000000000e+00
8.093999999999999773e+02 3.356000000000000227e+02 9.000000000000000000e+00
8.100000000000000000e+02 3.360000000000000000e+02 9.000000000000000000e+00
8.106000000000000227e+02 3.363999999999999773e+02 9.000000000000000000e+00
8.113999999999999773e+02 3.366000000000000227e+02 9.000000000000000000e+00
8.120000000000000000e+02 3.370000000000000000e+02 9.000000000000000000e+00
8.126000000000000227e+02 3.373999999999999773e+02 9.000000000000000000e+00
8.133999999999999773e+02 3.376000000000000227e+02 9.000000000000000000e+00
8.142000000000000455e+02 3.378000000000000114e+02 9.000000000000000000e+00
8.147999999999999545e+02 3.381999999999999886e+02 9.000000000000000000e+00
8.153999999999999773e+02 3.386000000000000227e+02 9.000000000000000000e+00
8.160000000000000000e+02 3.390000000000000000e+02 9.000000000000000000e+00
8.163999999999999773e+02 3.396000000000000227e+02 9.000000000000000000e+00
8.166000000000000227e+02 3.403999999999999773e+02 9.000000000000000000e+00
8.167999999999999545e+02 3.411999999999999886e+02 9.000000000000000000e+00
8.172000000000000455e+02 3.418000000000000114e+02 9.000000000000000000e+00
8.173999999999999773e+02 3.426000000000000227e+02 9.000000000000000000e+00
8.176000000000000227e+02 3.433999999999999773e+02 9.000000000000000000e+00
8.180000000000000000e+02 3.440000000000000000e+02 9.000000000000000000e+00
8.183999999999999773e+02 3.446000000000000227e+02 9.000000000000000000e+00
8.187999999999999545e+02 3.453999999999999773e+02 9.000000000000000000e+00
8.192000000000000455e+02 3.461999999999999886e+02 9.000000000000000000e+00
8.197999999999999545e+02 3.468000000000000114e+02 9.000000000000000000e+00
8.202000000000000455e+02 3.476000000000000227e+02 9.000000000000000000e+00
8.206000000000000227e+02 3.483999999999999773e+02 9.000000000000000000e+00
8.210000000000000000e+02 3.490000000000000000e+02 1.000000000000000000e+01
8.213999999999999773e+02 3.496000000000000227e+02 1.000000000000000000e+01
8.217999999999999545e+02 3.501999999999999886e+02 1.000000000000000000e+01
8.222000000000000455e+02 3.508000000000000114e+02 1.000000000000000000e+01
8.227999999999999545e+02 3.513999999999999773e+02 1.000000000000000000e+01
8.232000000000000455e+02 3.521999999999999886e+02 1.000000000000000000e+01
8.237999999999999545e+02 3.528000000000000114e+02 1.000000000000000000e+01
8.242000000000000455e+02 3.536000000000000227e+02 1.000000000000000000e+01
8.247999999999999545e+02 3.543999999999999773e+02 1.000000000000000000e+01
8.252000000000000455e+02 3.551999999999999886e+02 1.000000000000000000e+01
8.257999999999999545e+02 3.558000000000000114e+02 1.000000000000000000e+01
8.262000000000000455e+02 3.566000000000000227e+02 1.000000000000000000e+01
8.267999999999999545e+02 3.573999999999999773e+02 1.000000000000000000e+01
8.272000000000000455e+02 3.581999999999999886e+02 1.000000000000000000e+01
8.277999999999999545e+02 3.588000000000000114e+02 1.000000000000000000e+01
8.282000000000000455e+02 3.596000000000000227e+02 1.000000000000000000e+01
8.286000000000000227e+02 3.603999999999999773e+02 1.000000000000000000e+01
8.290000000000000000e+02 3.610000000000000000e+02 1.000000000000000000e+01
8.293999999999999773e+02 3.616000000000000227e+02 1.000000000000000000e+01
8.296000000000000227e+02 3.623999999999999773e+02 1.000000000000000000e+01
8.297999999999999545e+02 3.630000000000000000e+02 1.000000000000000000e+01
8.302000000000000455e+02 3.633999999999999773e+02 1.100000000000000000e+01
8.302000000000000455e+02 3.640000000000000000e+02 1.100000000000000000e+01
8.302000000000000455e+02 3.646000000000000227e+02 1.100000000000000000e+01
8.302000000000000455e+02 3.651999999999999886e+02 1.100000000000000000e+01
8.300000000000000000e+02 3.658000000000000114e+02 1.100000000000000000e+01
8.296000000000000227e+02 3.666000000000000227e+02 1.100000000000000000e+01
8.293999999999999773e+02 3.673999999999999773e+02 1.100000000000000000e+01
8.292000000000000455e+02 3.681999999999999886e+02 1.100000000000000000e+01
8.287999999999999545e+02 3.688000000000000114e+02 1.100000000000000000e+01
8.286000000000000227e+02 3.696000000000000227e+02 1.100000000000000000e+01
8.283999999999999773e+02 3.703999999999999773e+02 1.100000000000000000e+01
8.280000000000000000e+02 3.710000000000000000e+02 1.100000000000000000e+01
8.276000000000000227e+02 3.716000000000000227e+02 1.100000000000000000e+01
8.273999999999999773e+02 3.723999999999999773e+02 1.100000000000000000e+01
8.270000000000000000e+02 3.731999999999999886e+02 1.100000000000000000e+01
8.266000000000000227e+02 3.740000000000000000e+02 1.100000000000000000e+01
8.263999999999999773e+02 3.750000000000000000e+02 1.100000000000000000e+01
8.260000000000000000e+02 3.758000000000000114e+02 1.100000000000000000e+01
8.256000000000000227e+02 3.766000000000000227e+02 1.100000000000000000e+01
8.253999999999999773e+02 3.773999999999999773e+02 1.100000000000000000e+01
8.252000000000000455e+02 3.781999999999999886e+02 1.100000000000000000e+01
8.247999999999999545e+02 3.788000000000000114e+02 1.100000000000000000e+01
8.246000000000000227e+02 3.796000000000000227e+02 1.100000000000000000e+01
8.243999999999999773e+02 3.803999999999999773e+02 1.100000000000000000e+01
8.242000000000000455e+02 3.811999999999999886e+02 1.100000000000000000e+01
8.240000000000000000e+02 3.820000000000000000e+02 1.100000000000000000e+01
8.237999999999999545e+02 3.828000000000000114e+02 1.100000000000000000e+01
8.236000000000000227e+02 3.836000000000000227e+02 1.100000000000000000e+01
8.233999999999999773e+02 3.843999999999999773e+02 1.100000000000000000e+01
8.232000000000000455e+02 3.850000000000000000e+02 1.100000000000000000e+01
8.230000000000000000e+02 3.853999999999999773e+02 1.500000000000000000e+01
8.230000000000000000e+02 3.860000000000000000e+02 1.600000000000000000e+01
8.230000000000000000e+02 3.863999999999999773e+02 1.100000000000000000e+01
8.227999999999999545e+02 3.866000000000000227e+02 1.500000000000000000e+01
8.226000000000000227e+02 3.870000000000000000e+02 1.100000000000000000e+01
8.223999999999999773e+02 3.873999999999999773e+02 1.100000000000000000e+01
8.222000000000000455e+02 3.876000000000000227e+02 1.200000000000000000e+01
8.220000000000000000e+02 3.880000000000000000e+02 1.500000000000000000e+01
8.220000000000000000e+02 3.883999999999999773e+02 1.200000000000000000e+01
8.220000000000000000e+02 3.886000000000000227e+02 1.400000000000000000e+01
8.217999999999999545e+02 3.888000000000000114e+02 1.500000000000000000e+01
8.216000000000000227e+02 3.890000000000000000e+02 1.200000000000000000e+01
8.213999999999999773e+02 3.891999999999999886e+02 1.400000000000000000e+01
8.212000000000000455e+02 3.893999999999999773e+02 1.200000000000000000e+01
8.210000000000000000e+02 3.898000000000000114e+02 1.400000000000000000e+01
8.210000000000000000e+02 3.901999999999999886e+02 1.200000000000000000e+01
8.210000000000000000e+02 3.906000000000000227e+02 1.300000000000000000e+01
8.207999999999999545e+02 3.908000000000000114e+02 1.400000000000000000e+01
8.206000000000000227e+02 3.910000000000000000e+02 1.300000000000000000e+01
8.205000000000000000e+02 3.910000000000000000e+02 1.400000000000000000e+01
