8.747999999999999545e+02 1.164200000000000045e+03 1.600000000000000000e+01
8.743999999999999773e+02 1.165000000000000000e+03 1.600000000000000000e+01
8.737999999999999545e+02 1.166000000000000000e+03 1.600000000000000000e+01
8.733999999999999773e+02 1.167000000000000000e+03 1.600000000000000000e+01
8.730000000000000000e+02 1.167799999999999955e+03 1.600000000000000000e+01
8.723999999999999773e+02 1.168599999999999909e+03 1.600000000000000000e+01
8.717999999999999545e+02 1.169200000000000045e+03 1.600000000000000000e+01
8.712000000000000455e+02 1.169799999999999955e+03 1.600000000000000000e+01
8.703999999999999773e+02 1.170200000000000045e+03 1.600000000000000000e+01
8.696000000000000227e+02 1.170599999999999909e+03 1.600000000000000000e+01
8.687999999999999545e+02 1.171000000000000000e+03 1.600000000000000000e+01
8.680000000000000000e+02 1.171400000000000091e+03 1.600000000000000000e+01
8.672000000000000455e+02 1.171799999999999955e+03 1.600000000000000000e+01
8.663999999999999773e+02 1.172200000000000045e+03 1.600000000000000000e+01
8.656000000000000227e+02 1.172599999999999909e+03 1.600000000000000000e+01
8.650000000000000000e+02 1.173000000000000000e+03 1.600000000000000000e+01
8.643999999999999773e+02 1.173400000000000091e+03 1.600000000000000000e+01
8.637999999999999545e+02 1.173799999999999955e+03 1.600000000000000000e+01
8.632000000000000455e+02 1.174200000000000045e+03 1.600000000000000000e+01
8.627999999999999545e+02 1.174799999999999955e+03 1.600000000000000000e+01
8.623999999999999773e+02 1.175200000000000045e+03 1.600000000000000000e+01
8.622500000000000000e+02 1.175500000000000000e+03 1.700000000000000000e+01
