3.188000000000000114e+02 2.581999999999999886e+02 7.000000000000000000e+00
3.181999999999999886e+02 2.578000000000000114e+02 7.000000000000000000e+00
3.178000000000000114e+02 2.571999999999999886e+02 7.000000000000000000e+00
3.171999999999999886e+02 2.568000000000000114e+02 7.000000000000000000e+00
3.168000000000000114e+02 2.561999999999999886e+02 7.000000000000000000e+00
3.161999999999999886e+02 2.558000000000000114e+02 7.000000000000000000e+00
3.158000000000000114e+02 2.551999999999999886e+02 7.000000000000000000e+00
3.153999999999999773e+02 2.545999999999999943e+02 7.000000000000000000e+00
3.150000000000000000e+02 2.540000000000000000e+02 7.000000000000000000e+00
3.146000000000000227e+02 2.534000000000000057e+02 7.000000000000000000e+00
3.143999999999999773e+02 2.525999999999999943e+02 7.000000000000000000e+00
3.140000000000000000e+02 2.520000000000000000e+02 7.000000000000000000e+00
3.136000000000000227e+02 2.514000000000000057e+02 7.000000000000000000e+00
3.131999999999999886e+02 2.505999999999999943e+02 7.000000000000000000e+00
3.128000000000000114e+02 2.498000000000000114e+02 7.000000000000000000e+00
3.123999999999999773e+02 2.490000000000000000e+02 7.000000000000000000e+00
3.120000000000000000e+02 2.481999999999999886e+02 7.000000000000000000e+00
3.116000000000000227e+02 2.474000000000000057e+02 7.000000000000000000e+00
3.111999999999999886e+02 2.465999999999999943e+02 7.000000000000000000e+00
3.108000000000000114e+02 2.458000000000000114e+02 7.000000000000000000e+00
3.103999999999999773e+02 2.450000000000000000e+02 7.000000000000000000e+00
3.100000000000000000e+02 2.441999999999999886e+02 7.000000000000000000e+00
3.096000000000000227e+02 2.434000000000000057e+02 7.000000000000000000e+00
3.093999999999999773e+02 2.425999999999999943e+02 7.000000000000000000e+00
3.090000000000000000e+02 2.420000000000000000e+02 7.000000000000000000e+00
3.086000000000000227e+02 2.414000000000000057e+02 7.000000000000000000e+00
3.083999999999999773e+02 2.405999999999999943e+02 7.000000000000000000e+00
3.080000000000000000e+02 2.400000000000000000e+02 7.000000000000000000e+00
3.076000000000000227e+02 2.394000000000000057e+02 7.000000000000000000e+00
3.073999999999999773e+02 2.385999999999999943e+02 7.000000000000000000e+00
3.070000000000000000e+02 2.375999999999999943e+02 7.000000000000000000e+00
3.066000000000000227e+02 2.370000000000000000e+02 8.000000000000000000e+00
3.061999999999999886e+02 2.361999999999999886e+02 7.000000000000000000e+00
3.058000000000000114e+02 2.351999999999999886e+02 8.000000000000000000e+00
3.051999999999999886e+02 2.344000000000000057e+02 8.000000000000000000e+00
3.048000000000000114e+02 2.338000000000000114e+02 8.000000000000000000e+00
3.041999999999999886e+02 2.328000000000000114e+02 8.000000000000000000e+00
3.038000000000000114e+02 2.318000000000000114e+02 8.000000000000000000e+00
3.031999999999999886e+02 2.311999999999999886e+02 8.000000000000000000e+00
3.028000000000000114e+02 2.304000000000000057e+02 8.000000000000000000e+00
3.021999999999999886e+02 2.298000000000000114e+02 8.000000000000000000e+00
3.018000000000000114e+02 2.291999999999999886e+02 8.000000000000000000e+00
3.011999999999999886e+02 2.285999999999999943e+02 8.000000000000000000e+00
3.008000000000000114e+02 2.278000000000000114e+02 8.000000000000000000e+00
3.001999999999999886e+02 2.271999999999999886e+02 8.000000000000000000e+00
2.998000000000000114e+02 2.264000000000000057e+02 8.000000000000000000e+00
2.991999999999999886e+02 2.258000000000000114e+02 8.000000000000000000e+00
2.988000000000000114e+02 2.251999999999999886e+02 8.000000000000000000e+00
2.981999999999999886e+02 2.248000000000000114e+02 8.000000000000000000e+00
2.978000000000000114e+02 2.241999999999999886e+02 8.000000000000000000e+00
2.971999999999999886e+02 2.235999999999999943e+02 8.000000000000000000e+00
2.966000000000000227e+02 2.230000000000000000e+02 8.000000000000000000e+00
2.960000000000000000e+02 2.224000000000000057e+02 8.000000000000000000e+00
2.953999999999999773e+02 2.215999999999999943e+02 8.000000000000000000e+00
2.946000000000000227e+02 2.208000000000000114e+02 8.000000000000000000e+00
2.940000000000000000e+02 2.200000000000000000e+02 8.000000000000000000e+00
2.933999999999999773e+02 2.191999999999999886e+02 8.000000000000000000e+00
2.928000000000000114e+02 2.184000000000000057e+02 8.000000000000000000e+00
2.921999999999999886e+02 2.178000000000000114e+02 8.000000000000000000e+00
2.918000000000000114e+02 2.171999999999999886e+02 8.000000000000000000e+00
2.911999999999999886e+02 2.168000000000000114e+02 8.000000000000000000e+00
2.908000000000000114e+02 2.161999999999999886e+02 8.000000000000000000e+00
2.903999999999999773e+02 2.158000000000000114e+02 8.000000000000000000e+00
2.900000000000000000e+02 2.154000000000000057e+02 9.000000000000000000e+00
2.896000000000000227e+02 2.150000000000000000e+02 9.000000000000000000e+00
2.891999999999999886e+02 2.144000000000000057e+02 9.000000000000000000e+00
2.888000000000000114e+02 2.138000000000000114e+02 9.000000000000000000e+00
2.881999999999999886e+02 2.131999999999999886e+02 9.000000000000000000e+00
2.878000000000000114e+02 2.124000000000000057e+02 9.000000000000000000e+00
2.871999999999999886e+02 2.118000000000000114e+02 9.000000000000000000e+00
2.868000000000000114e+02 2.111999999999999886e+02 9.000000000000000000e+00
2.861999999999999886e+02 2.108000000000000114e+02 9.000000000000000000e+00
2.856000000000000227e+02 2.101999999999999886e+02 9.000000000000000000e+00
2.848000000000000114e+02 2.098000000000000114e+02 9.000000000000000000e+00
2.841999999999999886e+02 2.091999999999999886e+02 9.000000000000000000e+00
2.833999999999999773e+02 2.088000000000000114e+02 9.000000000000000000e+00
2.826000000000000227e+02 2.081999999999999886e+02 9.000000000000000000e+00
2.818000000000000114e+02 2.078000000000000114e+02 9.000000000000000000e+00
2.811999999999999886e+02 2.071999999999999886e+02 9.000000000000000000e+00
2.803999999999999773e+02 2.068000000000000114e+02 9.000000000000000000e+00
2.796000000000000227e+02 2.061999999999999886e+02 9.000000000000000000e+00
2.788000000000000114e+02 2.058000000000000114e+02 9.000000000000000000e+00
2.781999999999999886e+02 2.051999999999999886e+02 9.000000000000000000e+00
2.773999999999999773e+02 2.048000000000000114e+02 9.000000000000000000e+00
2.768000000000000114e+02 2.041999999999999886e+02 9.000000000000000000e+00
2.761999999999999886e+02 2.038000000000000114e+02 9.000000000000000000e+00
2.756000000000000227e+02 2.031999999999999886e+02 9.000000000000000000e+00
2.748000000000000114e+02 2.028000000000000114e+02 9.000000000000000000e+00
2.741999999999999886e+02 2.021999999999999886e+02 9.000000000000000000e+00
2.733999999999999773e+02 2.018000000000000114e+02 9.000000000000000000e+00
2.728000000000000114e+02 2.011999999999999886e+02 9.000000000000000000e+00
2.721999999999999886e+02 2.008000000000000114e+02 9.000000000000000000e+00
2.718000000000000114e+02 2.001999999999999886e+02 9.000000000000000000e+00
2.711999999999999886e+02 1.998000000000000114e+02 9.000000000000000000e+00
2.706000000000000227e+02 1.991999999999999886e+02 9.000000000000000000e+00
2.698000000000000114e+02 1.988000000000000114e+02 9.000000000000000000e+00
2.691999999999999886e+02 1.981999999999999886e+02 9.000000000000000000e+00
2.683999999999999773e+02 1.978000000000000114e+02 9.000000000000000000e+00
2.676000000000000227e+02 1.971999999999999886e+02 9.000000000000000000e+00
2.668000000000000114e+02 1.968000000000000114e+02 9.000000000000000000e+00
2.661999999999999886e+02 1.961999999999999886e+02 9.000000000000000000e+00
2.653999999999999773e+02 1.958000000000000114e+02 9.000000000000000000e+00
2.648000000000000114e+02 1.951999999999999886e+02 9.000000000000000000e+00
2.641999999999999886e+02 1.945999999999999943e+02 9.000000000000000000e+00
2.638000000000000114e+02 1.938000000000000114e+02 9.000000000000000000e+00
2.633999999999999773e+02 1.930000000000000000e+02 9.000000000000000000e+00
2.630000000000000000e+02 1.921999999999999886e+02 9.000000000000000000e+00
2.626000000000000227e+02 1.914000000000000057e+02 9.000000000000000000e+00
2.623999999999999773e+02 1.905999999999999943e+02 9.000000000000000000e+00
2.621999999999999886e+02 1.898000000000000114e+02 9.000000000000000000e+00
2.620000000000000000e+02 1.890000000000000000e+02 9.000000000000000000e+00
2.620000000000000000e+02 1.880000000000000000e+02 9.000000000000000000e+00
2.620000000000000000e+02 1.870000000000000000e+02 9.000000000000000000e+00
2.620000000000000000e+02 1.860000000000000000e+02 9.000000000000000000e+00
2.620000000000000000e+02 1.850000000000000000e+02 9.000000000000000000e+00
2.620000000000000000e+02 1.840000000000000000e+02 9.000000000000000000e+00
2.620000000000000000e+02 1.830000000000000000e+02 9.000000000000000000e+00
2.620000000000000000e+02 1.820000000000000000e+02 9.000000000000000000e+00
2.620000000000000000e+02 1.810000000000000000e+02 9.000000000000000000e+00
2.621999999999999886e+02 1.801999999999999886e+02 9.000000000000000000e+00
2.623999999999999773e+02 1.794000000000000057e+02 9.000000000000000000e+00
2.626000000000000227e+02 1.785999999999999943e+02 9.000000000000000000e+00
2.628000000000000114e+02 1.778000000000000114e+02 9.000000000000000000e+00
2.630000000000000000e+02 1.770000000000000000e+02 9.000000000000000000e+00
2.630000000000000000e+02 1.760000000000000000e+02 9.000000000000000000e+00
2.630000000000000000e+02 1.750000000000000000e+02 9.000000000000000000e+00
2.630000000000000000e+02 1.740000000000000000e+02 9.000000000000000000e+00
2.630000000000000000e+02 1.730000000000000000e+02 9.000000000000000000e+00
2.630000000000000000e+02 1.720000000000000000e+02 9.000000000000000000e+00
2.630000000000000000e+02 1.710000000000000000e+02 9.000000000000000000e+00
2.628000000000000114e+02 1.701999999999999886e+02 9.000000000000000000e+00
2.626000000000000227e+02 1.694000000000000057e+02 9.000000000000000000e+00
2.623999999999999773e+02 1.685999999999999943e+02 9.000000000000000000e+00
2.621999999999999886e+02 1.678000000000000114e+02 9.000000000000000000e+00
2.620000000000000000e+02 1.670000000000000000e+02 9.000000000000000000e+00
2.620000000000000000e+02 1.660000000000000000e+02 9.000000000000000000e+00
2.620000000000000000e+02 1.650000000000000000e+02 9.000000000000000000e+00
2.620000000000000000e+02 1.640000000000000000e+02 9.000000000000000000e+00
2.618000000000000114e+02 1.631999999999999886e+02 9.000000000000000000e+00
2.616000000000000227e+02 1.624000000000000057e+02 9.000000000000000000e+00
2.613999999999999773e+02 1.615999999999999943e+02 9.000000000000000000e+00
2.611999999999999886e+02 1.608000000000000114e+02 9.000000000000000000e+00
2.608000000000000114e+02 1.601999999999999886e+02 9.000000000000000000e+00
2.606000000000000227e+02 1.594000000000000057e+02 9.000000000000000000e+00
2.603999999999999773e+02 1.585999999999999943e+02 9.000000000000000000e+00
2.600000000000000000e+02 1.578000000000000114e+02 9.000000000000000000e+00
2.596000000000000227e+02 1.570000000000000000e+02 9.000000000000000000e+00
2.591999999999999886e+02 1.561999999999999886e+02 9.000000000000000000e+00
2.588000000000000114e+02 1.554000000000000057e+02 9.000000000000000000e+00
2.581999999999999886e+02 1.545999999999999943e+02 9.000000000000000000e+00
2.578000000000000114e+02 1.538000000000000114e+02 9.000000000000000000e+00
2.571999999999999886e+02 1.531999999999999886e+02 9.000000000000000000e+00
2.568000000000000114e+02 1.524000000000000057e+02 9.000000000000000000e+00
2.561999999999999886e+02 1.515999999999999943e+02 9.000000000000000000e+00
2.555999999999999943e+02 1.508000000000000114e+02 9.000000000000000000e+00
2.548000000000000114e+02 1.501999999999999886e+02 9.000000000000000000e+00
2.541999999999999886e+02 1.494000000000000057e+02 9.000000000000000000e+00
2.534000000000000057e+02 1.488000000000000114e+02 9.000000000000000000e+00
2.528000000000000114e+02 1.481999999999999886e+02 9.000000000000000000e+00
2.521999999999999886e+02 1.478000000000000114e+02 9.000000000000000000e+00
2.518000000000000114e+02 1.471999999999999886e+02 9.000000000000000000e+00
2.511999999999999886e+02 1.468000000000000114e+02 9.000000000000000000e+00
2.508000000000000114e+02 1.461999999999999886e+02 9.000000000000000000e+00
2.501999999999999886e+02 1.458000000000000114e+02 9.000000000000000000e+00
2.498000000000000114e+02 1.451999999999999886e+02 9.000000000000000000e+00
2.494000000000000057e+02 1.445999999999999943e+02 9.000000000000000000e+00
2.490000000000000000e+02 1.440000000000000000e+02 9.000000000000000000e+00
2.485999999999999943e+02 1.434000000000000057e+02 9.000000000000000000e+00
2.484000000000000057e+02 1.425999999999999943e+02 9.000000000000000000e+00
2.480000000000000000e+02 1.418000000000000114e+02 9.000000000000000000e+00
2.475999999999999943e+02 1.410000000000000000e+02 9.000000000000000000e+00
2.474000000000000057e+02 1.400000000000000000e+02 9.000000000000000000e+00
2.471999999999999886e+02 1.390000000000000000e+02 9.000000000000000000e+00
2.470000000000000000e+02 1.380000000000000000e+02 9.000000000000000000e+00
2.470000000000000000e+02 1.370000000000000000e+02 9.000000000000000000e+00
2.470000000000000000e+02 1.360000000000000000e+02 9.000000000000000000e+00
2.470000000000000000e+02 1.350000000000000000e+02 9.000000000000000000e+00
2.470000000000000000e+02 1.340000000000000000e+02 9.000000000000000000e+00
2.468000000000000114e+02 1.331999999999999886e+02 9.000000000000000000e+00
2.465999999999999943e+02 1.324000000000000057e+02 9.000000000000000000e+00
2.464000000000000057e+02 1.315999999999999943e+02 9.000000000000000000e+00
2.461999999999999886e+02 1.308000000000000114e+02 9.000000000000000000e+00
2.460000000000000000e+02 1.300000000000000000e+02 9.000000000000000000e+00
2.460000000000000000e+02 1.290000000000000000e+02 9.000000000000000000e+00
2.460000000000000000e+02 1.280000000000000000e+02 9.000000000000000000e+00
2.460000000000000000e+02 1.270000000000000000e+02 9.000000000000000000e+00
2.460000000000000000e+02 1.260000000000000000e+02 9.000000000000000000e+00
2.458000000000000114e+02 1.250000000000000000e+02 9.000000000000000000e+00
2.455999999999999943e+02 1.240000000000000000e+02 9.000000000000000000e+00
2.454000000000000057e+02 1.230000000000000000e+02 9.000000000000000000e+00
2.451999999999999886e+02 1.220000000000000000e+02 9.000000000000000000e+00
2.450000000000000000e+02 1.210000000000000000e+02 9.000000000000000000e+00
2.450000000000000000e+02 1.202000000000000028e+02 9.000000000000000000e+00
2.450000000000000000e+02 1.194000000000000057e+02 1.000000000000000000e+01
2.451999999999999886e+02 1.187999999999999972e+02 1.000000000000000000e+01
2.454000000000000057e+02 1.182000000000000028e+02 1.000000000000000000e+01
2.458000000000000114e+02 1.177999999999999972e+02 1.000000000000000000e+01
2.461999999999999886e+02 1.172000000000000028e+02 1.000000000000000000e+01
2.468000000000000114e+02 1.167999999999999972e+02 1.000000000000000000e+01
2.471999999999999886e+02 1.162000000000000028e+02 1.000000000000000000e+01
2.475999999999999943e+02 1.155999999999999943e+02 1.000000000000000000e+01
2.480000000000000000e+02 1.150000000000000000e+02 1.000000000000000000e+01
2.484000000000000057e+02 1.144000000000000057e+02 1.000000000000000000e+01
2.485999999999999943e+02 1.135999999999999943e+02 1.000000000000000000e+01
2.490000000000000000e+02 1.130000000000000000e+02 1.000000000000000000e+01
2.494000000000000057e+02 1.124000000000000057e+02 1.000000000000000000e+01
2.495999999999999943e+02 1.115999999999999943e+02 1.000000000000000000e+01
2.498000000000000114e+02 1.107999999999999972e+02 1.000000000000000000e+01
2.500000000000000000e+02 1.100000000000000000e+02 1.100000000000000000e+01
2.500000000000000000e+02 1.090000000000000000e+02 1.100000000000000000e+01
2.500000000000000000e+02 1.080000000000000000e+02 1.100000000000000000e+01
2.500000000000000000e+02 1.070000000000000000e+02 1.100000000000000000e+01
2.500000000000000000e+02 1.060000000000000000e+02 1.100000000000000000e+01
2.498000000000000114e+02 1.050000000000000000e+02 1.100000000000000000e+01
2.495999999999999943e+02 1.040000000000000000e+02 1.100000000000000000e+01
2.494000000000000057e+02 1.030000000000000000e+02 1.100000000000000000e+01
2.490000000000000000e+02 1.020000000000000000e+02 1.100000000000000000e+01
2.485999999999999943e+02 1.010000000000000000e+02 1.100000000000000000e+01
2.484000000000000057e+02 1.000000000000000000e+02 1.100000000000000000e+01
2.481999999999999886e+02 9.900000000000000000e+01 1.100000000000000000e+01
2.478000000000000114e+02 9.800000000000000000e+01 1.100000000000000000e+01
2.475999999999999943e+02 9.700000000000000000e+01 1.100000000000000000e+01
2.474000000000000057e+02 9.600000000000000000e+01 1.100000000000000000e+01
2.472500000000000000e+02 9.550000000000000000e+01 1.100000000000000000e+01
