5.652000000000000455e+02 1.000000000000000000e+00 8.000000000000000000e+00
5.653999999999999773e+02 1.600000000000000089e+00 8.000000000000000000e+00
5.656000000000000227e+02 2.399999999999999911e+00 8.000000000000000000e+00
5.660000000000000000e+02 3.000000000000000000e+00 8.000000000000000000e+00
5.663999999999999773e+02 3.600000000000000089e+00 8.000000000000000000e+00
5.666000000000000227e+02 4.400000000000000355e+00 8.000000000000000000e+00
5.667999999999999545e+02 5.200000000000000178e+00 8.000000000000000000e+00
5.672000000000000455e+02 5.799999999999999822e+00 8.000000000000000000e+00
5.673999999999999773e+02 6.599999999999999645e+00 8.000000000000000000e+00
5.676000000000000227e+02 7.400000000000000355e+00 8.000000000000000000e+00
5.677999999999999545e+02 8.199999999999999289e+00 8.000000000000000000e+00
5.682000000000000455e+02 9.000000000000000000e+00 8.000000000000000000e+00
5.683999999999999773e+02 1.000000000000000000e+01 8.000000000000000000e+00
5.686000000000000227e+02 1.100000000000000000e+01 8.000000000000000000e+00
5.687999999999999545e+02 1.200000000000000000e+01 8.000000000000000000e+00
5.690000000000000000e+02 1.300000000000000000e+01 8.000000000000000000e+00
5.690000000000000000e+02 1.400000000000000000e+01 8.000000000000000000e+00
5.690000000000000000e+02 1.500000000000000000e+01 8.000000000000000000e+00
5.690000000000000000e+02 1.600000000000000000e+01 7.000000000000000000e+00
5.690000000000000000e+02 1.700000000000000000e+01 7.000000000000000000e+00
5.690000000000000000e+02 1.800000000000000000e+01 7.000000000000000000e+00
5.690000000000000000e+02 1.900000000000000000e+01 7.000000000000000000e+00
5.690000000000000000e+02 2.000000000000000000e+01 7.000000000000000000e+00
5.690000000000000000e+02 2.100000000000000000e+01 7.000000000000000000e+00
5.690000000000000000e+02 2.200000000000000000e+01 7.000000000000000000e+00
5.690000000000000000e+02 2.300000000000000000e+01 7.000000000000000000e+00
5.690000000000000000e+02 2.400000000000000000e+01 7.000000000000000000e+00
5.690000000000000000e+02 2.500000000000000000e+01 7.000000000000000000e+00
5.690000000000000000e+02 2.600000000000000000e+01 7.000000000000000000e+00
5.690000000000000000e+02 2.700000000000000000e+01 7.000000000000000000e+00
5.690000000000000000e+02 2.800000000000000000e+01 7.000000000000000000e+00
5.687999999999999545e+02 2.880000000000000071e+01 7.000000000000000000e+00
5.686000000000000227e+02 2.960000000000000142e+01 7.000000000000000000e+00
5.683999999999999773e+02 3.039999999999999858e+01 7.000000000000000000e+00
5.682000000000000455e+02 3.119999999999999929e+01 6.000000000000000000e+00
5.680000000000000000e+02 3.200000000000000000e+01 6.000000000000000000e+00
5.677999999999999545e+02 3.300000000000000000e+01 6.000000000000000000e+00
5.676000000000000227e+02 3.400000000000000000e+01 6.000000000000000000e+00
5.673999999999999773e+02 3.500000000000000000e+01 6.000000000000000000e+00
5.672000000000000455e+02 3.600000000000000000e+01 6.000000000000000000e+00
5.670000000000000000e+02 3.700000000000000000e+01 6.000000000000000000e+00
5.670000000000000000e+02 3.800000000000000000e+01 6.000000000000000000e+00
5.670000000000000000e+02 3.900000000000000000e+01 6.000000000000000000e+00
5.670000000000000000e+02 4.000000000000000000e+01 6.000000000000000000e+00
5.670000000000000000e+02 4.100000000000000000e+01 6.000000000000000000e+00
5.670000000000000000e+02 4.200000000000000000e+01 6.000000000000000000e+00
5.672000000000000455e+02 4.279999999999999716e+01 6.000000000000000000e+00
5.673999999999999773e+02 4.360000000000000142e+01 6.000000000000000000e+00
5.676000000000000227e+02 4.439999999999999858e+01 6.000000000000000000e+00
5.680000000000000000e+02 4.500000000000000000e+01 6.000000000000000000e+00
5.683999999999999773e+02 4.560000000000000142e+01 6.000000000000000000e+00
5.687999999999999545e+02 4.620000000000000284e+01 6.000000000000000000e+00
5.692000000000000455e+02 4.679999999999999716e+01 6.000000000000000000e+00
5.697999999999999545e+02 4.720000000000000284e+01 6.000000000000000000e+00
5.703999999999999773e+02 4.779999999999999716e+01 6.000000000000000000e+00
5.712000000000000455e+02 4.820000000000000284e+01 6.000000000000000000e+00
5.720000000000000000e+02 4.860000000000000142e+01 6.000000000000000000e+00
5.727999999999999545e+02 4.900000000000000000e+01 6.000000000000000000e+00
5.736000000000000227e+02 4.939999999999999858e+01 6.000000000000000000e+00
5.743999999999999773e+02 4.960000000000000142e+01 6.000000000000000000e+00
5.747500000000000000e+02 4.975000000000000000e+01 7.000000000000000000e+00
