7.102000000000000455e+02 4.420000000000000000e+02 1.200000000000000000e+01
7.103999999999999773e+02 4.430000000000000000e+02 1.200000000000000000e+01
7.106000000000000227e+02 4.440000000000000000e+02 1.200000000000000000e+01
7.110000000000000000e+02 4.448000000000000114e+02 1.200000000000000000e+01
7.113999999999999773e+02 4.456000000000000227e+02 1.200000000000000000e+01
7.116000000000000227e+02 4.463999999999999773e+02 1.200000000000000000e+01
7.120000000000000000e+02 4.471999999999999886e+02 1.200000000000000000e+01
7.123999999999999773e+02 4.480000000000000000e+02 1.200000000000000000e+01
7.127999999999999545e+02 4.488000000000000114e+02 1.200000000000000000e+01
7.132000000000000455e+02 4.496000000000000227e+02 1.200000000000000000e+01
7.136000000000000227e+02 4.501999999999999886e+02 1.200000000000000000e+01
7.140000000000000000e+02 4.508000000000000114e+02 1.300000000000000000e+01
7.143999999999999773e+02 4.513999999999999773e+02 1.300000000000000000e+01
7.147999999999999545e+02 4.520000000000000000e+02 1.300000000000000000e+01
7.152000000000000455e+02 4.526000000000000227e+02 1.300000000000000000e+01
7.157999999999999545e+02 4.533999999999999773e+02 1.300000000000000000e+01
7.163999999999999773e+02 4.541999999999999886e+02 1.300000000000000000e+01
7.170000000000000000e+02 4.550000000000000000e+02 1.300000000000000000e+01
7.176000000000000227e+02 4.558000000000000114e+02 1.300000000000000000e+01
7.182000000000000455e+02 4.566000000000000227e+02 1.300000000000000000e+01
7.187999999999999545e+02 4.571999999999999886e+02 1.300000000000000000e+01
7.192000000000000455e+02 4.578000000000000114e+02 1.300000000000000000e+01
7.197999999999999545e+02 4.583999999999999773e+02 1.300000000000000000e+01
7.202000000000000455e+02 4.591999999999999886e+02 1.300000000000000000e+01
7.207999999999999545e+02 4.598000000000000114e+02 1.300000000000000000e+01
7.212000000000000455e+02 4.606000000000000227e+02 1.300000000000000000e+01
7.217999999999999545e+02 4.611999999999999886e+02 1.300000000000000000e+01
7.222000000000000455e+02 4.618000000000000114e+02 1.300000000000000000e+01
7.225000000000000000e+02 4.620000000000000000e+02 1.300000000000000000e+01
