4.628000000000000114e+02 1.881999999999999886e+02 1.200000000000000000e+01
4.623999999999999773e+02 1.888000000000000114e+02 1.200000000000000000e+01
4.618000000000000114e+02 1.895999999999999943e+02 1.200000000000000000e+01
4.613999999999999773e+02 1.904000000000000057e+02 1.200000000000000000e+01
4.610000000000000000e+02 1.910000000000000000e+02 1.200000000000000000e+01
4.606000000000000227e+02 1.915999999999999943e+02 1.200000000000000000e+01
4.603999999999999773e+02 1.924000000000000057e+02 1.200000000000000000e+01
4.601999999999999886e+02 1.931999999999999886e+02 1.200000000000000000e+01
4.600000000000000000e+02 1.940000000000000000e+02 1.200000000000000000e+01
4.600000000000000000e+02 1.950000000000000000e+02 1.200000000000000000e+01
4.600000000000000000e+02 1.960000000000000000e+02 1.200000000000000000e+01
4.601999999999999886e+02 1.968000000000000114e+02 1.200000000000000000e+01
4.603999999999999773e+02 1.975999999999999943e+02 1.200000000000000000e+01
4.606000000000000227e+02 1.984000000000000057e+02 1.200000000000000000e+01
4.608000000000000114e+02 1.991999999999999886e+02 1.200000000000000000e+01
4.610000000000000000e+02 2.000000000000000000e+02 1.200000000000000000e+01
4.610000000000000000e+02 2.010000000000000000e+02 1.200000000000000000e+01
4.610000000000000000e+02 2.015000000000000000e+02 1.200000000000000000e+01
