6.502000000000000455e+02 1.152000000000000028e+02 1.700000000000000000e+01
6.510000000000000000e+02 1.150000000000000000e+02 1.700000000000000000e+01
6.520000000000000000e+02 1.152000000000000028e+02 1.700000000000000000e+01
6.530000000000000000e+02 1.154000000000000057e+02 1.700000000000000000e+01
6.540000000000000000e+02 1.155999999999999943e+02 1.700000000000000000e+01
6.550000000000000000e+02 1.157999999999999972e+02 1.600000000000000000e+01
6.560000000000000000e+02 1.160000000000000000e+02 1.600000000000000000e+01
6.570000000000000000e+02 1.160000000000000000e+02 1.600000000000000000e+01
6.580000000000000000e+02 1.160000000000000000e+02 1.600000000000000000e+01
6.590000000000000000e+02 1.160000000000000000e+02 1.600000000000000000e+01
6.597999999999999545e+02 1.160000000000000000e+02 1.600000000000000000e+01
6.606000000000000227e+02 1.160000000000000000e+02 1.500000000000000000e+01
6.612000000000000455e+02 1.157999999999999972e+02 1.500000000000000000e+01
6.617999999999999545e+02 1.155999999999999943e+02 1.500000000000000000e+01
6.623999999999999773e+02 1.154000000000000057e+02 1.500000000000000000e+01
6.632000000000000455e+02 1.150000000000000000e+02 1.500000000000000000e+01
6.640000000000000000e+02 1.145999999999999943e+02 1.500000000000000000e+01
6.647999999999999545e+02 1.142000000000000028e+02 1.500000000000000000e+01
6.656000000000000227e+02 1.137999999999999972e+02 1.500000000000000000e+01
6.663999999999999773e+02 1.132000000000000028e+02 1.500000000000000000e+01
6.672000000000000455e+02 1.125999999999999943e+02 1.500000000000000000e+01
6.680000000000000000e+02 1.117999999999999972e+02 1.500000000000000000e+01
6.687999999999999545e+02 1.110000000000000000e+02 1.500000000000000000e+01
6.696000000000000227e+02 1.102000000000000028e+02 1.500000000000000000e+01
6.702000000000000455e+02 1.094000000000000057e+02 1.500000000000000000e+01
6.707999999999999545e+02 1.087999999999999972e+02 1.500000000000000000e+01
6.710000000000000000e+02 1.085000000000000000e+02 1.500000000000000000e+01
