9.859999999999999432e+01 3.770000000000000000e+02 5.000000000000000000e+00
9.840000000000000568e+01 3.780000000000000000e+02 5.000000000000000000e+00
9.820000000000000284e+01 3.790000000000000000e+02 5.000000000000000000e+00
9.800000000000000000e+01 3.800000000000000000e+02 5.000000000000000000e+00
9.800000000000000000e+01 3.810000000000000000e+02 5.000000000000000000e+00
9.800000000000000000e+01 3.820000000000000000e+02 5.000000000000000000e+00
9.800000000000000000e+01 3.830000000000000000e+02 5.000000000000000000e+00
9.800000000000000000e+01 3.840000000000000000e+02 5.000000000000000000e+00
9.820000000000000284e+01 3.848000000000000114e+02 5.000000000000000000e+00
9.840000000000000568e+01 3.856000000000000227e+02 5.000000000000000000e+00
9.859999999999999432e+01 3.861999999999999886e+02 5.000000000000000000e+00
9.879999999999999716e+01 3.868000000000000114e+02 6.000000000000000000e+00
9.900000000000000000e+01 3.873999999999999773e+02 6.000000000000000000e+00
9.920000000000000284e+01 3.881999999999999886e+02 6.000000000000000000e+00
9.940000000000000568e+01 3.890000000000000000e+02 6.000000000000000000e+00
9.959999999999999432e+01 3.900000000000000000e+02 6.000000000000000000e+00
1.000000000000000000e+02 3.908000000000000114e+02 6.000000000000000000e+00
1.004000000000000057e+02 3.916000000000000227e+02 6.000000000000000000e+00
1.005999999999999943e+02 3.923999999999999773e+02 6.000000000000000000e+00
1.010000000000000000e+02 3.931999999999999886e+02 6.000000000000000000e+00
1.014000000000000057e+02 3.940000000000000000e+02 7.000000000000000000e+00
1.015000000000000000e+02 3.945000000000000000e+02 7.000000000000000000e+00
