1.068599999999999909e+03 8.576000000000000227e+02 8.000000000000000000e+00
1.069000000000000000e+03 8.570000000000000000e+02 8.000000000000000000e+00
1.069400000000000091e+03 8.563999999999999773e+02 8.000000000000000000e+00
1.069799999999999955e+03 8.557999999999999545e+02 8.000000000000000000e+00
1.070400000000000091e+03 8.552000000000000455e+02 8.000000000000000000e+00
1.071200000000000045e+03 8.547999999999999545e+02 8.000000000000000000e+00
1.072000000000000000e+03 8.543999999999999773e+02 8.000000000000000000e+00
1.073000000000000000e+03 8.542000000000000455e+02 8.000000000000000000e+00
1.073799999999999955e+03 8.542000000000000455e+02 8.000000000000000000e+00
1.074599999999999909e+03 8.543999999999999773e+02 8.000000000000000000e+00
1.075400000000000091e+03 8.546000000000000227e+02 8.000000000000000000e+00
1.076200000000000045e+03 8.547999999999999545e+02 8.000000000000000000e+00
1.076799999999999955e+03 8.552000000000000455e+02 8.000000000000000000e+00
1.077599999999999909e+03 8.553999999999999773e+02 8.000000000000000000e+00
1.078400000000000091e+03 8.556000000000000227e+02 8.000000000000000000e+00
1.079200000000000045e+03 8.560000000000000000e+02 8.000000000000000000e+00
1.080000000000000000e+03 8.563999999999999773e+02 8.000000000000000000e+00
1.081000000000000000e+03 8.567999999999999545e+02 8.000000000000000000e+00
1.082000000000000000e+03 8.572000000000000455e+02 8.000000000000000000e+00
1.083000000000000000e+03 8.577999999999999545e+02 8.000000000000000000e+00
1.083500000000000000e+03 8.580000000000000000e+02 8.000000000000000000e+00
