1.159799999999999955e+03 9.820000000000000000e+02 3.000000000000000000e+00
1.160200000000000045e+03 9.830000000000000000e+02 3.000000000000000000e+00
1.160799999999999955e+03 9.840000000000000000e+02 3.000000000000000000e+00
1.161200000000000045e+03 9.850000000000000000e+02 3.000000000000000000e+00
1.161599999999999909e+03 9.860000000000000000e+02 3.000000000000000000e+00
1.162000000000000000e+03 9.867999999999999545e+02 3.000000000000000000e+00
1.162400000000000091e+03 9.876000000000000227e+02 3.000000000000000000e+00
1.162599999999999909e+03 9.883999999999999773e+02 3.000000000000000000e+00
1.162799999999999955e+03 9.892000000000000455e+02 3.000000000000000000e+00
1.163200000000000045e+03 9.897999999999999545e+02 3.000000000000000000e+00
1.163400000000000091e+03 9.906000000000000227e+02 3.000000000000000000e+00
1.163599999999999909e+03 9.913999999999999773e+02 3.000000000000000000e+00
1.163799999999999955e+03 9.922000000000000455e+02 3.000000000000000000e+00
1.164000000000000000e+03 9.930000000000000000e+02 3.000000000000000000e+00
1.164200000000000045e+03 9.937999999999999545e+02 3.000000000000000000e+00
1.164400000000000091e+03 9.946000000000000227e+02 3.000000000000000000e+00
1.164599999999999909e+03 9.953999999999999773e+02 3.000000000000000000e+00
1.164799999999999955e+03 9.962000000000000455e+02 3.000000000000000000e+00
1.165000000000000000e+03 9.970000000000000000e+02 3.000000000000000000e+00
1.165000000000000000e+03 9.980000000000000000e+02 3.000000000000000000e+00
1.165000000000000000e+03 9.990000000000000000e+02 3.000000000000000000e+00
1.165000000000000000e+03 1.000000000000000000e+03 3.000000000000000000e+00
1.165200000000000045e+03 1.000799999999999955e+03 3.000000000000000000e+00
1.165400000000000091e+03 1.001600000000000023e+03 3.000000000000000000e+00
1.165599999999999909e+03 1.002399999999999977e+03 3.000000000000000000e+00
1.165799999999999955e+03 1.003200000000000045e+03 3.000000000000000000e+00
1.166000000000000000e+03 1.004000000000000000e+03 3.000000000000000000e+00
1.166000000000000000e+03 1.005000000000000000e+03 3.000000000000000000e+00
1.166000000000000000e+03 1.006000000000000000e+03 3.000000000000000000e+00
1.166000000000000000e+03 1.007000000000000000e+03 3.000000000000000000e+00
1.165799999999999955e+03 1.007799999999999955e+03 3.000000000000000000e+00
1.165599999999999909e+03 1.008600000000000023e+03 3.000000000000000000e+00
1.165400000000000091e+03 1.009399999999999977e+03 3.000000000000000000e+00
1.165200000000000045e+03 1.010200000000000045e+03 3.000000000000000000e+00
1.165000000000000000e+03 1.011000000000000000e+03 3.000000000000000000e+00
1.165000000000000000e+03 1.012000000000000000e+03 3.000000000000000000e+00
1.164799999999999955e+03 1.012799999999999955e+03 3.000000000000000000e+00
1.164599999999999909e+03 1.013600000000000023e+03 3.000000000000000000e+00
1.164400000000000091e+03 1.014399999999999977e+03 3.000000000000000000e+00
1.164000000000000000e+03 1.015000000000000000e+03 3.000000000000000000e+00
1.163599999999999909e+03 1.015600000000000023e+03 3.000000000000000000e+00
1.163400000000000091e+03 1.016399999999999977e+03 3.000000000000000000e+00
1.163000000000000000e+03 1.017000000000000000e+03 3.000000000000000000e+00
1.162599999999999909e+03 1.017600000000000023e+03 3.000000000000000000e+00
1.162400000000000091e+03 1.018399999999999977e+03 3.000000000000000000e+00
1.162000000000000000e+03 1.019000000000000000e+03 3.000000000000000000e+00
1.161599999999999909e+03 1.019600000000000023e+03 3.000000000000000000e+00
1.161200000000000045e+03 1.020200000000000045e+03 3.000000000000000000e+00
1.160799999999999955e+03 1.020799999999999955e+03 3.000000000000000000e+00
1.160200000000000045e+03 1.021399999999999977e+03 3.000000000000000000e+00
1.159799999999999955e+03 1.022200000000000045e+03 3.000000000000000000e+00
1.159200000000000045e+03 1.022799999999999955e+03 3.000000000000000000e+00
1.158799999999999955e+03 1.023600000000000023e+03 3.000000000000000000e+00
1.158400000000000091e+03 1.024400000000000091e+03 3.000000000000000000e+00
1.158000000000000000e+03 1.025000000000000000e+03 3.000000000000000000e+00
1.157599999999999909e+03 1.025599999999999909e+03 3.000000000000000000e+00
1.157400000000000091e+03 1.026400000000000091e+03 3.000000000000000000e+00
1.157200000000000045e+03 1.027200000000000045e+03 3.000000000000000000e+00
1.156799999999999955e+03 1.027799999999999955e+03 3.000000000000000000e+00
1.156599999999999909e+03 1.028599999999999909e+03 3.000000000000000000e+00
1.156400000000000091e+03 1.029400000000000091e+03 3.000000000000000000e+00
1.156200000000000045e+03 1.030200000000000045e+03 3.000000000000000000e+00
1.156000000000000000e+03 1.031000000000000000e+03 3.000000000000000000e+00
1.156000000000000000e+03 1.032000000000000000e+03 3.000000000000000000e+00
1.156000000000000000e+03 1.033000000000000000e+03 3.000000000000000000e+00
1.156200000000000045e+03 1.033799999999999955e+03 3.000000000000000000e+00
1.156400000000000091e+03 1.034599999999999909e+03 3.000000000000000000e+00
1.156599999999999909e+03 1.035400000000000091e+03 3.000000000000000000e+00
1.156799999999999955e+03 1.036200000000000045e+03 3.000000000000000000e+00
1.157000000000000000e+03 1.037000000000000000e+03 3.000000000000000000e+00
1.157200000000000045e+03 1.037799999999999955e+03 3.000000000000000000e+00
1.157400000000000091e+03 1.038599999999999909e+03 3.000000000000000000e+00
1.157599999999999909e+03 1.039400000000000091e+03 3.000000000000000000e+00
1.157799999999999955e+03 1.040200000000000045e+03 3.000000000000000000e+00
1.158000000000000000e+03 1.041000000000000000e+03 3.000000000000000000e+00
1.158000000000000000e+03 1.042000000000000000e+03 3.000000000000000000e+00
1.158000000000000000e+03 1.043000000000000000e+03 3.000000000000000000e+00
1.158000000000000000e+03 1.044000000000000000e+03 3.000000000000000000e+00
1.158000000000000000e+03 1.044500000000000000e+03 3.000000000000000000e+00
