8.042000000000000455e+02 4.971999999999999886e+02 1.600000000000000000e+01
8.043999999999999773e+02 4.978000000000000114e+02 1.600000000000000000e+01
8.043999999999999773e+02 4.986000000000000227e+02 1.600000000000000000e+01
8.046000000000000227e+02 4.993999999999999773e+02 1.600000000000000000e+01
8.047999999999999545e+02 5.001999999999999886e+02 1.600000000000000000e+01
8.052000000000000455e+02 5.008000000000000114e+02 1.600000000000000000e+01
8.053999999999999773e+02 5.016000000000000227e+02 1.600000000000000000e+01
8.056000000000000227e+02 5.023999999999999773e+02 1.600000000000000000e+01
8.060000000000000000e+02 5.030000000000000000e+02 1.600000000000000000e+01
8.063999999999999773e+02 5.036000000000000227e+02 1.600000000000000000e+01
8.067999999999999545e+02 5.041999999999999886e+02 1.600000000000000000e+01
8.072000000000000455e+02 5.048000000000000114e+02 1.600000000000000000e+01
8.076000000000000227e+02 5.053999999999999773e+02 1.600000000000000000e+01
8.077999999999999545e+02 5.061999999999999886e+02 1.600000000000000000e+01
8.080000000000000000e+02 5.070000000000000000e+02 1.600000000000000000e+01
8.082000000000000455e+02 5.078000000000000114e+02 1.600000000000000000e+01
8.083999999999999773e+02 5.086000000000000227e+02 1.600000000000000000e+01
8.086000000000000227e+02 5.093999999999999773e+02 1.600000000000000000e+01
8.087999999999999545e+02 5.101999999999999886e+02 1.600000000000000000e+01
8.090000000000000000e+02 5.110000000000000000e+02 1.600000000000000000e+01
8.090000000000000000e+02 5.120000000000000000e+02 1.600000000000000000e+01
8.092000000000000455e+02 5.127999999999999545e+02 1.600000000000000000e+01
8.093999999999999773e+02 5.136000000000000227e+02 1.600000000000000000e+01
8.096000000000000227e+02 5.143999999999999773e+02 1.600000000000000000e+01
8.097999999999999545e+02 5.152000000000000455e+02 1.600000000000000000e+01
8.100000000000000000e+02 5.160000000000000000e+02 1.600000000000000000e+01
8.102000000000000455e+02 5.167999999999999545e+02 1.600000000000000000e+01
8.103999999999999773e+02 5.176000000000000227e+02 1.600000000000000000e+01
8.106000000000000227e+02 5.183999999999999773e+02 1.600000000000000000e+01
8.107999999999999545e+02 5.192000000000000455e+02 1.600000000000000000e+01
8.110000000000000000e+02 5.200000000000000000e+02 1.600000000000000000e+01
8.112000000000000455e+02 5.207999999999999545e+02 1.600000000000000000e+01
8.113999999999999773e+02 5.216000000000000227e+02 1.600000000000000000e+01
8.116000000000000227e+02 5.223999999999999773e+02 1.600000000000000000e+01
8.117999999999999545e+02 5.232000000000000455e+02 1.600000000000000000e+01
8.122000000000000455e+02 5.237999999999999545e+02 1.600000000000000000e+01
8.123999999999999773e+02 5.246000000000000227e+02 1.600000000000000000e+01
8.126000000000000227e+02 5.253999999999999773e+02 1.600000000000000000e+01
8.127999999999999545e+02 5.262000000000000455e+02 1.600000000000000000e+01
8.130000000000000000e+02 5.270000000000000000e+02 1.600000000000000000e+01
8.132000000000000455e+02 5.277999999999999545e+02 1.600000000000000000e+01
8.133999999999999773e+02 5.286000000000000227e+02 1.600000000000000000e+01
8.136000000000000227e+02 5.293999999999999773e+02 1.600000000000000000e+01
8.137999999999999545e+02 5.300000000000000000e+02 1.600000000000000000e+01
8.140000000000000000e+02 5.306000000000000227e+02 1.700000000000000000e+01
8.142000000000000455e+02 5.313999999999999773e+02 1.700000000000000000e+01
8.143999999999999773e+02 5.322000000000000455e+02 1.700000000000000000e+01
8.146000000000000227e+02 5.330000000000000000e+02 1.700000000000000000e+01
8.147999999999999545e+02 5.340000000000000000e+02 1.700000000000000000e+01
8.152000000000000455e+02 5.347999999999999545e+02 1.700000000000000000e+01
8.153999999999999773e+02 5.356000000000000227e+02 1.700000000000000000e+01
8.156000000000000227e+02 5.363999999999999773e+02 1.700000000000000000e+01
8.157999999999999545e+02 5.372000000000000455e+02 1.700000000000000000e+01
8.160000000000000000e+02 5.380000000000000000e+02 1.700000000000000000e+01
8.162000000000000455e+02 5.387999999999999545e+02 1.700000000000000000e+01
8.163999999999999773e+02 5.396000000000000227e+02 1.700000000000000000e+01
8.166000000000000227e+02 5.403999999999999773e+02 1.700000000000000000e+01
8.167500000000000000e+02 5.407500000000000000e+02 1.700000000000000000e+01
