1.200000000000000000e+03 1.190000000000000000e+03 1.300000000000000000e+01
1.200000000000000000e+03 1.191000000000000000e+03 1.300000000000000000e+01
1.200200000000000045e+03 1.191799999999999955e+03 1.300000000000000000e+01
1.200400000000000091e+03 1.192599999999999909e+03 1.300000000000000000e+01
1.200599999999999909e+03 1.193400000000000091e+03 1.300000000000000000e+01
1.200799999999999955e+03 1.194200000000000045e+03 1.300000000000000000e+01
1.201000000000000000e+03 1.195000000000000000e+03 1.300000000000000000e+01
1.200799999999999955e+03 1.195799999999999955e+03 1.300000000000000000e+01
1.200599999999999909e+03 1.196599999999999909e+03 1.300000000000000000e+01
1.200400000000000091e+03 1.197400000000000091e+03 1.300000000000000000e+01
1.200200000000000045e+03 1.198200000000000045e+03 1.300000000000000000e+01
1.200000000000000000e+03 1.199000000000000000e+03 1.300000000000000000e+01
1.199799999999999955e+03 1.199799999999999955e+03 1.300000000000000000e+01
1.199599999999999909e+03 1.200599999999999909e+03 1.300000000000000000e+01
1.199400000000000091e+03 1.201400000000000091e+03 1.300000000000000000e+01
1.199000000000000000e+03 1.202000000000000000e+03 1.300000000000000000e+01
1.198599999999999909e+03 1.202599999999999909e+03 1.300000000000000000e+01
1.198400000000000091e+03 1.203400000000000091e+03 1.300000000000000000e+01
1.198000000000000000e+03 1.204000000000000000e+03 1.300000000000000000e+01
1.197599999999999909e+03 1.204599999999999909e+03 1.300000000000000000e+01
1.197200000000000045e+03 1.205400000000000091e+03 1.300000000000000000e+01
1.196799999999999955e+03 1.206200000000000045e+03 1.300000000000000000e+01
1.196200000000000045e+03 1.206799999999999955e+03 1.300000000000000000e+01
1.195799999999999955e+03 1.207599999999999909e+03 1.300000000000000000e+01
1.195400000000000091e+03 1.208400000000000091e+03 1.300000000000000000e+01
1.195000000000000000e+03 1.209000000000000000e+03 1.300000000000000000e+01
1.194599999999999909e+03 1.209599999999999909e+03 1.300000000000000000e+01
1.194400000000000091e+03 1.210400000000000091e+03 1.300000000000000000e+01
1.194250000000000000e+03 1.210750000000000000e+03 1.300000000000000000e+01
