7.356000000000000227e+02 3.833999999999999773e+02 1.800000000000000000e+01
7.357999999999999545e+02 3.841999999999999886e+02 1.800000000000000000e+01
7.362000000000000455e+02 3.850000000000000000e+02 1.800000000000000000e+01
7.363999999999999773e+02 3.860000000000000000e+02 1.800000000000000000e+01
7.366000000000000227e+02 3.870000000000000000e+02 1.800000000000000000e+01
7.367999999999999545e+02 3.880000000000000000e+02 1.800000000000000000e+01
7.370000000000000000e+02 3.890000000000000000e+02 1.800000000000000000e+01
7.370000000000000000e+02 3.900000000000000000e+02 1.800000000000000000e+01
7.370000000000000000e+02 3.910000000000000000e+02 1.800000000000000000e+01
7.370000000000000000e+02 3.920000000000000000e+02 1.800000000000000000e+01
7.370000000000000000e+02 3.930000000000000000e+02 1.800000000000000000e+01
7.370000000000000000e+02 3.940000000000000000e+02 1.800000000000000000e+01
7.370000000000000000e+02 3.950000000000000000e+02 1.800000000000000000e+01
7.370000000000000000e+02 3.960000000000000000e+02 1.800000000000000000e+01
7.370000000000000000e+02 3.970000000000000000e+02 1.800000000000000000e+01
7.370000000000000000e+02 3.980000000000000000e+02 1.800000000000000000e+01
7.370000000000000000e+02 3.990000000000000000e+02 1.800000000000000000e+01
7.370000000000000000e+02 4.000000000000000000e+02 1.800000000000000000e+01
7.372000000000000455e+02 4.008000000000000114e+02 1.800000000000000000e+01
7.373999999999999773e+02 4.016000000000000227e+02 1.800000000000000000e+01
7.376000000000000227e+02 4.023999999999999773e+02 1.800000000000000000e+01
7.380000000000000000e+02 4.031999999999999886e+02 1.800000000000000000e+01
7.382500000000000000e+02 4.035000000000000000e+02 1.800000000000000000e+01
