7.597999999999999545e+02 2.504000000000000057e+02 1.600000000000000000e+01
7.602000000000000455e+02 2.511999999999999886e+02 1.600000000000000000e+01
7.607999999999999545e+02 2.518000000000000114e+02 1.600000000000000000e+01
7.612000000000000455e+02 2.525999999999999943e+02 1.600000000000000000e+01
7.617999999999999545e+02 2.531999999999999886e+02 1.600000000000000000e+01
7.622000000000000455e+02 2.538000000000000114e+02 1.600000000000000000e+01
7.626000000000000227e+02 2.544000000000000057e+02 1.600000000000000000e+01
7.630000000000000000e+02 2.550000000000000000e+02 1.600000000000000000e+01
7.633999999999999773e+02 2.555999999999999943e+02 1.600000000000000000e+01
7.637999999999999545e+02 2.563999999999999773e+02 1.600000000000000000e+01
7.642000000000000455e+02 2.571999999999999886e+02 1.600000000000000000e+01
7.647999999999999545e+02 2.578000000000000114e+02 1.600000000000000000e+01
7.652000000000000455e+02 2.586000000000000227e+02 1.600000000000000000e+01
7.656000000000000227e+02 2.593999999999999773e+02 1.600000000000000000e+01
7.660000000000000000e+02 2.600000000000000000e+02 1.600000000000000000e+01
7.663999999999999773e+02 2.606000000000000227e+02 1.600000000000000000e+01
7.666000000000000227e+02 2.613999999999999773e+02 1.600000000000000000e+01
7.667999999999999545e+02 2.621999999999999886e+02 1.600000000000000000e+01
7.672000000000000455e+02 2.628000000000000114e+02 1.600000000000000000e+01
7.673999999999999773e+02 2.636000000000000227e+02 1.600000000000000000e+01
7.676000000000000227e+02 2.643999999999999773e+02 1.600000000000000000e+01
7.677999999999999545e+02 2.651999999999999886e+02 1.600000000000000000e+01
7.680000000000000000e+02 2.660000000000000000e+02 1.600000000000000000e+01
7.680000000000000000e+02 2.670000000000000000e+02 1.600000000000000000e+01
7.680000000000000000e+02 2.680000000000000000e+02 1.600000000000000000e+01
7.680000000000000000e+02 2.690000000000000000e+02 1.600000000000000000e+01
7.680000000000000000e+02 2.700000000000000000e+02 1.600000000000000000e+01
7.680000000000000000e+02 2.710000000000000000e+02 1.600000000000000000e+01
7.680000000000000000e+02 2.720000000000000000e+02 1.600000000000000000e+01
7.682000000000000455e+02 2.728000000000000114e+02 1.600000000000000000e+01
7.682500000000000000e+02 2.732500000000000000e+02 1.700000000000000000e+01
