1.014000000000000000e+03 1.435200000000000045e+03 1.200000000000000000e+01
1.014600000000000023e+03 1.435799999999999955e+03 1.200000000000000000e+01
1.015200000000000045e+03 1.436599999999999909e+03 1.200000000000000000e+01
1.015799999999999955e+03 1.437200000000000045e+03 1.200000000000000000e+01
1.016399999999999977e+03 1.437799999999999955e+03 1.100000000000000000e+01
1.017000000000000000e+03 1.438400000000000091e+03 1.100000000000000000e+01
1.017600000000000023e+03 1.439000000000000000e+03 1.100000000000000000e+01
1.018200000000000045e+03 1.439599999999999909e+03 1.100000000000000000e+01
1.018799999999999955e+03 1.440200000000000045e+03 1.100000000000000000e+01
1.019200000000000045e+03 1.440799999999999955e+03 1.100000000000000000e+01
1.019799999999999955e+03 1.441200000000000045e+03 1.100000000000000000e+01
1.020200000000000045e+03 1.441799999999999955e+03 1.000000000000000000e+01
1.020799999999999955e+03 1.442200000000000045e+03 1.000000000000000000e+01
1.021200000000000045e+03 1.442799999999999955e+03 1.000000000000000000e+01
1.021600000000000023e+03 1.443400000000000091e+03 1.000000000000000000e+01
1.021799999999999955e+03 1.444200000000000045e+03 1.000000000000000000e+01
1.022000000000000000e+03 1.445000000000000000e+03 1.000000000000000000e+01
1.022000000000000000e+03 1.446000000000000000e+03 1.000000000000000000e+01
1.022000000000000000e+03 1.447000000000000000e+03 1.000000000000000000e+01
1.022000000000000000e+03 1.448000000000000000e+03 1.000000000000000000e+01
1.022000000000000000e+03 1.448799999999999955e+03 1.000000000000000000e+01
1.022000000000000000e+03 1.449599999999999909e+03 9.000000000000000000e+00
1.022200000000000045e+03 1.450200000000000045e+03 9.000000000000000000e+00
1.022399999999999977e+03 1.450799999999999955e+03 9.000000000000000000e+00
1.022600000000000023e+03 1.451400000000000091e+03 9.000000000000000000e+00
1.023000000000000000e+03 1.452200000000000045e+03 9.000000000000000000e+00
1.023399999999999977e+03 1.453000000000000000e+03 9.000000000000000000e+00
1.023799999999999955e+03 1.453799999999999955e+03 9.000000000000000000e+00
1.024200000000000045e+03 1.454599999999999909e+03 9.000000000000000000e+00
1.024599999999999909e+03 1.455200000000000045e+03 9.000000000000000000e+00
1.025000000000000000e+03 1.455599999999999909e+03 8.000000000000000000e+00
1.025400000000000091e+03 1.456000000000000000e+03 8.000000000000000000e+00
1.025799999999999955e+03 1.456400000000000091e+03 8.000000000000000000e+00
1.026200000000000045e+03 1.456799999999999955e+03 8.000000000000000000e+00
1.026799999999999955e+03 1.457200000000000045e+03 8.000000000000000000e+00
1.027200000000000045e+03 1.457799999999999955e+03 7.000000000000000000e+00
1.027799999999999955e+03 1.458200000000000045e+03 7.000000000000000000e+00
1.028200000000000045e+03 1.458799999999999955e+03 7.000000000000000000e+00
1.028799999999999955e+03 1.459200000000000045e+03 7.000000000000000000e+00
1.029400000000000091e+03 1.459599999999999909e+03 7.000000000000000000e+00
1.030000000000000000e+03 1.460000000000000000e+03 7.000000000000000000e+00
1.030599999999999909e+03 1.460400000000000091e+03 7.000000000000000000e+00
1.031400000000000091e+03 1.460799999999999955e+03 7.000000000000000000e+00
1.032000000000000000e+03 1.461400000000000091e+03 7.000000000000000000e+00
1.032599999999999909e+03 1.462000000000000000e+03 7.000000000000000000e+00
1.033200000000000045e+03 1.462599999999999909e+03 7.000000000000000000e+00
1.033599999999999909e+03 1.463400000000000091e+03 7.000000000000000000e+00
1.034000000000000000e+03 1.464000000000000000e+03 7.000000000000000000e+00
1.034400000000000091e+03 1.464599999999999909e+03 7.000000000000000000e+00
1.034599999999999909e+03 1.465400000000000091e+03 7.000000000000000000e+00
1.034799999999999955e+03 1.466200000000000045e+03 7.000000000000000000e+00
1.035000000000000000e+03 1.467000000000000000e+03 7.000000000000000000e+00
1.035200000000000045e+03 1.467799999999999955e+03 7.000000000000000000e+00
1.035400000000000091e+03 1.468599999999999909e+03 7.000000000000000000e+00
1.035599999999999909e+03 1.469400000000000091e+03 7.000000000000000000e+00
1.035799999999999955e+03 1.470200000000000045e+03 7.000000000000000000e+00
1.036200000000000045e+03 1.471000000000000000e+03 7.000000000000000000e+00
1.036400000000000091e+03 1.472000000000000000e+03 8.000000000000000000e+00
1.036599999999999909e+03 1.473000000000000000e+03 8.000000000000000000e+00
1.036799999999999955e+03 1.474000000000000000e+03 8.000000000000000000e+00
1.037200000000000045e+03 1.474799999999999955e+03 8.000000000000000000e+00
1.037400000000000091e+03 1.475599999999999909e+03 8.000000000000000000e+00
1.037599999999999909e+03 1.476400000000000091e+03 8.000000000000000000e+00
1.038000000000000000e+03 1.477200000000000045e+03 8.000000000000000000e+00
1.038400000000000091e+03 1.478000000000000000e+03 8.000000000000000000e+00
1.038599999999999909e+03 1.479000000000000000e+03 8.000000000000000000e+00
1.038799999999999955e+03 1.479799999999999955e+03 8.000000000000000000e+00
1.039200000000000045e+03 1.480400000000000091e+03 9.000000000000000000e+00
1.039400000000000091e+03 1.481000000000000000e+03 9.000000000000000000e+00
1.039599999999999909e+03 1.481599999999999909e+03 9.000000000000000000e+00
1.040000000000000000e+03 1.482200000000000045e+03 9.000000000000000000e+00
1.040400000000000091e+03 1.483000000000000000e+03 9.000000000000000000e+00
1.040599999999999909e+03 1.484000000000000000e+03 9.000000000000000000e+00
1.041000000000000000e+03 1.484799999999999955e+03 9.000000000000000000e+00
1.041400000000000091e+03 1.485599999999999909e+03 9.000000000000000000e+00
1.041599999999999909e+03 1.486200000000000045e+03 9.000000000000000000e+00
1.041799999999999955e+03 1.486799999999999955e+03 1.000000000000000000e+01
1.042200000000000045e+03 1.487400000000000091e+03 1.000000000000000000e+01
1.042400000000000091e+03 1.488200000000000045e+03 1.000000000000000000e+01
1.042599999999999909e+03 1.489000000000000000e+03 1.000000000000000000e+01
1.043000000000000000e+03 1.490000000000000000e+03 1.000000000000000000e+01
1.043400000000000091e+03 1.491000000000000000e+03 1.000000000000000000e+01
1.043500000000000000e+03 1.491500000000000000e+03 1.000000000000000000e+01
