1.172000000000000028e+02 3.731999999999999886e+02 5.000000000000000000e+00
1.177999999999999972e+02 3.728000000000000114e+02 5.000000000000000000e+00
1.182000000000000028e+02 3.721999999999999886e+02 5.000000000000000000e+00
1.187999999999999972e+02 3.718000000000000114e+02 5.000000000000000000e+00
1.192000000000000028e+02 3.711999999999999886e+02 5.000000000000000000e+00
1.197999999999999972e+02 3.708000000000000114e+02 5.000000000000000000e+00
1.202000000000000028e+02 3.701999999999999886e+02 5.000000000000000000e+00
1.207999999999999972e+02 3.698000000000000114e+02 5.000000000000000000e+00
1.214000000000000057e+02 3.693999999999999773e+02 5.000000000000000000e+00
1.222000000000000028e+02 3.691999999999999886e+02 5.000000000000000000e+00
1.230000000000000000e+02 3.690000000000000000e+02 5.000000000000000000e+00
1.240000000000000000e+02 3.690000000000000000e+02 5.000000000000000000e+00
1.250000000000000000e+02 3.690000000000000000e+02 5.000000000000000000e+00
1.260000000000000000e+02 3.690000000000000000e+02 5.000000000000000000e+00
1.267999999999999972e+02 3.691999999999999886e+02 5.000000000000000000e+00
1.275999999999999943e+02 3.693999999999999773e+02 5.000000000000000000e+00
1.284000000000000057e+02 3.696000000000000227e+02 5.000000000000000000e+00
1.287500000000000000e+02 3.697500000000000000e+02 5.000000000000000000e+00
