7.800000000000000000e+02 1.648000000000000114e+02 9.000000000000000000e+00
7.806000000000000227e+02 1.645999999999999943e+02 9.000000000000000000e+00
7.813999999999999773e+02 1.644000000000000057e+02 9.000000000000000000e+00
7.822000000000000455e+02 1.641999999999999886e+02 9.000000000000000000e+00
7.827999999999999545e+02 1.638000000000000114e+02 9.000000000000000000e+00
7.836000000000000227e+02 1.635999999999999943e+02 9.000000000000000000e+00
7.843999999999999773e+02 1.634000000000000057e+02 9.000000000000000000e+00
7.852000000000000455e+02 1.630000000000000000e+02 9.000000000000000000e+00
7.860000000000000000e+02 1.625999999999999943e+02 9.000000000000000000e+00
7.867999999999999545e+02 1.624000000000000057e+02 9.000000000000000000e+00
7.876000000000000227e+02 1.621999999999999886e+02 8.000000000000000000e+00
7.883999999999999773e+02 1.620000000000000000e+02 8.000000000000000000e+00
7.892000000000000455e+02 1.620000000000000000e+02 8.000000000000000000e+00
7.900000000000000000e+02 1.620000000000000000e+02 7.000000000000000000e+00
7.907999999999999545e+02 1.621999999999999886e+02 7.000000000000000000e+00
7.916000000000000227e+02 1.625999999999999943e+02 7.000000000000000000e+00
7.922000000000000455e+02 1.631999999999999886e+02 7.000000000000000000e+00
7.927999999999999545e+02 1.638000000000000114e+02 7.000000000000000000e+00
7.932000000000000455e+02 1.645999999999999943e+02 7.000000000000000000e+00
7.936000000000000227e+02 1.654000000000000057e+02 7.000000000000000000e+00
7.940000000000000000e+02 1.660000000000000000e+02 7.000000000000000000e+00
7.943999999999999773e+02 1.665999999999999943e+02 7.000000000000000000e+00
7.946000000000000227e+02 1.674000000000000057e+02 7.000000000000000000e+00
7.950000000000000000e+02 1.680000000000000000e+02 7.000000000000000000e+00
7.953999999999999773e+02 1.685999999999999943e+02 7.000000000000000000e+00
7.956000000000000227e+02 1.694000000000000057e+02 7.000000000000000000e+00
7.960000000000000000e+02 1.700000000000000000e+02 7.000000000000000000e+00
7.963999999999999773e+02 1.705999999999999943e+02 7.000000000000000000e+00
7.966000000000000227e+02 1.714000000000000057e+02 7.000000000000000000e+00
7.970000000000000000e+02 1.720000000000000000e+02 7.000000000000000000e+00
7.973999999999999773e+02 1.725999999999999943e+02 7.000000000000000000e+00
7.977999999999999545e+02 1.734000000000000057e+02 7.000000000000000000e+00
7.982000000000000455e+02 1.741999999999999886e+02 7.000000000000000000e+00
7.987999999999999545e+02 1.748000000000000114e+02 7.000000000000000000e+00
7.992000000000000455e+02 1.755999999999999943e+02 7.000000000000000000e+00
7.997999999999999545e+02 1.761999999999999886e+02 7.000000000000000000e+00
8.002000000000000455e+02 1.768000000000000114e+02 7.000000000000000000e+00
8.007999999999999545e+02 1.771999999999999886e+02 7.000000000000000000e+00
8.012000000000000455e+02 1.778000000000000114e+02 7.000000000000000000e+00
8.017999999999999545e+02 1.781999999999999886e+02 7.000000000000000000e+00
8.022000000000000455e+02 1.788000000000000114e+02 7.000000000000000000e+00
8.027999999999999545e+02 1.791999999999999886e+02 7.000000000000000000e+00
8.032000000000000455e+02 1.798000000000000114e+02 7.000000000000000000e+00
8.037999999999999545e+02 1.801999999999999886e+02 7.000000000000000000e+00
8.043999999999999773e+02 1.808000000000000114e+02 7.000000000000000000e+00
8.052000000000000455e+02 1.811999999999999886e+02 7.000000000000000000e+00
8.057999999999999545e+02 1.818000000000000114e+02 7.000000000000000000e+00
8.066000000000000227e+02 1.821999999999999886e+02 7.000000000000000000e+00
8.073999999999999773e+02 1.825999999999999943e+02 7.000000000000000000e+00
8.080000000000000000e+02 1.830000000000000000e+02 7.000000000000000000e+00
8.086000000000000227e+02 1.834000000000000057e+02 7.000000000000000000e+00
8.093999999999999773e+02 1.838000000000000114e+02 7.000000000000000000e+00
8.102000000000000455e+02 1.841999999999999886e+02 7.000000000000000000e+00
8.110000000000000000e+02 1.848000000000000114e+02 7.000000000000000000e+00
8.120000000000000000e+02 1.851999999999999886e+02 7.000000000000000000e+00
8.130000000000000000e+02 1.858000000000000114e+02 7.000000000000000000e+00
8.140000000000000000e+02 1.861999999999999886e+02 7.000000000000000000e+00
8.150000000000000000e+02 1.868000000000000114e+02 7.000000000000000000e+00
8.160000000000000000e+02 1.871999999999999886e+02 7.000000000000000000e+00
8.170000000000000000e+02 1.875999999999999943e+02 7.000000000000000000e+00
8.177999999999999545e+02 1.880000000000000000e+02 7.000000000000000000e+00
8.186000000000000227e+02 1.884000000000000057e+02 7.000000000000000000e+00
8.193999999999999773e+02 1.885999999999999943e+02 7.000000000000000000e+00
8.202000000000000455e+02 1.888000000000000114e+02 7.000000000000000000e+00
8.207999999999999545e+02 1.891999999999999886e+02 7.000000000000000000e+00
8.216000000000000227e+02 1.894000000000000057e+02 7.000000000000000000e+00
8.223999999999999773e+02 1.895999999999999943e+02 7.000000000000000000e+00
8.232000000000000455e+02 1.898000000000000114e+02 7.000000000000000000e+00
8.240000000000000000e+02 1.900000000000000000e+02 7.000000000000000000e+00
8.247999999999999545e+02 1.901999999999999886e+02 7.000000000000000000e+00
8.256000000000000227e+02 1.904000000000000057e+02 7.000000000000000000e+00
8.263999999999999773e+02 1.905999999999999943e+02 7.000000000000000000e+00
8.272000000000000455e+02 1.908000000000000114e+02 7.000000000000000000e+00
8.280000000000000000e+02 1.910000000000000000e+02 7.000000000000000000e+00
8.287999999999999545e+02 1.911999999999999886e+02 7.000000000000000000e+00
8.296000000000000227e+02 1.914000000000000057e+02 7.000000000000000000e+00
8.300000000000000000e+02 1.915000000000000000e+02 7.000000000000000000e+00
