6.210000000000000000e+02 5.300000000000000000e+01 7.000000000000000000e+00
6.207999999999999545e+02 5.360000000000000142e+01 7.000000000000000000e+00
6.203999999999999773e+02 5.439999999999999858e+01 7.000000000000000000e+00
6.200000000000000000e+02 5.520000000000000284e+01 7.000000000000000000e+00
6.196000000000000227e+02 5.600000000000000000e+01 7.000000000000000000e+00
6.192000000000000455e+02 5.700000000000000000e+01 7.000000000000000000e+00
6.187999999999999545e+02 5.800000000000000000e+01 7.000000000000000000e+00
6.182000000000000455e+02 5.900000000000000000e+01 7.000000000000000000e+00
6.177999999999999545e+02 6.000000000000000000e+01 7.000000000000000000e+00
6.172000000000000455e+02 6.100000000000000000e+01 7.000000000000000000e+00
6.167999999999999545e+02 6.200000000000000000e+01 7.000000000000000000e+00
6.162000000000000455e+02 6.279999999999999716e+01 7.000000000000000000e+00
6.157999999999999545e+02 6.360000000000000142e+01 7.000000000000000000e+00
6.152000000000000455e+02 6.420000000000000284e+01 7.000000000000000000e+00
6.147999999999999545e+02 6.479999999999999716e+01 7.000000000000000000e+00
6.142000000000000455e+02 6.520000000000000284e+01 7.000000000000000000e+00
6.137999999999999545e+02 6.579999999999999716e+01 7.000000000000000000e+00
6.132000000000000455e+02 6.620000000000000284e+01 7.000000000000000000e+00
6.126000000000000227e+02 6.659999999999999432e+01 7.000000000000000000e+00
6.117999999999999545e+02 6.679999999999999716e+01 7.000000000000000000e+00
6.110000000000000000e+02 6.700000000000000000e+01 7.000000000000000000e+00
6.100000000000000000e+02 6.700000000000000000e+01 7.000000000000000000e+00
6.090000000000000000e+02 6.679999999999999716e+01 7.000000000000000000e+00
6.080000000000000000e+02 6.659999999999999432e+01 7.000000000000000000e+00
6.072000000000000455e+02 6.620000000000000284e+01 7.000000000000000000e+00
6.063999999999999773e+02 6.579999999999999716e+01 7.000000000000000000e+00
6.057999999999999545e+02 6.520000000000000284e+01 7.000000000000000000e+00
6.052000000000000455e+02 6.479999999999999716e+01 7.000000000000000000e+00
6.047999999999999545e+02 6.420000000000000284e+01 7.000000000000000000e+00
6.042000000000000455e+02 6.360000000000000142e+01 7.000000000000000000e+00
6.037999999999999545e+02 6.279999999999999716e+01 7.000000000000000000e+00
6.032000000000000455e+02 6.220000000000000284e+01 7.000000000000000000e+00
6.027999999999999545e+02 6.139999999999999858e+01 7.000000000000000000e+00
6.022000000000000455e+02 6.079999999999999716e+01 7.000000000000000000e+00
6.020000000000000000e+02 6.050000000000000000e+01 7.000000000000000000e+00
