6.762000000000000455e+02 1.199999999999999956e+00 7.000000000000000000e+00
6.760000000000000000e+02 1.800000000000000044e+00 7.000000000000000000e+00
6.756000000000000227e+02 2.600000000000000089e+00 7.000000000000000000e+00
6.753999999999999773e+02 3.399999999999999911e+00 7.000000000000000000e+00
6.752000000000000455e+02 4.200000000000000178e+00 7.000000000000000000e+00
6.750000000000000000e+02 5.000000000000000000e+00 7.000000000000000000e+00
6.747999999999999545e+02 5.799999999999999822e+00 7.000000000000000000e+00
6.746000000000000227e+02 6.599999999999999645e+00 7.000000000000000000e+00
6.743999999999999773e+02 7.400000000000000355e+00 7.000000000000000000e+00
6.742000000000000455e+02 8.199999999999999289e+00 7.000000000000000000e+00
6.740000000000000000e+02 9.000000000000000000e+00 7.000000000000000000e+00
6.737999999999999545e+02 9.800000000000000711e+00 7.000000000000000000e+00
6.736000000000000227e+02 1.059999999999999964e+01 7.000000000000000000e+00
6.733999999999999773e+02 1.140000000000000036e+01 7.000000000000000000e+00
6.732000000000000455e+02 1.219999999999999929e+01 7.000000000000000000e+00
6.730000000000000000e+02 1.300000000000000000e+01 7.000000000000000000e+00
6.730000000000000000e+02 1.400000000000000000e+01 7.000000000000000000e+00
6.727999999999999545e+02 1.500000000000000000e+01 7.000000000000000000e+00
6.726000000000000227e+02 1.600000000000000000e+01 7.000000000000000000e+00
6.723999999999999773e+02 1.700000000000000000e+01 7.000000000000000000e+00
6.722000000000000455e+02 1.800000000000000000e+01 7.000000000000000000e+00
6.720000000000000000e+02 1.900000000000000000e+01 7.000000000000000000e+00
6.720000000000000000e+02 2.000000000000000000e+01 7.000000000000000000e+00
6.720000000000000000e+02 2.100000000000000000e+01 7.000000000000000000e+00
6.720000000000000000e+02 2.200000000000000000e+01 7.000000000000000000e+00
6.720000000000000000e+02 2.300000000000000000e+01 7.000000000000000000e+00
6.720000000000000000e+02 2.400000000000000000e+01 7.000000000000000000e+00
6.720000000000000000e+02 2.500000000000000000e+01 7.000000000000000000e+00
6.720000000000000000e+02 2.600000000000000000e+01 7.000000000000000000e+00
6.720000000000000000e+02 2.700000000000000000e+01 7.000000000000000000e+00
6.720000000000000000e+02 2.800000000000000000e+01 7.000000000000000000e+00
6.720000000000000000e+02 2.900000000000000000e+01 7.000000000000000000e+00
6.720000000000000000e+02 3.000000000000000000e+01 7.000000000000000000e+00
6.717999999999999545e+02 3.080000000000000071e+01 7.000000000000000000e+00
6.716000000000000227e+02 3.160000000000000142e+01 7.000000000000000000e+00
6.713999999999999773e+02 3.239999999999999858e+01 7.000000000000000000e+00
6.712000000000000455e+02 3.320000000000000284e+01 7.000000000000000000e+00
6.712000000000000455e+02 3.379999999999999716e+01 7.000000000000000000e+00
6.713999999999999773e+02 3.460000000000000142e+01 8.000000000000000000e+00
6.716000000000000227e+02 3.539999999999999858e+01 8.000000000000000000e+00
6.717500000000000000e+02 3.575000000000000000e+01 8.000000000000000000e+00
