1.211599999999999909e+03 1.552400000000000091e+03 1.600000000000000000e+01
1.212000000000000000e+03 1.553200000000000045e+03 1.600000000000000000e+01
1.212400000000000091e+03 1.554000000000000000e+03 1.600000000000000000e+01
1.212799999999999955e+03 1.555000000000000000e+03 1.600000000000000000e+01
1.213200000000000045e+03 1.556000000000000000e+03 1.600000000000000000e+01
1.213599999999999909e+03 1.557000000000000000e+03 1.600000000000000000e+01
1.214000000000000000e+03 1.558000000000000000e+03 1.600000000000000000e+01
1.214400000000000091e+03 1.559000000000000000e+03 1.600000000000000000e+01
1.214599999999999909e+03 1.560000000000000000e+03 1.600000000000000000e+01
1.214799999999999955e+03 1.561000000000000000e+03 1.600000000000000000e+01
1.215200000000000045e+03 1.561799999999999955e+03 1.600000000000000000e+01
1.215400000000000091e+03 1.562599999999999909e+03 1.700000000000000000e+01
1.215599999999999909e+03 1.563400000000000091e+03 1.700000000000000000e+01
1.215799999999999955e+03 1.564200000000000045e+03 1.700000000000000000e+01
1.216000000000000000e+03 1.565000000000000000e+03 1.700000000000000000e+01
1.216200000000000045e+03 1.565799999999999955e+03 1.700000000000000000e+01
1.216400000000000091e+03 1.566599999999999909e+03 1.700000000000000000e+01
1.216599999999999909e+03 1.567400000000000091e+03 1.700000000000000000e+01
1.216799999999999955e+03 1.568200000000000045e+03 1.700000000000000000e+01
1.217000000000000000e+03 1.569000000000000000e+03 1.700000000000000000e+01
1.217000000000000000e+03 1.570000000000000000e+03 1.700000000000000000e+01
1.217000000000000000e+03 1.571000000000000000e+03 1.700000000000000000e+01
1.217000000000000000e+03 1.572000000000000000e+03 1.700000000000000000e+01
1.217000000000000000e+03 1.573000000000000000e+03 1.700000000000000000e+01
1.217000000000000000e+03 1.574000000000000000e+03 1.700000000000000000e+01
1.217000000000000000e+03 1.575000000000000000e+03 1.700000000000000000e+01
1.217000000000000000e+03 1.576000000000000000e+03 1.700000000000000000e+01
1.217000000000000000e+03 1.577000000000000000e+03 1.700000000000000000e+01
1.217000000000000000e+03 1.578000000000000000e+03 1.700000000000000000e+01
1.217000000000000000e+03 1.579000000000000000e+03 1.700000000000000000e+01
1.217000000000000000e+03 1.580000000000000000e+03 1.700000000000000000e+01
1.217000000000000000e+03 1.580799999999999955e+03 1.600000000000000000e+01
1.217000000000000000e+03 1.581599999999999909e+03 1.700000000000000000e+01
1.217000000000000000e+03 1.582400000000000091e+03 1.600000000000000000e+01
1.217000000000000000e+03 1.583200000000000045e+03 1.600000000000000000e+01
1.217000000000000000e+03 1.584000000000000000e+03 1.600000000000000000e+01
1.217000000000000000e+03 1.585000000000000000e+03 1.600000000000000000e+01
1.217000000000000000e+03 1.586000000000000000e+03 1.600000000000000000e+01
1.216799999999999955e+03 1.586799999999999955e+03 1.600000000000000000e+01
1.216599999999999909e+03 1.587599999999999909e+03 1.600000000000000000e+01
1.216400000000000091e+03 1.588400000000000091e+03 1.600000000000000000e+01
1.216200000000000045e+03 1.589200000000000045e+03 1.600000000000000000e+01
1.216000000000000000e+03 1.590000000000000000e+03 1.600000000000000000e+01
1.216000000000000000e+03 1.591000000000000000e+03 1.600000000000000000e+01
1.216000000000000000e+03 1.592000000000000000e+03 1.600000000000000000e+01
1.216000000000000000e+03 1.593000000000000000e+03 1.600000000000000000e+01
1.216000000000000000e+03 1.594000000000000000e+03 1.600000000000000000e+01
1.216000000000000000e+03 1.595000000000000000e+03 1.600000000000000000e+01
1.216000000000000000e+03 1.596000000000000000e+03 1.600000000000000000e+01
1.216000000000000000e+03 1.597000000000000000e+03 1.600000000000000000e+01
1.216000000000000000e+03 1.598000000000000000e+03 1.600000000000000000e+01
1.216000000000000000e+03 1.599000000000000000e+03 1.600000000000000000e+01
1.216000000000000000e+03 1.600000000000000000e+03 1.600000000000000000e+01
1.216000000000000000e+03 1.601000000000000000e+03 1.600000000000000000e+01
1.216000000000000000e+03 1.602000000000000000e+03 1.600000000000000000e+01
1.216000000000000000e+03 1.603000000000000000e+03 1.600000000000000000e+01
1.216000000000000000e+03 1.604000000000000000e+03 1.600000000000000000e+01
1.216000000000000000e+03 1.605000000000000000e+03 1.600000000000000000e+01
1.216000000000000000e+03 1.605500000000000000e+03 1.600000000000000000e+01
