6.526000000000000227e+02 1.145999999999999943e+02 1.800000000000000000e+01
6.533999999999999773e+02 1.144000000000000057e+02 1.800000000000000000e+01
6.540000000000000000e+02 1.142000000000000028e+02 1.900000000000000000e+01
6.546000000000000227e+02 1.140000000000000000e+02 1.800000000000000000e+01
6.552000000000000455e+02 1.137999999999999972e+02 1.900000000000000000e+01
6.557999999999999545e+02 1.135999999999999943e+02 1.900000000000000000e+01
6.563999999999999773e+02 1.134000000000000057e+02 1.900000000000000000e+01
6.570000000000000000e+02 1.130000000000000000e+02 1.900000000000000000e+01
6.576000000000000227e+02 1.125999999999999943e+02 1.900000000000000000e+01
6.583999999999999773e+02 1.122000000000000028e+02 1.900000000000000000e+01
6.592000000000000455e+02 1.117999999999999972e+02 1.900000000000000000e+01
6.597999999999999545e+02 1.112000000000000028e+02 1.900000000000000000e+01
6.606000000000000227e+02 1.107999999999999972e+02 1.900000000000000000e+01
6.612000000000000455e+02 1.104000000000000057e+02 2.000000000000000000e+01
6.616000000000000227e+02 1.100000000000000000e+02 1.900000000000000000e+01
6.620000000000000000e+02 1.095999999999999943e+02 2.000000000000000000e+01
6.626000000000000227e+02 1.094000000000000057e+02 2.000000000000000000e+01
6.630000000000000000e+02 1.090000000000000000e+02 2.000000000000000000e+01
6.636000000000000227e+02 1.085999999999999943e+02 2.000000000000000000e+01
6.642000000000000455e+02 1.082000000000000028e+02 2.000000000000000000e+01
6.647999999999999545e+02 1.077999999999999972e+02 2.000000000000000000e+01
6.653999999999999773e+02 1.074000000000000057e+02 2.000000000000000000e+01
6.660000000000000000e+02 1.070000000000000000e+02 2.000000000000000000e+01
6.666000000000000227e+02 1.065999999999999943e+02 1.900000000000000000e+01
6.673999999999999773e+02 1.064000000000000057e+02 1.900000000000000000e+01
6.682000000000000455e+02 1.062000000000000028e+02 1.900000000000000000e+01
6.690000000000000000e+02 1.060000000000000000e+02 1.900000000000000000e+01
6.700000000000000000e+02 1.060000000000000000e+02 1.900000000000000000e+01
6.710000000000000000e+02 1.060000000000000000e+02 1.900000000000000000e+01
6.720000000000000000e+02 1.057999999999999972e+02 1.900000000000000000e+01
6.730000000000000000e+02 1.055999999999999943e+02 1.900000000000000000e+01
6.740000000000000000e+02 1.054000000000000057e+02 1.900000000000000000e+01
6.750000000000000000e+02 1.052000000000000028e+02 1.900000000000000000e+01
6.760000000000000000e+02 1.047999999999999972e+02 1.900000000000000000e+01
6.770000000000000000e+02 1.045999999999999943e+02 1.900000000000000000e+01
6.780000000000000000e+02 1.044000000000000057e+02 1.900000000000000000e+01
6.790000000000000000e+02 1.040000000000000000e+02 1.900000000000000000e+01
6.800000000000000000e+02 1.035999999999999943e+02 1.900000000000000000e+01
6.810000000000000000e+02 1.032000000000000028e+02 1.900000000000000000e+01
6.820000000000000000e+02 1.027999999999999972e+02 1.900000000000000000e+01
6.827999999999999545e+02 1.022000000000000028e+02 1.900000000000000000e+01
6.836000000000000227e+02 1.017999999999999972e+02 1.900000000000000000e+01
6.843999999999999773e+02 1.014000000000000057e+02 1.900000000000000000e+01
6.850000000000000000e+02 1.010000000000000000e+02 1.900000000000000000e+01
6.856000000000000227e+02 1.005999999999999943e+02 1.900000000000000000e+01
6.863999999999999773e+02 1.002000000000000028e+02 1.900000000000000000e+01
6.872000000000000455e+02 9.979999999999999716e+01 1.900000000000000000e+01
6.877999999999999545e+02 9.920000000000000284e+01 1.900000000000000000e+01
6.886000000000000227e+02 9.879999999999999716e+01 1.900000000000000000e+01
6.893999999999999773e+02 9.840000000000000568e+01 1.900000000000000000e+01
6.900000000000000000e+02 9.800000000000000000e+01 1.900000000000000000e+01
6.906000000000000227e+02 9.759999999999999432e+01 1.900000000000000000e+01
6.913999999999999773e+02 9.720000000000000284e+01 1.800000000000000000e+01
6.922000000000000455e+02 9.679999999999999716e+01 1.800000000000000000e+01
6.930000000000000000e+02 9.640000000000000568e+01 1.800000000000000000e+01
6.937999999999999545e+02 9.600000000000000000e+01 1.800000000000000000e+01
6.946000000000000227e+02 9.559999999999999432e+01 1.800000000000000000e+01
6.953999999999999773e+02 9.540000000000000568e+01 1.800000000000000000e+01
6.960000000000000000e+02 9.500000000000000000e+01 1.800000000000000000e+01
6.966000000000000227e+02 9.459999999999999432e+01 1.800000000000000000e+01
6.973999999999999773e+02 9.440000000000000568e+01 1.800000000000000000e+01
6.980000000000000000e+02 9.400000000000000000e+01 1.800000000000000000e+01
6.986000000000000227e+02 9.359999999999999432e+01 1.800000000000000000e+01
6.993999999999999773e+02 9.340000000000000568e+01 1.800000000000000000e+01
7.002000000000000455e+02 9.300000000000000000e+01 1.800000000000000000e+01
7.010000000000000000e+02 9.259999999999999432e+01 1.800000000000000000e+01
7.020000000000000000e+02 9.240000000000000568e+01 1.800000000000000000e+01
7.027999999999999545e+02 9.200000000000000000e+01 1.800000000000000000e+01
7.036000000000000227e+02 9.159999999999999432e+01 1.800000000000000000e+01
7.043999999999999773e+02 9.140000000000000568e+01 1.800000000000000000e+01
7.050000000000000000e+02 9.100000000000000000e+01 1.800000000000000000e+01
7.056000000000000227e+02 9.059999999999999432e+01 1.800000000000000000e+01
7.063999999999999773e+02 9.040000000000000568e+01 1.800000000000000000e+01
7.072000000000000455e+02 9.000000000000000000e+01 1.800000000000000000e+01
7.080000000000000000e+02 8.959999999999999432e+01 1.800000000000000000e+01
7.090000000000000000e+02 8.940000000000000568e+01 1.800000000000000000e+01
7.100000000000000000e+02 8.900000000000000000e+01 1.800000000000000000e+01
7.110000000000000000e+02 8.859999999999999432e+01 1.800000000000000000e+01
7.120000000000000000e+02 8.840000000000000568e+01 1.800000000000000000e+01
7.130000000000000000e+02 8.820000000000000284e+01 1.800000000000000000e+01
7.140000000000000000e+02 8.800000000000000000e+01 1.800000000000000000e+01
7.150000000000000000e+02 8.800000000000000000e+01 1.800000000000000000e+01
7.160000000000000000e+02 8.800000000000000000e+01 1.800000000000000000e+01
7.170000000000000000e+02 8.800000000000000000e+01 1.800000000000000000e+01
7.180000000000000000e+02 8.800000000000000000e+01 1.800000000000000000e+01
7.190000000000000000e+02 8.800000000000000000e+01 1.800000000000000000e+01
7.195000000000000000e+02 8.800000000000000000e+01 1.800000000000000000e+01
