4.636000000000000227e+02 1.300599999999999909e+03 1.600000000000000000e+01
4.633999999999999773e+02 1.301400000000000091e+03 1.600000000000000000e+01
4.630000000000000000e+02 1.302200000000000045e+03 1.600000000000000000e+01
4.626000000000000227e+02 1.303000000000000000e+03 1.600000000000000000e+01
4.621999999999999886e+02 1.304000000000000000e+03 1.600000000000000000e+01
4.618000000000000114e+02 1.305000000000000000e+03 1.600000000000000000e+01
4.611999999999999886e+02 1.305799999999999955e+03 1.600000000000000000e+01
4.608000000000000114e+02 1.306599999999999909e+03 1.600000000000000000e+01
4.601999999999999886e+02 1.307200000000000045e+03 1.600000000000000000e+01
4.598000000000000114e+02 1.307799999999999955e+03 1.600000000000000000e+01
4.591999999999999886e+02 1.308400000000000091e+03 1.600000000000000000e+01
4.586000000000000227e+02 1.309200000000000045e+03 1.600000000000000000e+01
4.578000000000000114e+02 1.310000000000000000e+03 1.600000000000000000e+01
4.570000000000000000e+02 1.311000000000000000e+03 1.600000000000000000e+01
4.560000000000000000e+02 1.312000000000000000e+03 1.600000000000000000e+01
4.550000000000000000e+02 1.313000000000000000e+03 1.500000000000000000e+01
4.541999999999999886e+02 1.313799999999999955e+03 1.500000000000000000e+01
4.533999999999999773e+02 1.314400000000000091e+03 1.400000000000000000e+01
4.528000000000000114e+02 1.315000000000000000e+03 1.400000000000000000e+01
4.521999999999999886e+02 1.315400000000000091e+03 1.400000000000000000e+01
4.520000000000000000e+02 1.315599999999999909e+03 1.300000000000000000e+01
4.517500000000000000e+02 1.315750000000000000e+03 1.300000000000000000e+01
