9.442000000000000455e+02 8.567999999999999545e+02 1.700000000000000000e+01
9.443999999999999773e+02 8.573999999999999773e+02 1.700000000000000000e+01
9.447999999999999545e+02 8.577999999999999545e+02 1.800000000000000000e+01
9.453999999999999773e+02 8.580000000000000000e+02 1.800000000000000000e+01
9.462000000000000455e+02 8.580000000000000000e+02 1.800000000000000000e+01
9.467999999999999545e+02 8.577999999999999545e+02 1.800000000000000000e+01
9.476000000000000227e+02 8.576000000000000227e+02 1.800000000000000000e+01
9.483999999999999773e+02 8.572000000000000455e+02 1.800000000000000000e+01
9.490000000000000000e+02 8.566000000000000227e+02 1.800000000000000000e+01
9.496000000000000227e+02 8.560000000000000000e+02 1.800000000000000000e+01
9.503999999999999773e+02 8.553999999999999773e+02 1.800000000000000000e+01
9.510000000000000000e+02 8.546000000000000227e+02 1.800000000000000000e+01
9.516000000000000227e+02 8.540000000000000000e+02 1.800000000000000000e+01
9.520000000000000000e+02 8.537500000000000000e+02 1.800000000000000000e+01
