1.033000000000000000e+03 1.634000000000000000e+03 7.000000000000000000e+00
1.032799999999999955e+03 1.634599999999999909e+03 7.000000000000000000e+00
1.032400000000000091e+03 1.635400000000000091e+03 7.000000000000000000e+00
1.032000000000000000e+03 1.636000000000000000e+03 7.000000000000000000e+00
1.031599999999999909e+03 1.636599999999999909e+03 8.000000000000000000e+00
1.031400000000000091e+03 1.637400000000000091e+03 8.000000000000000000e+00
1.031000000000000000e+03 1.638000000000000000e+03 8.000000000000000000e+00
1.030599999999999909e+03 1.638599999999999909e+03 8.000000000000000000e+00
1.030400000000000091e+03 1.639400000000000091e+03 8.000000000000000000e+00
1.030200000000000045e+03 1.640200000000000045e+03 8.000000000000000000e+00
1.030000000000000000e+03 1.641000000000000000e+03 8.000000000000000000e+00
1.030000000000000000e+03 1.642000000000000000e+03 9.000000000000000000e+00
1.030000000000000000e+03 1.643000000000000000e+03 9.000000000000000000e+00
1.029799999999999955e+03 1.643799999999999955e+03 9.000000000000000000e+00
1.029599999999999909e+03 1.644599999999999909e+03 9.000000000000000000e+00
1.029400000000000091e+03 1.645400000000000091e+03 9.000000000000000000e+00
1.029200000000000045e+03 1.646200000000000045e+03 9.000000000000000000e+00
1.029000000000000000e+03 1.647000000000000000e+03 9.000000000000000000e+00
1.029000000000000000e+03 1.648000000000000000e+03 9.000000000000000000e+00
1.029000000000000000e+03 1.649000000000000000e+03 9.000000000000000000e+00
1.029000000000000000e+03 1.650000000000000000e+03 9.000000000000000000e+00
1.029000000000000000e+03 1.651000000000000000e+03 9.000000000000000000e+00
1.029000000000000000e+03 1.652000000000000000e+03 9.000000000000000000e+00
1.029000000000000000e+03 1.652799999999999955e+03 9.000000000000000000e+00
1.029000000000000000e+03 1.653599999999999909e+03 1.000000000000000000e+01
1.029000000000000000e+03 1.654400000000000091e+03 1.000000000000000000e+01
1.029000000000000000e+03 1.655200000000000045e+03 1.000000000000000000e+01
1.029000000000000000e+03 1.656000000000000000e+03 1.000000000000000000e+01
1.029000000000000000e+03 1.657000000000000000e+03 1.000000000000000000e+01
1.029000000000000000e+03 1.658000000000000000e+03 1.000000000000000000e+01
1.029000000000000000e+03 1.659000000000000000e+03 1.000000000000000000e+01
1.029000000000000000e+03 1.660000000000000000e+03 1.000000000000000000e+01
1.029000000000000000e+03 1.661000000000000000e+03 1.000000000000000000e+01
1.029000000000000000e+03 1.662000000000000000e+03 1.000000000000000000e+01
1.029200000000000045e+03 1.663000000000000000e+03 1.000000000000000000e+01
1.029400000000000091e+03 1.664000000000000000e+03 1.000000000000000000e+01
1.029599999999999909e+03 1.665000000000000000e+03 1.000000000000000000e+01
1.029799999999999955e+03 1.666000000000000000e+03 1.100000000000000000e+01
1.030000000000000000e+03 1.667000000000000000e+03 1.100000000000000000e+01
1.030000000000000000e+03 1.668000000000000000e+03 1.100000000000000000e+01
1.030000000000000000e+03 1.669000000000000000e+03 1.100000000000000000e+01
1.030000000000000000e+03 1.670000000000000000e+03 1.100000000000000000e+01
1.030000000000000000e+03 1.671000000000000000e+03 1.100000000000000000e+01
1.030000000000000000e+03 1.671500000000000000e+03 1.100000000000000000e+01
