1.089000000000000000e+03 8.430000000000000000e+02 9.000000000000000000e+00
1.089400000000000091e+03 8.423999999999999773e+02 9.000000000000000000e+00
1.089799999999999955e+03 8.417999999999999545e+02 9.000000000000000000e+00
1.090200000000000045e+03 8.412000000000000455e+02 9.000000000000000000e+00
1.090799999999999955e+03 8.407999999999999545e+02 9.000000000000000000e+00
1.091400000000000091e+03 8.403999999999999773e+02 9.000000000000000000e+00
1.092000000000000000e+03 8.400000000000000000e+02 9.000000000000000000e+00
1.092599999999999909e+03 8.396000000000000227e+02 9.000000000000000000e+00
1.093400000000000091e+03 8.393999999999999773e+02 9.000000000000000000e+00
1.094200000000000045e+03 8.392000000000000455e+02 9.000000000000000000e+00
1.095000000000000000e+03 8.392000000000000455e+02 9.000000000000000000e+00
1.096000000000000000e+03 8.393999999999999773e+02 9.000000000000000000e+00
1.097000000000000000e+03 8.396000000000000227e+02 9.000000000000000000e+00
1.098000000000000000e+03 8.397999999999999545e+02 9.000000000000000000e+00
1.098500000000000000e+03 8.400000000000000000e+02 9.000000000000000000e+00
