9.600000000000000000e+01 3.520000000000000000e+02 5.000000000000000000e+00
9.600000000000000000e+01 3.530000000000000000e+02 5.000000000000000000e+00
9.600000000000000000e+01 3.540000000000000000e+02 5.000000000000000000e+00
9.600000000000000000e+01 3.550000000000000000e+02 5.000000000000000000e+00
9.600000000000000000e+01 3.560000000000000000e+02 5.000000000000000000e+00
9.600000000000000000e+01 3.570000000000000000e+02 5.000000000000000000e+00
9.579999999999999716e+01 3.578000000000000114e+02 5.000000000000000000e+00
9.559999999999999432e+01 3.586000000000000227e+02 5.000000000000000000e+00
9.540000000000000568e+01 3.593999999999999773e+02 5.000000000000000000e+00
9.520000000000000284e+01 3.601999999999999886e+02 5.000000000000000000e+00
9.500000000000000000e+01 3.610000000000000000e+02 5.000000000000000000e+00
9.500000000000000000e+01 3.620000000000000000e+02 5.000000000000000000e+00
9.500000000000000000e+01 3.630000000000000000e+02 5.000000000000000000e+00
9.500000000000000000e+01 3.640000000000000000e+02 5.000000000000000000e+00
9.479999999999999716e+01 3.648000000000000114e+02 5.000000000000000000e+00
9.459999999999999432e+01 3.656000000000000227e+02 5.000000000000000000e+00
9.440000000000000568e+01 3.663999999999999773e+02 5.000000000000000000e+00
9.420000000000000284e+01 3.671999999999999886e+02 5.000000000000000000e+00
9.400000000000000000e+01 3.680000000000000000e+02 5.000000000000000000e+00
9.400000000000000000e+01 3.685000000000000000e+02 5.000000000000000000e+00
