1.168000000000000000e+03 1.713000000000000000e+03 1.300000000000000000e+01
1.168000000000000000e+03 1.713599999999999909e+03 1.200000000000000000e+01
1.168200000000000045e+03 1.714200000000000045e+03 1.200000000000000000e+01
1.168400000000000091e+03 1.714799999999999955e+03 1.200000000000000000e+01
1.168599999999999909e+03 1.715400000000000091e+03 1.100000000000000000e+01
1.168799999999999955e+03 1.716200000000000045e+03 1.100000000000000000e+01
1.169000000000000000e+03 1.716799999999999955e+03 1.100000000000000000e+01
1.169000000000000000e+03 1.717599999999999909e+03 1.000000000000000000e+01
1.169200000000000045e+03 1.718200000000000045e+03 1.000000000000000000e+01
1.169400000000000091e+03 1.718799999999999955e+03 1.000000000000000000e+01
1.169599999999999909e+03 1.719400000000000091e+03 1.000000000000000000e+01
1.169799999999999955e+03 1.720200000000000045e+03 1.000000000000000000e+01
1.170200000000000045e+03 1.720799999999999955e+03 9.000000000000000000e+00
1.170400000000000091e+03 1.721599999999999909e+03 9.000000000000000000e+00
1.170599999999999909e+03 1.722400000000000091e+03 9.000000000000000000e+00
1.171000000000000000e+03 1.723000000000000000e+03 9.000000000000000000e+00
1.171400000000000091e+03 1.723599999999999909e+03 9.000000000000000000e+00
1.171599999999999909e+03 1.724400000000000091e+03 9.000000000000000000e+00
1.172000000000000000e+03 1.725000000000000000e+03 9.000000000000000000e+00
1.172400000000000091e+03 1.725599999999999909e+03 9.000000000000000000e+00
1.172599999999999909e+03 1.726400000000000091e+03 9.000000000000000000e+00
1.173000000000000000e+03 1.727000000000000000e+03 9.000000000000000000e+00
1.173400000000000091e+03 1.727599999999999909e+03 9.000000000000000000e+00
1.173599999999999909e+03 1.728400000000000091e+03 9.000000000000000000e+00
1.174000000000000000e+03 1.729000000000000000e+03 9.000000000000000000e+00
1.174400000000000091e+03 1.729599999999999909e+03 9.000000000000000000e+00
1.174799999999999955e+03 1.730200000000000045e+03 9.000000000000000000e+00
1.175200000000000045e+03 1.730799999999999955e+03 9.000000000000000000e+00
1.175599999999999909e+03 1.731400000000000091e+03 9.000000000000000000e+00
1.176000000000000000e+03 1.732000000000000000e+03 9.000000000000000000e+00
1.176400000000000091e+03 1.732599999999999909e+03 9.000000000000000000e+00
1.176799999999999955e+03 1.733400000000000091e+03 9.000000000000000000e+00
1.177000000000000000e+03 1.733750000000000000e+03 9.000000000000000000e+00
