5.763999999999999773e+02 1.551599999999999909e+03 1.400000000000000000e+01
5.766000000000000227e+02 1.552400000000000091e+03 1.400000000000000000e+01
5.767999999999999545e+02 1.553200000000000045e+03 1.400000000000000000e+01
5.770000000000000000e+02 1.554000000000000000e+03 1.400000000000000000e+01
5.770000000000000000e+02 1.555000000000000000e+03 1.400000000000000000e+01
5.770000000000000000e+02 1.556000000000000000e+03 1.400000000000000000e+01
5.770000000000000000e+02 1.557000000000000000e+03 1.400000000000000000e+01
5.770000000000000000e+02 1.558000000000000000e+03 1.400000000000000000e+01
5.770000000000000000e+02 1.559000000000000000e+03 1.400000000000000000e+01
5.770000000000000000e+02 1.560000000000000000e+03 1.400000000000000000e+01
5.770000000000000000e+02 1.560500000000000000e+03 1.400000000000000000e+01
