8.583999999999999773e+02 1.361799999999999955e+03 1.800000000000000000e+01
8.586000000000000227e+02 1.362400000000000091e+03 1.800000000000000000e+01
8.590000000000000000e+02 1.363000000000000000e+03 1.800000000000000000e+01
8.593999999999999773e+02 1.363599999999999909e+03 1.800000000000000000e+01
8.597999999999999545e+02 1.364200000000000045e+03 1.800000000000000000e+01
8.602000000000000455e+02 1.364799999999999955e+03 1.800000000000000000e+01
8.607999999999999545e+02 1.365200000000000045e+03 1.800000000000000000e+01
8.612000000000000455e+02 1.365799999999999955e+03 1.800000000000000000e+01
8.617999999999999545e+02 1.366200000000000045e+03 1.700000000000000000e+01
8.622000000000000455e+02 1.366799999999999955e+03 1.700000000000000000e+01
8.627999999999999545e+02 1.367200000000000045e+03 1.700000000000000000e+01
8.632000000000000455e+02 1.367799999999999955e+03 1.700000000000000000e+01
8.637999999999999545e+02 1.368200000000000045e+03 1.700000000000000000e+01
8.643999999999999773e+02 1.368799999999999955e+03 1.700000000000000000e+01
8.652000000000000455e+02 1.369400000000000091e+03 1.700000000000000000e+01
8.660000000000000000e+02 1.370000000000000000e+03 1.700000000000000000e+01
8.667999999999999545e+02 1.370599999999999909e+03 1.700000000000000000e+01
8.676000000000000227e+02 1.371200000000000045e+03 1.700000000000000000e+01
8.682000000000000455e+02 1.371799999999999955e+03 1.700000000000000000e+01
8.687999999999999545e+02 1.372200000000000045e+03 1.700000000000000000e+01
8.692000000000000455e+02 1.372799999999999955e+03 1.700000000000000000e+01
8.697999999999999545e+02 1.373200000000000045e+03 1.700000000000000000e+01
8.702000000000000455e+02 1.373799999999999955e+03 1.700000000000000000e+01
8.707999999999999545e+02 1.374400000000000091e+03 1.700000000000000000e+01
8.712000000000000455e+02 1.375200000000000045e+03 1.700000000000000000e+01
8.717999999999999545e+02 1.375799999999999955e+03 1.700000000000000000e+01
8.722000000000000455e+02 1.376599999999999909e+03 1.700000000000000000e+01
8.726000000000000227e+02 1.377400000000000091e+03 1.700000000000000000e+01
8.730000000000000000e+02 1.378000000000000000e+03 1.700000000000000000e+01
8.733999999999999773e+02 1.378599999999999909e+03 1.700000000000000000e+01
8.736000000000000227e+02 1.379400000000000091e+03 1.700000000000000000e+01
8.740000000000000000e+02 1.380000000000000000e+03 1.700000000000000000e+01
8.743999999999999773e+02 1.380599999999999909e+03 1.700000000000000000e+01
8.746000000000000227e+02 1.381400000000000091e+03 1.700000000000000000e+01
8.747999999999999545e+02 1.382200000000000045e+03 1.700000000000000000e+01
8.752000000000000455e+02 1.383000000000000000e+03 1.700000000000000000e+01
8.753999999999999773e+02 1.384000000000000000e+03 1.700000000000000000e+01
8.756000000000000227e+02 1.385000000000000000e+03 1.700000000000000000e+01
8.757999999999999545e+02 1.386000000000000000e+03 1.700000000000000000e+01
8.760000000000000000e+02 1.387000000000000000e+03 1.700000000000000000e+01
8.762000000000000455e+02 1.387799999999999955e+03 1.700000000000000000e+01
8.763999999999999773e+02 1.388599999999999909e+03 1.700000000000000000e+01
8.767999999999999545e+02 1.389200000000000045e+03 1.700000000000000000e+01
8.772000000000000455e+02 1.389799999999999955e+03 1.700000000000000000e+01
8.777999999999999545e+02 1.390200000000000045e+03 1.700000000000000000e+01
8.782000000000000455e+02 1.390799999999999955e+03 1.700000000000000000e+01
8.787999999999999545e+02 1.391400000000000091e+03 1.700000000000000000e+01
8.793999999999999773e+02 1.392200000000000045e+03 1.700000000000000000e+01
8.800000000000000000e+02 1.393000000000000000e+03 1.700000000000000000e+01
8.806000000000000227e+02 1.393799999999999955e+03 1.700000000000000000e+01
8.812000000000000455e+02 1.394599999999999909e+03 1.700000000000000000e+01
8.817999999999999545e+02 1.395200000000000045e+03 1.700000000000000000e+01
8.822000000000000455e+02 1.395799999999999955e+03 1.700000000000000000e+01
8.827999999999999545e+02 1.396200000000000045e+03 1.700000000000000000e+01
8.832000000000000455e+02 1.396799999999999955e+03 1.700000000000000000e+01
8.837999999999999545e+02 1.397200000000000045e+03 1.700000000000000000e+01
8.842000000000000455e+02 1.397799999999999955e+03 1.700000000000000000e+01
8.847999999999999545e+02 1.398200000000000045e+03 1.700000000000000000e+01
8.852000000000000455e+02 1.398799999999999955e+03 1.700000000000000000e+01
8.857999999999999545e+02 1.399200000000000045e+03 1.700000000000000000e+01
8.862000000000000455e+02 1.399799999999999955e+03 1.700000000000000000e+01
8.867999999999999545e+02 1.400200000000000045e+03 1.700000000000000000e+01
8.872000000000000455e+02 1.400799999999999955e+03 1.700000000000000000e+01
8.877999999999999545e+02 1.401200000000000045e+03 1.700000000000000000e+01
8.882000000000000455e+02 1.401799999999999955e+03 1.700000000000000000e+01
8.887999999999999545e+02 1.402200000000000045e+03 1.700000000000000000e+01
8.892000000000000455e+02 1.402799999999999955e+03 1.700000000000000000e+01
8.897999999999999545e+02 1.403200000000000045e+03 1.700000000000000000e+01
8.902000000000000455e+02 1.403799999999999955e+03 1.700000000000000000e+01
8.907999999999999545e+02 1.404200000000000045e+03 1.700000000000000000e+01
8.912000000000000455e+02 1.404799999999999955e+03 1.700000000000000000e+01
8.917999999999999545e+02 1.405200000000000045e+03 1.700000000000000000e+01
8.922000000000000455e+02 1.405799999999999955e+03 1.700000000000000000e+01
8.927999999999999545e+02 1.406200000000000045e+03 1.700000000000000000e+01
8.932000000000000455e+02 1.406799999999999955e+03 1.700000000000000000e+01
8.937999999999999545e+02 1.407200000000000045e+03 1.700000000000000000e+01
8.942000000000000455e+02 1.407799999999999955e+03 1.700000000000000000e+01
8.947999999999999545e+02 1.408200000000000045e+03 1.700000000000000000e+01
8.952000000000000455e+02 1.408799999999999955e+03 1.700000000000000000e+01
8.957999999999999545e+02 1.409400000000000091e+03 1.700000000000000000e+01
8.963999999999999773e+02 1.410200000000000045e+03 1.700000000000000000e+01
8.972000000000000455e+02 1.410799999999999955e+03 1.700000000000000000e+01
8.977999999999999545e+02 1.411599999999999909e+03 1.700000000000000000e+01
8.986000000000000227e+02 1.412200000000000045e+03 1.700000000000000000e+01
8.993999999999999773e+02 1.412799999999999955e+03 1.700000000000000000e+01
9.002000000000000455e+02 1.413200000000000045e+03 1.700000000000000000e+01
9.010000000000000000e+02 1.413799999999999955e+03 1.800000000000000000e+01
9.020000000000000000e+02 1.414200000000000045e+03 1.800000000000000000e+01
9.030000000000000000e+02 1.414599999999999909e+03 1.800000000000000000e+01
9.037999999999999545e+02 1.415000000000000000e+03 1.800000000000000000e+01
9.046000000000000227e+02 1.415400000000000091e+03 1.800000000000000000e+01
9.052000000000000455e+02 1.415599999999999909e+03 1.800000000000000000e+01
9.057999999999999545e+02 1.415799999999999955e+03 1.900000000000000000e+01
9.063999999999999773e+02 1.416200000000000045e+03 1.900000000000000000e+01
9.072000000000000455e+02 1.416400000000000091e+03 1.900000000000000000e+01
9.080000000000000000e+02 1.416599999999999909e+03 1.900000000000000000e+01
9.090000000000000000e+02 1.416799999999999955e+03 1.900000000000000000e+01
9.100000000000000000e+02 1.417000000000000000e+03 1.900000000000000000e+01
9.110000000000000000e+02 1.417000000000000000e+03 1.900000000000000000e+01
9.117999999999999545e+02 1.417200000000000045e+03 1.900000000000000000e+01
9.123999999999999773e+02 1.417400000000000091e+03 1.900000000000000000e+01
9.130000000000000000e+02 1.417599999999999909e+03 2.000000000000000000e+01
9.132500000000000000e+02 1.417750000000000000e+03 2.000000000000000000e+01
