9.196000000000000227e+02 1.418400000000000091e+03 2.000000000000000000e+01
9.203999999999999773e+02 1.418599999999999909e+03 2.000000000000000000e+01
9.210000000000000000e+02 1.419000000000000000e+03 2.000000000000000000e+01
9.216000000000000227e+02 1.419400000000000091e+03 2.000000000000000000e+01
9.223999999999999773e+02 1.419799999999999955e+03 2.000000000000000000e+01
9.230000000000000000e+02 1.420400000000000091e+03 2.000000000000000000e+01
9.236000000000000227e+02 1.421000000000000000e+03 1.900000000000000000e+01
9.242000000000000455e+02 1.421599999999999909e+03 1.900000000000000000e+01
9.247999999999999545e+02 1.422200000000000045e+03 1.900000000000000000e+01
9.252000000000000455e+02 1.422799999999999955e+03 1.900000000000000000e+01
9.256000000000000227e+02 1.423400000000000091e+03 1.900000000000000000e+01
9.260000000000000000e+02 1.424200000000000045e+03 1.900000000000000000e+01
9.263999999999999773e+02 1.425000000000000000e+03 1.900000000000000000e+01
9.266000000000000227e+02 1.426000000000000000e+03 1.900000000000000000e+01
9.270000000000000000e+02 1.426799999999999955e+03 1.900000000000000000e+01
9.273999999999999773e+02 1.427599999999999909e+03 1.900000000000000000e+01
9.276000000000000227e+02 1.428400000000000091e+03 1.900000000000000000e+01
9.277999999999999545e+02 1.429200000000000045e+03 1.900000000000000000e+01
9.282000000000000455e+02 1.429799999999999955e+03 1.900000000000000000e+01
9.283999999999999773e+02 1.430599999999999909e+03 1.900000000000000000e+01
9.286000000000000227e+02 1.431400000000000091e+03 1.900000000000000000e+01
9.287999999999999545e+02 1.432200000000000045e+03 1.900000000000000000e+01
9.292000000000000455e+02 1.432799999999999955e+03 1.900000000000000000e+01
9.293999999999999773e+02 1.433599999999999909e+03 1.900000000000000000e+01
9.296000000000000227e+02 1.434400000000000091e+03 1.900000000000000000e+01
9.297999999999999545e+02 1.435200000000000045e+03 1.900000000000000000e+01
9.300000000000000000e+02 1.436000000000000000e+03 1.900000000000000000e+01
9.302000000000000455e+02 1.437000000000000000e+03 1.900000000000000000e+01
9.303999999999999773e+02 1.438000000000000000e+03 1.900000000000000000e+01
9.306000000000000227e+02 1.439000000000000000e+03 1.900000000000000000e+01
9.307999999999999545e+02 1.440000000000000000e+03 1.900000000000000000e+01
9.310000000000000000e+02 1.441000000000000000e+03 1.900000000000000000e+01
9.310000000000000000e+02 1.442000000000000000e+03 1.900000000000000000e+01
9.312000000000000455e+02 1.442799999999999955e+03 1.900000000000000000e+01
9.313999999999999773e+02 1.443599999999999909e+03 1.900000000000000000e+01
9.316000000000000227e+02 1.444400000000000091e+03 1.900000000000000000e+01
9.317999999999999545e+02 1.445200000000000045e+03 1.900000000000000000e+01
9.320000000000000000e+02 1.446000000000000000e+03 1.900000000000000000e+01
9.320000000000000000e+02 1.447000000000000000e+03 1.900000000000000000e+01
9.320000000000000000e+02 1.448000000000000000e+03 1.900000000000000000e+01
9.320000000000000000e+02 1.449000000000000000e+03 1.900000000000000000e+01
9.320000000000000000e+02 1.449500000000000000e+03 1.900000000000000000e+01
