4.871999999999999886e+02 1.313000000000000000e+03 1.600000000000000000e+01
4.878000000000000114e+02 1.313200000000000045e+03 1.600000000000000000e+01
4.886000000000000227e+02 1.313400000000000091e+03 1.600000000000000000e+01
4.893999999999999773e+02 1.313599999999999909e+03 1.600000000000000000e+01
4.901999999999999886e+02 1.313799999999999955e+03 1.600000000000000000e+01
4.910000000000000000e+02 1.314000000000000000e+03 1.600000000000000000e+01
4.920000000000000000e+02 1.314000000000000000e+03 1.600000000000000000e+01
4.928000000000000114e+02 1.314200000000000045e+03 1.600000000000000000e+01
4.936000000000000227e+02 1.314400000000000091e+03 1.600000000000000000e+01
4.943999999999999773e+02 1.314599999999999909e+03 1.600000000000000000e+01
4.951999999999999886e+02 1.314799999999999955e+03 1.600000000000000000e+01
4.958000000000000114e+02 1.314799999999999955e+03 1.600000000000000000e+01
4.966000000000000227e+02 1.314599999999999909e+03 1.600000000000000000e+01
4.973999999999999773e+02 1.314400000000000091e+03 1.600000000000000000e+01
4.981999999999999886e+02 1.314200000000000045e+03 1.600000000000000000e+01
4.988000000000000114e+02 1.313799999999999955e+03 1.600000000000000000e+01
4.996000000000000227e+02 1.313599999999999909e+03 1.600000000000000000e+01
5.003999999999999773e+02 1.313400000000000091e+03 1.600000000000000000e+01
5.010000000000000000e+02 1.313000000000000000e+03 1.600000000000000000e+01
5.016000000000000227e+02 1.312599999999999909e+03 1.600000000000000000e+01
5.021999999999999886e+02 1.312200000000000045e+03 1.600000000000000000e+01
5.028000000000000114e+02 1.311799999999999955e+03 1.600000000000000000e+01
5.031999999999999886e+02 1.311200000000000045e+03 1.600000000000000000e+01
5.038000000000000114e+02 1.310799999999999955e+03 1.600000000000000000e+01
5.041999999999999886e+02 1.310200000000000045e+03 1.600000000000000000e+01
5.046000000000000227e+02 1.309599999999999909e+03 1.600000000000000000e+01
5.050000000000000000e+02 1.309000000000000000e+03 1.600000000000000000e+01
5.053999999999999773e+02 1.308400000000000091e+03 1.600000000000000000e+01
5.058000000000000114e+02 1.307799999999999955e+03 1.600000000000000000e+01
5.060000000000000000e+02 1.307500000000000000e+03 1.600000000000000000e+01
