4.108000000000000114e+02 5.792000000000000455e+02 4.000000000000000000e+00
4.111999999999999886e+02 5.797999999999999545e+02 4.000000000000000000e+00
4.118000000000000114e+02 5.802000000000000455e+02 4.000000000000000000e+00
4.121999999999999886e+02 5.807999999999999545e+02 4.000000000000000000e+00
4.128000000000000114e+02 5.812000000000000455e+02 4.000000000000000000e+00
4.131999999999999886e+02 5.817999999999999545e+02 4.000000000000000000e+00
4.138000000000000114e+02 5.822000000000000455e+02 4.000000000000000000e+00
4.141999999999999886e+02 5.827999999999999545e+02 4.000000000000000000e+00
4.148000000000000114e+02 5.832000000000000455e+02 4.000000000000000000e+00
4.153999999999999773e+02 5.837999999999999545e+02 4.000000000000000000e+00
4.161999999999999886e+02 5.843999999999999773e+02 4.000000000000000000e+00
4.168000000000000114e+02 5.852000000000000455e+02 4.000000000000000000e+00
4.176000000000000227e+02 5.857999999999999545e+02 4.000000000000000000e+00
4.181999999999999886e+02 5.866000000000000227e+02 4.000000000000000000e+00
4.188000000000000114e+02 5.872000000000000455e+02 4.000000000000000000e+00
4.193999999999999773e+02 5.877999999999999545e+02 4.000000000000000000e+00
4.201999999999999886e+02 5.883999999999999773e+02 4.000000000000000000e+00
4.208000000000000114e+02 5.892000000000000455e+02 4.000000000000000000e+00
4.216000000000000227e+02 5.897999999999999545e+02 4.000000000000000000e+00
4.221999999999999886e+02 5.906000000000000227e+02 4.000000000000000000e+00
4.228000000000000114e+02 5.912000000000000455e+02 4.000000000000000000e+00
4.231999999999999886e+02 5.917999999999999545e+02 4.000000000000000000e+00
4.238000000000000114e+02 5.923999999999999773e+02 4.000000000000000000e+00
4.241999999999999886e+02 5.932000000000000455e+02 4.000000000000000000e+00
4.248000000000000114e+02 5.937999999999999545e+02 4.000000000000000000e+00
4.251999999999999886e+02 5.946000000000000227e+02 5.000000000000000000e+00
4.258000000000000114e+02 5.953999999999999773e+02 5.000000000000000000e+00
4.261999999999999886e+02 5.962000000000000455e+02 5.000000000000000000e+00
4.266000000000000227e+02 5.970000000000000000e+02 5.000000000000000000e+00
4.270000000000000000e+02 5.977999999999999545e+02 5.000000000000000000e+00
4.273999999999999773e+02 5.986000000000000227e+02 5.000000000000000000e+00
4.276000000000000227e+02 5.993999999999999773e+02 5.000000000000000000e+00
4.280000000000000000e+02 6.002000000000000455e+02 5.000000000000000000e+00
4.283999999999999773e+02 6.010000000000000000e+02 5.000000000000000000e+00
4.286000000000000227e+02 6.020000000000000000e+02 5.000000000000000000e+00
4.288000000000000114e+02 6.030000000000000000e+02 5.000000000000000000e+00
4.291999999999999886e+02 6.037999999999999545e+02 5.000000000000000000e+00
4.293999999999999773e+02 6.046000000000000227e+02 5.000000000000000000e+00
4.296000000000000227e+02 6.053999999999999773e+02 5.000000000000000000e+00
4.298000000000000114e+02 6.062000000000000455e+02 6.000000000000000000e+00
4.301999999999999886e+02 6.070000000000000000e+02 6.000000000000000000e+00
4.303999999999999773e+02 6.080000000000000000e+02 6.000000000000000000e+00
4.306000000000000227e+02 6.090000000000000000e+02 6.000000000000000000e+00
4.308000000000000114e+02 6.100000000000000000e+02 6.000000000000000000e+00
4.310000000000000000e+02 6.110000000000000000e+02 6.000000000000000000e+00
4.311999999999999886e+02 6.117999999999999545e+02 6.000000000000000000e+00
4.313999999999999773e+02 6.126000000000000227e+02 6.000000000000000000e+00
4.318000000000000114e+02 6.132000000000000455e+02 6.000000000000000000e+00
4.323999999999999773e+02 6.136000000000000227e+02 6.000000000000000000e+00
4.330000000000000000e+02 6.140000000000000000e+02 6.000000000000000000e+00
4.336000000000000227e+02 6.143999999999999773e+02 6.000000000000000000e+00
4.343999999999999773e+02 6.147999999999999545e+02 6.000000000000000000e+00
4.351999999999999886e+02 6.152000000000000455e+02 6.000000000000000000e+00
4.358000000000000114e+02 6.157999999999999545e+02 6.000000000000000000e+00
4.366000000000000227e+02 6.162000000000000455e+02 6.000000000000000000e+00
4.373999999999999773e+02 6.167999999999999545e+02 6.000000000000000000e+00
4.381999999999999886e+02 6.172000000000000455e+02 6.000000000000000000e+00
4.388000000000000114e+02 6.177999999999999545e+02 6.000000000000000000e+00
4.396000000000000227e+02 6.182000000000000455e+02 6.000000000000000000e+00
4.403999999999999773e+02 6.187999999999999545e+02 6.000000000000000000e+00
4.411999999999999886e+02 6.192000000000000455e+02 6.000000000000000000e+00
4.418000000000000114e+02 6.197999999999999545e+02 6.000000000000000000e+00
4.426000000000000227e+02 6.202000000000000455e+02 6.000000000000000000e+00
4.433999999999999773e+02 6.207999999999999545e+02 6.000000000000000000e+00
4.440000000000000000e+02 6.213999999999999773e+02 6.000000000000000000e+00
4.443999999999999773e+02 6.222000000000000455e+02 6.000000000000000000e+00
4.448000000000000114e+02 6.230000000000000000e+02 6.000000000000000000e+00
4.448000000000000114e+02 6.237999999999999545e+02 6.000000000000000000e+00
4.446000000000000227e+02 6.246000000000000227e+02 6.000000000000000000e+00
4.443999999999999773e+02 6.253999999999999773e+02 6.000000000000000000e+00
4.441999999999999886e+02 6.262000000000000455e+02 6.000000000000000000e+00
4.440000000000000000e+02 6.270000000000000000e+02 6.000000000000000000e+00
4.440000000000000000e+02 6.280000000000000000e+02 6.000000000000000000e+00
4.440000000000000000e+02 6.290000000000000000e+02 6.000000000000000000e+00
4.440000000000000000e+02 6.300000000000000000e+02 6.000000000000000000e+00
4.440000000000000000e+02 6.310000000000000000e+02 6.000000000000000000e+00
4.440000000000000000e+02 6.320000000000000000e+02 6.000000000000000000e+00
4.440000000000000000e+02 6.330000000000000000e+02 6.000000000000000000e+00
4.440000000000000000e+02 6.340000000000000000e+02 6.000000000000000000e+00
4.440000000000000000e+02 6.350000000000000000e+02 6.000000000000000000e+00
4.440000000000000000e+02 6.360000000000000000e+02 6.000000000000000000e+00
4.440000000000000000e+02 6.370000000000000000e+02 6.000000000000000000e+00
4.440000000000000000e+02 6.380000000000000000e+02 6.000000000000000000e+00
4.441999999999999886e+02 6.387999999999999545e+02 6.000000000000000000e+00
4.443999999999999773e+02 6.396000000000000227e+02 6.000000000000000000e+00
4.448000000000000114e+02 6.402000000000000455e+02 6.000000000000000000e+00
4.451999999999999886e+02 6.407999999999999545e+02 6.000000000000000000e+00
4.458000000000000114e+02 6.412000000000000455e+02 6.000000000000000000e+00
4.461999999999999886e+02 6.417999999999999545e+02 6.000000000000000000e+00
4.468000000000000114e+02 6.422000000000000455e+02 6.000000000000000000e+00
4.473999999999999773e+02 6.426000000000000227e+02 6.000000000000000000e+00
4.481999999999999886e+02 6.427999999999999545e+02 6.000000000000000000e+00
4.490000000000000000e+02 6.432000000000000455e+02 6.000000000000000000e+00
4.500000000000000000e+02 6.433999999999999773e+02 6.000000000000000000e+00
4.510000000000000000e+02 6.436000000000000227e+02 6.000000000000000000e+00
4.520000000000000000e+02 6.437999999999999545e+02 6.000000000000000000e+00
4.530000000000000000e+02 6.440000000000000000e+02 6.000000000000000000e+00
4.540000000000000000e+02 6.440000000000000000e+02 6.000000000000000000e+00
4.550000000000000000e+02 6.440000000000000000e+02 6.000000000000000000e+00
4.558000000000000114e+02 6.437999999999999545e+02 6.000000000000000000e+00
4.566000000000000227e+02 6.436000000000000227e+02 6.000000000000000000e+00
4.573999999999999773e+02 6.433999999999999773e+02 6.000000000000000000e+00
4.581999999999999886e+02 6.432000000000000455e+02 6.000000000000000000e+00
4.590000000000000000e+02 6.430000000000000000e+02 6.000000000000000000e+00
4.600000000000000000e+02 6.430000000000000000e+02 6.000000000000000000e+00
4.608000000000000114e+02 6.430000000000000000e+02 5.000000000000000000e+00
4.616000000000000227e+02 6.430000000000000000e+02 6.000000000000000000e+00
4.623999999999999773e+02 6.430000000000000000e+02 5.000000000000000000e+00
4.630000000000000000e+02 6.432000000000000455e+02 5.000000000000000000e+00
4.636000000000000227e+02 6.433999999999999773e+02 5.000000000000000000e+00
4.643999999999999773e+02 6.436000000000000227e+02 5.000000000000000000e+00
4.651999999999999886e+02 6.437999999999999545e+02 5.000000000000000000e+00
4.658000000000000114e+02 6.442000000000000455e+02 5.000000000000000000e+00
4.666000000000000227e+02 6.443999999999999773e+02 5.000000000000000000e+00
4.671999999999999886e+02 6.447999999999999545e+02 5.000000000000000000e+00
4.678000000000000114e+02 6.452000000000000455e+02 5.000000000000000000e+00
4.681999999999999886e+02 6.457999999999999545e+02 5.000000000000000000e+00
4.688000000000000114e+02 6.462000000000000455e+02 5.000000000000000000e+00
4.691999999999999886e+02 6.467999999999999545e+02 5.000000000000000000e+00
4.698000000000000114e+02 6.472000000000000455e+02 5.000000000000000000e+00
4.701999999999999886e+02 6.477999999999999545e+02 5.000000000000000000e+00
4.706000000000000227e+02 6.483999999999999773e+02 5.000000000000000000e+00
4.710000000000000000e+02 6.490000000000000000e+02 5.000000000000000000e+00
4.713999999999999773e+02 6.496000000000000227e+02 5.000000000000000000e+00
4.718000000000000114e+02 6.503999999999999773e+02 5.000000000000000000e+00
4.721999999999999886e+02 6.512000000000000455e+02 5.000000000000000000e+00
4.726000000000000227e+02 6.520000000000000000e+02 5.000000000000000000e+00
4.730000000000000000e+02 6.527999999999999545e+02 5.000000000000000000e+00
4.733999999999999773e+02 6.533999999999999773e+02 4.000000000000000000e+00
4.736000000000000227e+02 6.540000000000000000e+02 5.000000000000000000e+00
4.738000000000000114e+02 6.546000000000000227e+02 4.000000000000000000e+00
4.740000000000000000e+02 6.552000000000000455e+02 4.000000000000000000e+00
4.740000000000000000e+02 6.560000000000000000e+02 4.000000000000000000e+00
4.741999999999999886e+02 6.567999999999999545e+02 4.000000000000000000e+00
4.743999999999999773e+02 6.576000000000000227e+02 4.000000000000000000e+00
4.746000000000000227e+02 6.583999999999999773e+02 4.000000000000000000e+00
4.748000000000000114e+02 6.592000000000000455e+02 4.000000000000000000e+00
4.751999999999999886e+02 6.600000000000000000e+02 4.000000000000000000e+00
4.753999999999999773e+02 6.610000000000000000e+02 4.000000000000000000e+00
4.756000000000000227e+02 6.620000000000000000e+02 4.000000000000000000e+00
4.758000000000000114e+02 6.630000000000000000e+02 4.000000000000000000e+00
4.761999999999999886e+02 6.637999999999999545e+02 4.000000000000000000e+00
4.763999999999999773e+02 6.646000000000000227e+02 4.000000000000000000e+00
4.766000000000000227e+02 6.653999999999999773e+02 4.000000000000000000e+00
4.768000000000000114e+02 6.662000000000000455e+02 4.000000000000000000e+00
4.771999999999999886e+02 6.667999999999999545e+02 4.000000000000000000e+00
4.773999999999999773e+02 6.676000000000000227e+02 4.000000000000000000e+00
4.776000000000000227e+02 6.683999999999999773e+02 4.000000000000000000e+00
4.780000000000000000e+02 6.690000000000000000e+02 4.000000000000000000e+00
4.783999999999999773e+02 6.696000000000000227e+02 4.000000000000000000e+00
4.786000000000000227e+02 6.703999999999999773e+02 4.000000000000000000e+00
4.790000000000000000e+02 6.710000000000000000e+02 4.000000000000000000e+00
4.793999999999999773e+02 6.716000000000000227e+02 4.000000000000000000e+00
4.796000000000000227e+02 6.723999999999999773e+02 4.000000000000000000e+00
4.800000000000000000e+02 6.730000000000000000e+02 4.000000000000000000e+00
4.803999999999999773e+02 6.736000000000000227e+02 4.000000000000000000e+00
4.808000000000000114e+02 6.742000000000000455e+02 4.000000000000000000e+00
4.811999999999999886e+02 6.747999999999999545e+02 4.000000000000000000e+00
4.818000000000000114e+02 6.753999999999999773e+02 4.000000000000000000e+00
4.823999999999999773e+02 6.762000000000000455e+02 5.000000000000000000e+00
4.831999999999999886e+02 6.767999999999999545e+02 5.000000000000000000e+00
4.838000000000000114e+02 6.776000000000000227e+02 5.000000000000000000e+00
4.846000000000000227e+02 6.782000000000000455e+02 5.000000000000000000e+00
4.851999999999999886e+02 6.787999999999999545e+02 5.000000000000000000e+00
4.858000000000000114e+02 6.792000000000000455e+02 5.000000000000000000e+00
4.863999999999999773e+02 6.797999999999999545e+02 5.000000000000000000e+00
4.871999999999999886e+02 6.802000000000000455e+02 5.000000000000000000e+00
4.880000000000000000e+02 6.807999999999999545e+02 5.000000000000000000e+00
4.890000000000000000e+02 6.812000000000000455e+02 5.000000000000000000e+00
4.898000000000000114e+02 6.816000000000000227e+02 5.000000000000000000e+00
4.903999999999999773e+02 6.820000000000000000e+02 6.000000000000000000e+00
4.910000000000000000e+02 6.823999999999999773e+02 6.000000000000000000e+00
4.916000000000000227e+02 6.826000000000000227e+02 6.000000000000000000e+00
4.921999999999999886e+02 6.830000000000000000e+02 6.000000000000000000e+00
4.930000000000000000e+02 6.833999999999999773e+02 6.000000000000000000e+00
4.940000000000000000e+02 6.837999999999999545e+02 6.000000000000000000e+00
4.950000000000000000e+02 6.842000000000000455e+02 6.000000000000000000e+00
4.958000000000000114e+02 6.847999999999999545e+02 6.000000000000000000e+00
4.966000000000000227e+02 6.852000000000000455e+02 6.000000000000000000e+00
4.973999999999999773e+02 6.856000000000000227e+02 6.000000000000000000e+00
4.980000000000000000e+02 6.860000000000000000e+02 6.000000000000000000e+00
4.986000000000000227e+02 6.863999999999999773e+02 6.000000000000000000e+00
4.993999999999999773e+02 6.866000000000000227e+02 6.000000000000000000e+00
5.000000000000000000e+02 6.870000000000000000e+02 6.000000000000000000e+00
5.006000000000000227e+02 6.873999999999999773e+02 6.000000000000000000e+00
5.013999999999999773e+02 6.876000000000000227e+02 6.000000000000000000e+00
5.020000000000000000e+02 6.880000000000000000e+02 6.000000000000000000e+00
5.026000000000000227e+02 6.883999999999999773e+02 6.000000000000000000e+00
5.033999999999999773e+02 6.886000000000000227e+02 6.000000000000000000e+00
5.040000000000000000e+02 6.890000000000000000e+02 6.000000000000000000e+00
5.046000000000000227e+02 6.893999999999999773e+02 6.000000000000000000e+00
5.053999999999999773e+02 6.896000000000000227e+02 6.000000000000000000e+00
5.060000000000000000e+02 6.900000000000000000e+02 6.000000000000000000e+00
5.066000000000000227e+02 6.903999999999999773e+02 6.000000000000000000e+00
5.073999999999999773e+02 6.907999999999999545e+02 6.000000000000000000e+00
5.081999999999999886e+02 6.912000000000000455e+02 7.000000000000000000e+00
5.088000000000000114e+02 6.917999999999999545e+02 7.000000000000000000e+00
5.096000000000000227e+02 6.922000000000000455e+02 7.000000000000000000e+00
5.103999999999999773e+02 6.927999999999999545e+02 7.000000000000000000e+00
5.111999999999999886e+02 6.932000000000000455e+02 7.000000000000000000e+00
5.118000000000000114e+02 6.937999999999999545e+02 7.000000000000000000e+00
5.123999999999999773e+02 6.942000000000000455e+02 7.000000000000000000e+00
5.130000000000000000e+02 6.947999999999999545e+02 8.000000000000000000e+00
5.136000000000000227e+02 6.953999999999999773e+02 8.000000000000000000e+00
5.142000000000000455e+02 6.962000000000000455e+02 8.000000000000000000e+00
5.150000000000000000e+02 6.967999999999999545e+02 8.000000000000000000e+00
5.157999999999999545e+02 6.976000000000000227e+02 8.000000000000000000e+00
5.163999999999999773e+02 6.982000000000000455e+02 8.000000000000000000e+00
5.170000000000000000e+02 6.986000000000000227e+02 9.000000000000000000e+00
5.173999999999999773e+02 6.990000000000000000e+02 9.000000000000000000e+00
5.177999999999999545e+02 6.993999999999999773e+02 9.000000000000000000e+00
5.182000000000000455e+02 6.997999999999999545e+02 9.000000000000000000e+00
5.187999999999999545e+02 7.002000000000000455e+02 9.000000000000000000e+00
5.193999999999999773e+02 7.006000000000000227e+02 9.000000000000000000e+00
5.200000000000000000e+02 7.010000000000000000e+02 9.000000000000000000e+00
5.206000000000000227e+02 7.013999999999999773e+02 9.000000000000000000e+00
5.213999999999999773e+02 7.016000000000000227e+02 9.000000000000000000e+00
5.222000000000000455e+02 7.020000000000000000e+02 9.000000000000000000e+00
5.230000000000000000e+02 7.023999999999999773e+02 1.000000000000000000e+01
5.240000000000000000e+02 7.026000000000000227e+02 1.000000000000000000e+01
5.250000000000000000e+02 7.027999999999999545e+02 1.000000000000000000e+01
5.260000000000000000e+02 7.032000000000000455e+02 1.000000000000000000e+01
5.270000000000000000e+02 7.033999999999999773e+02 1.000000000000000000e+01
5.280000000000000000e+02 7.036000000000000227e+02 1.000000000000000000e+01
5.290000000000000000e+02 7.037999999999999545e+02 1.000000000000000000e+01
5.300000000000000000e+02 7.040000000000000000e+02 1.000000000000000000e+01
5.310000000000000000e+02 7.040000000000000000e+02 1.000000000000000000e+01
5.317999999999999545e+02 7.042000000000000455e+02 1.000000000000000000e+01
5.326000000000000227e+02 7.043999999999999773e+02 1.000000000000000000e+01
5.333999999999999773e+02 7.046000000000000227e+02 1.000000000000000000e+01
5.340000000000000000e+02 7.047999999999999545e+02 9.000000000000000000e+00
5.346000000000000227e+02 7.050000000000000000e+02 1.000000000000000000e+01
5.352000000000000455e+02 7.052000000000000455e+02 9.000000000000000000e+00
5.357999999999999545e+02 7.053999999999999773e+02 9.000000000000000000e+00
5.363999999999999773e+02 7.056000000000000227e+02 9.000000000000000000e+00
5.370000000000000000e+02 7.060000000000000000e+02 9.000000000000000000e+00
5.376000000000000227e+02 7.063999999999999773e+02 9.000000000000000000e+00
5.383999999999999773e+02 7.066000000000000227e+02 9.000000000000000000e+00
5.390000000000000000e+02 7.070000000000000000e+02 9.000000000000000000e+00
5.396000000000000227e+02 7.073999999999999773e+02 9.000000000000000000e+00
5.402000000000000455e+02 7.076000000000000227e+02 8.000000000000000000e+00
5.406000000000000227e+02 7.080000000000000000e+02 9.000000000000000000e+00
5.410000000000000000e+02 7.083999999999999773e+02 8.000000000000000000e+00
5.416000000000000227e+02 7.086000000000000227e+02 8.000000000000000000e+00
5.420000000000000000e+02 7.090000000000000000e+02 8.000000000000000000e+00
5.426000000000000227e+02 7.093999999999999773e+02 8.000000000000000000e+00
5.433999999999999773e+02 7.097999999999999545e+02 8.000000000000000000e+00
5.442000000000000455e+02 7.102000000000000455e+02 8.000000000000000000e+00
5.447999999999999545e+02 7.107999999999999545e+02 8.000000000000000000e+00
5.456000000000000227e+02 7.112000000000000455e+02 8.000000000000000000e+00
5.463999999999999773e+02 7.117999999999999545e+02 8.000000000000000000e+00
5.472000000000000455e+02 7.122000000000000455e+02 8.000000000000000000e+00
5.477999999999999545e+02 7.126000000000000227e+02 7.000000000000000000e+00
5.486000000000000227e+02 7.130000000000000000e+02 8.000000000000000000e+00
5.493999999999999773e+02 7.133999999999999773e+02 7.000000000000000000e+00
5.500000000000000000e+02 7.137999999999999545e+02 7.000000000000000000e+00
5.506000000000000227e+02 7.142000000000000455e+02 7.000000000000000000e+00
5.513999999999999773e+02 7.146000000000000227e+02 7.000000000000000000e+00
5.520000000000000000e+02 7.150000000000000000e+02 7.000000000000000000e+00
5.526000000000000227e+02 7.153999999999999773e+02 7.000000000000000000e+00
5.533999999999999773e+02 7.156000000000000227e+02 7.000000000000000000e+00
5.540000000000000000e+02 7.160000000000000000e+02 7.000000000000000000e+00
5.546000000000000227e+02 7.163999999999999773e+02 7.000000000000000000e+00
5.553999999999999773e+02 7.167999999999999545e+02 7.000000000000000000e+00
5.562000000000000455e+02 7.172000000000000455e+02 7.000000000000000000e+00
5.570000000000000000e+02 7.177999999999999545e+02 7.000000000000000000e+00
5.580000000000000000e+02 7.182000000000000455e+02 7.000000000000000000e+00
5.590000000000000000e+02 7.186000000000000227e+02 7.000000000000000000e+00
5.597999999999999545e+02 7.190000000000000000e+02 7.000000000000000000e+00
5.606000000000000227e+02 7.193999999999999773e+02 7.000000000000000000e+00
5.613999999999999773e+02 7.196000000000000227e+02 7.000000000000000000e+00
5.620000000000000000e+02 7.200000000000000000e+02 7.000000000000000000e+00
5.626000000000000227e+02 7.203999999999999773e+02 7.000000000000000000e+00
5.633999999999999773e+02 7.206000000000000227e+02 7.000000000000000000e+00
5.642000000000000455e+02 7.210000000000000000e+02 7.000000000000000000e+00
5.650000000000000000e+02 7.213999999999999773e+02 7.000000000000000000e+00
5.660000000000000000e+02 7.216000000000000227e+02 7.000000000000000000e+00
5.670000000000000000e+02 7.217999999999999545e+02 7.000000000000000000e+00
5.677999999999999545e+02 7.222000000000000455e+02 7.000000000000000000e+00
5.686000000000000227e+02 7.223999999999999773e+02 7.000000000000000000e+00
5.693999999999999773e+02 7.226000000000000227e+02 7.000000000000000000e+00
5.702000000000000455e+02 7.227999999999999545e+02 7.000000000000000000e+00
5.710000000000000000e+02 7.230000000000000000e+02 7.000000000000000000e+00
5.720000000000000000e+02 7.230000000000000000e+02 7.000000000000000000e+00
5.727999999999999545e+02 7.232000000000000455e+02 7.000000000000000000e+00
5.736000000000000227e+02 7.233999999999999773e+02 7.000000000000000000e+00
5.743999999999999773e+02 7.236000000000000227e+02 7.000000000000000000e+00
5.752000000000000455e+02 7.237999999999999545e+02 7.000000000000000000e+00
5.760000000000000000e+02 7.240000000000000000e+02 7.000000000000000000e+00
5.767999999999999545e+02 7.242000000000000455e+02 7.000000000000000000e+00
5.776000000000000227e+02 7.243999999999999773e+02 7.000000000000000000e+00
5.783999999999999773e+02 7.246000000000000227e+02 7.000000000000000000e+00
5.792000000000000455e+02 7.247999999999999545e+02 7.000000000000000000e+00
5.800000000000000000e+02 7.250000000000000000e+02 7.000000000000000000e+00
5.807999999999999545e+02 7.252000000000000455e+02 7.000000000000000000e+00
5.816000000000000227e+02 7.253999999999999773e+02 7.000000000000000000e+00
5.823999999999999773e+02 7.256000000000000227e+02 7.000000000000000000e+00
5.832000000000000455e+02 7.257999999999999545e+02 7.000000000000000000e+00
5.840000000000000000e+02 7.260000000000000000e+02 7.000000000000000000e+00
5.850000000000000000e+02 7.260000000000000000e+02 7.000000000000000000e+00
5.860000000000000000e+02 7.262000000000000455e+02 7.000000000000000000e+00
5.870000000000000000e+02 7.263999999999999773e+02 7.000000000000000000e+00
5.880000000000000000e+02 7.266000000000000227e+02 7.000000000000000000e+00
5.890000000000000000e+02 7.267999999999999545e+02 7.000000000000000000e+00
5.900000000000000000e+02 7.270000000000000000e+02 7.000000000000000000e+00
5.910000000000000000e+02 7.270000000000000000e+02 7.000000000000000000e+00
5.920000000000000000e+02 7.270000000000000000e+02 7.000000000000000000e+00
5.930000000000000000e+02 7.270000000000000000e+02 7.000000000000000000e+00
5.940000000000000000e+02 7.270000000000000000e+02 7.000000000000000000e+00
5.947999999999999545e+02 7.272000000000000455e+02 7.000000000000000000e+00
5.956000000000000227e+02 7.273999999999999773e+02 7.000000000000000000e+00
5.963999999999999773e+02 7.276000000000000227e+02 7.000000000000000000e+00
5.972000000000000455e+02 7.277999999999999545e+02 7.000000000000000000e+00
5.980000000000000000e+02 7.280000000000000000e+02 7.000000000000000000e+00
5.990000000000000000e+02 7.280000000000000000e+02 7.000000000000000000e+00
5.997999999999999545e+02 7.282000000000000455e+02 7.000000000000000000e+00
6.006000000000000227e+02 7.283999999999999773e+02 7.000000000000000000e+00
6.013999999999999773e+02 7.286000000000000227e+02 7.000000000000000000e+00
6.022000000000000455e+02 7.290000000000000000e+02 7.000000000000000000e+00
6.030000000000000000e+02 7.293999999999999773e+02 7.000000000000000000e+00
6.040000000000000000e+02 7.297999999999999545e+02 7.000000000000000000e+00
6.050000000000000000e+02 7.302000000000000455e+02 7.000000000000000000e+00
6.057999999999999545e+02 7.307999999999999545e+02 7.000000000000000000e+00
6.066000000000000227e+02 7.312000000000000455e+02 7.000000000000000000e+00
6.073999999999999773e+02 7.317999999999999545e+02 7.000000000000000000e+00
6.082000000000000455e+02 7.323999999999999773e+02 7.000000000000000000e+00
6.090000000000000000e+02 7.332000000000000455e+02 7.000000000000000000e+00
6.100000000000000000e+02 7.340000000000000000e+02 7.000000000000000000e+00
6.110000000000000000e+02 7.350000000000000000e+02 7.000000000000000000e+00
6.120000000000000000e+02 7.360000000000000000e+02 7.000000000000000000e+00
6.130000000000000000e+02 7.370000000000000000e+02 7.000000000000000000e+00
6.137999999999999545e+02 7.380000000000000000e+02 7.000000000000000000e+00
6.146000000000000227e+02 7.387999999999999545e+02 7.000000000000000000e+00
6.152000000000000455e+02 7.396000000000000227e+02 7.000000000000000000e+00
6.157999999999999545e+02 7.402000000000000455e+02 7.000000000000000000e+00
6.162000000000000455e+02 7.407999999999999545e+02 7.000000000000000000e+00
6.165000000000000000e+02 7.410000000000000000e+02 7.000000000000000000e+00
