1.164599999999999909e+03 1.230599999999999909e+03 1.200000000000000000e+01
1.164400000000000091e+03 1.231400000000000091e+03 1.200000000000000000e+01
1.164000000000000000e+03 1.232200000000000045e+03 1.200000000000000000e+01
1.163599999999999909e+03 1.233000000000000000e+03 1.200000000000000000e+01
1.163400000000000091e+03 1.234000000000000000e+03 1.200000000000000000e+01
1.163000000000000000e+03 1.234799999999999955e+03 1.200000000000000000e+01
1.162599999999999909e+03 1.235599999999999909e+03 1.200000000000000000e+01
1.162400000000000091e+03 1.236400000000000091e+03 1.200000000000000000e+01
1.162000000000000000e+03 1.237200000000000045e+03 1.200000000000000000e+01
1.161599999999999909e+03 1.238000000000000000e+03 1.200000000000000000e+01
1.161400000000000091e+03 1.239000000000000000e+03 1.200000000000000000e+01
1.161000000000000000e+03 1.239799999999999955e+03 1.200000000000000000e+01
1.160599999999999909e+03 1.240599999999999909e+03 1.100000000000000000e+01
1.160200000000000045e+03 1.241400000000000091e+03 1.100000000000000000e+01
1.159799999999999955e+03 1.242200000000000045e+03 1.100000000000000000e+01
1.159200000000000045e+03 1.242799999999999955e+03 1.100000000000000000e+01
1.158799999999999955e+03 1.243599999999999909e+03 1.100000000000000000e+01
1.158200000000000045e+03 1.244200000000000045e+03 1.100000000000000000e+01
1.157599999999999909e+03 1.244799999999999955e+03 1.100000000000000000e+01
1.156799999999999955e+03 1.245200000000000045e+03 1.100000000000000000e+01
1.156200000000000045e+03 1.245799999999999955e+03 1.100000000000000000e+01
1.155400000000000091e+03 1.246200000000000045e+03 1.100000000000000000e+01
1.154599999999999909e+03 1.246799999999999955e+03 1.100000000000000000e+01
1.153799999999999955e+03 1.247200000000000045e+03 1.100000000000000000e+01
1.153200000000000045e+03 1.247799999999999955e+03 1.100000000000000000e+01
1.152400000000000091e+03 1.248400000000000091e+03 1.100000000000000000e+01
1.151799999999999955e+03 1.249200000000000045e+03 1.100000000000000000e+01
1.151200000000000045e+03 1.250000000000000000e+03 1.100000000000000000e+01
1.150799999999999955e+03 1.251000000000000000e+03 1.100000000000000000e+01
1.150400000000000091e+03 1.252000000000000000e+03 1.100000000000000000e+01
1.150200000000000045e+03 1.253000000000000000e+03 1.100000000000000000e+01
1.150000000000000000e+03 1.254000000000000000e+03 1.100000000000000000e+01
1.150000000000000000e+03 1.255000000000000000e+03 1.100000000000000000e+01
1.150000000000000000e+03 1.256000000000000000e+03 1.100000000000000000e+01
1.150000000000000000e+03 1.257000000000000000e+03 1.100000000000000000e+01
1.150000000000000000e+03 1.258000000000000000e+03 1.100000000000000000e+01
1.150200000000000045e+03 1.258799999999999955e+03 1.100000000000000000e+01
1.150400000000000091e+03 1.259599999999999909e+03 1.100000000000000000e+01
1.150599999999999909e+03 1.260400000000000091e+03 1.100000000000000000e+01
1.151000000000000000e+03 1.261200000000000045e+03 1.100000000000000000e+01
1.151400000000000091e+03 1.262000000000000000e+03 1.100000000000000000e+01
1.151799999999999955e+03 1.263000000000000000e+03 1.100000000000000000e+01
1.152200000000000045e+03 1.264000000000000000e+03 1.100000000000000000e+01
1.152799999999999955e+03 1.264799999999999955e+03 1.100000000000000000e+01
1.153200000000000045e+03 1.265599999999999909e+03 1.100000000000000000e+01
1.153799999999999955e+03 1.266200000000000045e+03 1.100000000000000000e+01
1.154200000000000045e+03 1.266799999999999955e+03 1.100000000000000000e+01
1.154799999999999955e+03 1.267200000000000045e+03 1.100000000000000000e+01
1.155200000000000045e+03 1.267799999999999955e+03 1.100000000000000000e+01
1.155799999999999955e+03 1.268200000000000045e+03 1.100000000000000000e+01
1.156200000000000045e+03 1.268799999999999955e+03 1.100000000000000000e+01
1.156799999999999955e+03 1.269200000000000045e+03 1.100000000000000000e+01
1.157200000000000045e+03 1.269799999999999955e+03 1.100000000000000000e+01
1.157799999999999955e+03 1.270200000000000045e+03 1.100000000000000000e+01
1.158200000000000045e+03 1.270799999999999955e+03 1.100000000000000000e+01
1.158799999999999955e+03 1.271200000000000045e+03 1.100000000000000000e+01
1.159200000000000045e+03 1.271599999999999909e+03 1.100000000000000000e+01
1.159799999999999955e+03 1.272000000000000000e+03 1.200000000000000000e+01
1.160400000000000091e+03 1.272599999999999909e+03 1.200000000000000000e+01
1.161200000000000045e+03 1.273000000000000000e+03 1.200000000000000000e+01
1.161799999999999955e+03 1.273599999999999909e+03 1.200000000000000000e+01
1.162599999999999909e+03 1.274200000000000045e+03 1.200000000000000000e+01
1.163200000000000045e+03 1.274799999999999955e+03 1.200000000000000000e+01
1.163799999999999955e+03 1.275200000000000045e+03 1.200000000000000000e+01
1.164200000000000045e+03 1.275799999999999955e+03 1.200000000000000000e+01
1.164799999999999955e+03 1.276200000000000045e+03 1.200000000000000000e+01
1.165400000000000091e+03 1.276799999999999955e+03 1.200000000000000000e+01
1.166200000000000045e+03 1.277400000000000091e+03 1.300000000000000000e+01
1.167000000000000000e+03 1.278200000000000045e+03 1.300000000000000000e+01
1.168000000000000000e+03 1.279000000000000000e+03 1.300000000000000000e+01
1.168799999999999955e+03 1.280000000000000000e+03 1.300000000000000000e+01
1.169599999999999909e+03 1.280799999999999955e+03 1.300000000000000000e+01
1.170200000000000045e+03 1.281599999999999909e+03 1.300000000000000000e+01
1.170799999999999955e+03 1.282200000000000045e+03 1.300000000000000000e+01
1.171200000000000045e+03 1.282799999999999955e+03 1.300000000000000000e+01
1.171799999999999955e+03 1.283400000000000091e+03 1.300000000000000000e+01
1.172200000000000045e+03 1.284200000000000045e+03 1.300000000000000000e+01
1.172799999999999955e+03 1.284799999999999955e+03 1.300000000000000000e+01
1.173200000000000045e+03 1.285599999999999909e+03 1.300000000000000000e+01
1.173599999999999909e+03 1.286400000000000091e+03 1.300000000000000000e+01
1.174000000000000000e+03 1.287000000000000000e+03 1.300000000000000000e+01
1.174400000000000091e+03 1.287599999999999909e+03 1.200000000000000000e+01
1.174599999999999909e+03 1.288400000000000091e+03 1.200000000000000000e+01
1.174799999999999955e+03 1.289200000000000045e+03 1.200000000000000000e+01
1.175000000000000000e+03 1.290000000000000000e+03 1.200000000000000000e+01
1.175000000000000000e+03 1.291000000000000000e+03 1.200000000000000000e+01
1.175000000000000000e+03 1.292000000000000000e+03 1.200000000000000000e+01
1.175000000000000000e+03 1.293000000000000000e+03 1.200000000000000000e+01
1.175000000000000000e+03 1.294000000000000000e+03 1.200000000000000000e+01
1.175000000000000000e+03 1.295000000000000000e+03 1.200000000000000000e+01
1.175000000000000000e+03 1.296000000000000000e+03 1.200000000000000000e+01
1.175000000000000000e+03 1.297000000000000000e+03 1.200000000000000000e+01
1.175000000000000000e+03 1.298000000000000000e+03 1.200000000000000000e+01
1.175000000000000000e+03 1.299000000000000000e+03 1.200000000000000000e+01
1.175000000000000000e+03 1.300000000000000000e+03 1.200000000000000000e+01
1.175200000000000045e+03 1.301000000000000000e+03 1.200000000000000000e+01
1.175400000000000091e+03 1.302000000000000000e+03 1.200000000000000000e+01
1.175599999999999909e+03 1.303000000000000000e+03 1.200000000000000000e+01
1.175799999999999955e+03 1.304000000000000000e+03 1.200000000000000000e+01
1.176200000000000045e+03 1.304799999999999955e+03 1.200000000000000000e+01
1.176400000000000091e+03 1.305599999999999909e+03 1.200000000000000000e+01
1.176599999999999909e+03 1.306400000000000091e+03 1.200000000000000000e+01
1.176799999999999955e+03 1.307200000000000045e+03 1.200000000000000000e+01
1.177000000000000000e+03 1.308000000000000000e+03 1.200000000000000000e+01
1.177000000000000000e+03 1.309000000000000000e+03 1.200000000000000000e+01
1.177000000000000000e+03 1.310000000000000000e+03 1.200000000000000000e+01
1.177000000000000000e+03 1.311000000000000000e+03 1.200000000000000000e+01
1.177000000000000000e+03 1.312000000000000000e+03 1.200000000000000000e+01
1.177000000000000000e+03 1.313000000000000000e+03 1.200000000000000000e+01
1.177000000000000000e+03 1.314000000000000000e+03 1.200000000000000000e+01
1.177000000000000000e+03 1.315000000000000000e+03 1.200000000000000000e+01
1.176799999999999955e+03 1.315799999999999955e+03 1.200000000000000000e+01
1.176599999999999909e+03 1.316599999999999909e+03 1.200000000000000000e+01
1.176400000000000091e+03 1.317400000000000091e+03 1.200000000000000000e+01
1.176200000000000045e+03 1.318200000000000045e+03 1.200000000000000000e+01
1.176000000000000000e+03 1.319000000000000000e+03 1.200000000000000000e+01
1.175799999999999955e+03 1.319799999999999955e+03 1.200000000000000000e+01
1.175599999999999909e+03 1.320599999999999909e+03 1.200000000000000000e+01
1.175400000000000091e+03 1.321400000000000091e+03 1.200000000000000000e+01
1.175200000000000045e+03 1.322200000000000045e+03 1.200000000000000000e+01
1.175000000000000000e+03 1.323000000000000000e+03 1.200000000000000000e+01
1.174799999999999955e+03 1.323799999999999955e+03 1.200000000000000000e+01
1.174599999999999909e+03 1.324599999999999909e+03 1.200000000000000000e+01
1.174400000000000091e+03 1.325400000000000091e+03 1.200000000000000000e+01
1.174200000000000045e+03 1.326200000000000045e+03 1.200000000000000000e+01
1.174000000000000000e+03 1.327000000000000000e+03 1.200000000000000000e+01
1.174000000000000000e+03 1.328000000000000000e+03 1.200000000000000000e+01
1.174000000000000000e+03 1.329000000000000000e+03 1.200000000000000000e+01
1.174000000000000000e+03 1.330000000000000000e+03 1.200000000000000000e+01
1.174000000000000000e+03 1.331000000000000000e+03 1.200000000000000000e+01
1.174000000000000000e+03 1.332000000000000000e+03 1.200000000000000000e+01
1.174000000000000000e+03 1.333000000000000000e+03 1.200000000000000000e+01
1.174000000000000000e+03 1.334000000000000000e+03 1.300000000000000000e+01
1.174000000000000000e+03 1.335000000000000000e+03 1.300000000000000000e+01
1.174000000000000000e+03 1.336000000000000000e+03 1.300000000000000000e+01
1.174000000000000000e+03 1.337000000000000000e+03 1.300000000000000000e+01
1.174000000000000000e+03 1.338000000000000000e+03 1.300000000000000000e+01
1.174000000000000000e+03 1.339000000000000000e+03 1.300000000000000000e+01
1.174200000000000045e+03 1.340000000000000000e+03 1.300000000000000000e+01
1.174400000000000091e+03 1.341000000000000000e+03 1.300000000000000000e+01
1.174599999999999909e+03 1.342000000000000000e+03 1.300000000000000000e+01
1.174799999999999955e+03 1.343000000000000000e+03 1.300000000000000000e+01
1.175000000000000000e+03 1.344000000000000000e+03 1.300000000000000000e+01
1.175000000000000000e+03 1.345000000000000000e+03 1.300000000000000000e+01
1.175200000000000045e+03 1.346000000000000000e+03 1.300000000000000000e+01
1.175400000000000091e+03 1.347000000000000000e+03 1.300000000000000000e+01
1.175599999999999909e+03 1.348000000000000000e+03 1.300000000000000000e+01
1.175799999999999955e+03 1.349000000000000000e+03 1.400000000000000000e+01
1.176200000000000045e+03 1.350000000000000000e+03 1.400000000000000000e+01
1.176400000000000091e+03 1.351000000000000000e+03 1.400000000000000000e+01
1.176599999999999909e+03 1.352000000000000000e+03 1.400000000000000000e+01
1.176799999999999955e+03 1.353000000000000000e+03 1.400000000000000000e+01
1.177200000000000045e+03 1.353799999999999955e+03 1.400000000000000000e+01
1.177400000000000091e+03 1.354599999999999909e+03 1.500000000000000000e+01
1.177599999999999909e+03 1.355400000000000091e+03 1.500000000000000000e+01
1.177799999999999955e+03 1.356200000000000045e+03 1.500000000000000000e+01
1.178200000000000045e+03 1.356799999999999955e+03 1.500000000000000000e+01
1.178250000000000000e+03 1.357250000000000000e+03 1.500000000000000000e+01
