4.600000000000000000e+02 1.128000000000000000e+03 1.400000000000000000e+01
4.608000000000000114e+02 1.128200000000000045e+03 1.400000000000000000e+01
4.616000000000000227e+02 1.128400000000000091e+03 1.400000000000000000e+01
4.623999999999999773e+02 1.128599999999999909e+03 1.400000000000000000e+01
4.631999999999999886e+02 1.128799999999999955e+03 1.400000000000000000e+01
4.640000000000000000e+02 1.129000000000000000e+03 1.400000000000000000e+01
4.650000000000000000e+02 1.129000000000000000e+03 1.400000000000000000e+01
4.660000000000000000e+02 1.129000000000000000e+03 1.400000000000000000e+01
4.670000000000000000e+02 1.129000000000000000e+03 1.400000000000000000e+01
4.680000000000000000e+02 1.129000000000000000e+03 1.400000000000000000e+01
4.690000000000000000e+02 1.129000000000000000e+03 1.400000000000000000e+01
4.700000000000000000e+02 1.129000000000000000e+03 1.400000000000000000e+01
4.710000000000000000e+02 1.129000000000000000e+03 1.400000000000000000e+01
4.720000000000000000e+02 1.129000000000000000e+03 1.400000000000000000e+01
4.730000000000000000e+02 1.129000000000000000e+03 1.400000000000000000e+01
4.740000000000000000e+02 1.129000000000000000e+03 1.400000000000000000e+01
4.750000000000000000e+02 1.129000000000000000e+03 1.400000000000000000e+01
4.760000000000000000e+02 1.129000000000000000e+03 1.400000000000000000e+01
4.770000000000000000e+02 1.129000000000000000e+03 1.400000000000000000e+01
4.780000000000000000e+02 1.129000000000000000e+03 1.400000000000000000e+01
4.790000000000000000e+02 1.129000000000000000e+03 1.400000000000000000e+01
4.800000000000000000e+02 1.128799999999999955e+03 1.400000000000000000e+01
4.810000000000000000e+02 1.128599999999999909e+03 1.400000000000000000e+01
4.820000000000000000e+02 1.128400000000000091e+03 1.400000000000000000e+01
4.830000000000000000e+02 1.128200000000000045e+03 1.400000000000000000e+01
4.840000000000000000e+02 1.127799999999999955e+03 1.400000000000000000e+01
4.850000000000000000e+02 1.127599999999999909e+03 1.400000000000000000e+01
4.860000000000000000e+02 1.127400000000000091e+03 1.400000000000000000e+01
4.870000000000000000e+02 1.127000000000000000e+03 1.400000000000000000e+01
4.880000000000000000e+02 1.126599999999999909e+03 1.400000000000000000e+01
4.888000000000000114e+02 1.126200000000000045e+03 1.400000000000000000e+01
4.896000000000000227e+02 1.125799999999999955e+03 1.400000000000000000e+01
4.903999999999999773e+02 1.125400000000000091e+03 1.400000000000000000e+01
4.910000000000000000e+02 1.125200000000000045e+03 1.400000000000000000e+01
4.912500000000000000e+02 1.125000000000000000e+03 1.500000000000000000e+01
