1.029000000000000000e+03 1.675000000000000000e+03 1.200000000000000000e+01
1.028799999999999955e+03 1.675599999999999909e+03 1.200000000000000000e+01
1.028200000000000045e+03 1.676400000000000091e+03 1.200000000000000000e+01
1.027799999999999955e+03 1.677200000000000045e+03 1.200000000000000000e+01
1.027400000000000091e+03 1.678000000000000000e+03 1.200000000000000000e+01
1.027000000000000000e+03 1.678799999999999955e+03 1.200000000000000000e+01
1.026599999999999909e+03 1.679599999999999909e+03 1.200000000000000000e+01
1.026400000000000091e+03 1.680400000000000091e+03 1.200000000000000000e+01
1.026200000000000045e+03 1.681200000000000045e+03 1.200000000000000000e+01
1.026000000000000000e+03 1.682000000000000000e+03 1.200000000000000000e+01
1.026000000000000000e+03 1.683000000000000000e+03 1.200000000000000000e+01
1.026000000000000000e+03 1.684000000000000000e+03 1.200000000000000000e+01
1.026000000000000000e+03 1.685000000000000000e+03 1.200000000000000000e+01
1.026000000000000000e+03 1.686000000000000000e+03 1.200000000000000000e+01
1.026200000000000045e+03 1.687000000000000000e+03 1.200000000000000000e+01
1.026400000000000091e+03 1.687799999999999955e+03 1.200000000000000000e+01
1.026599999999999909e+03 1.688599999999999909e+03 1.300000000000000000e+01
1.027000000000000000e+03 1.689400000000000091e+03 1.300000000000000000e+01
1.027400000000000091e+03 1.690200000000000045e+03 1.300000000000000000e+01
1.027799999999999955e+03 1.690799999999999955e+03 1.300000000000000000e+01
1.028200000000000045e+03 1.691599999999999909e+03 1.300000000000000000e+01
1.028799999999999955e+03 1.692200000000000045e+03 1.300000000000000000e+01
1.029400000000000091e+03 1.692599999999999909e+03 1.300000000000000000e+01
1.030000000000000000e+03 1.693000000000000000e+03 1.300000000000000000e+01
1.030599999999999909e+03 1.693400000000000091e+03 1.300000000000000000e+01
1.031400000000000091e+03 1.693599999999999909e+03 1.300000000000000000e+01
1.032200000000000045e+03 1.693799999999999955e+03 1.300000000000000000e+01
1.033000000000000000e+03 1.694000000000000000e+03 1.300000000000000000e+01
1.034000000000000000e+03 1.694000000000000000e+03 1.300000000000000000e+01
1.035000000000000000e+03 1.694000000000000000e+03 1.300000000000000000e+01
1.036000000000000000e+03 1.694000000000000000e+03 1.300000000000000000e+01
1.037000000000000000e+03 1.694000000000000000e+03 1.300000000000000000e+01
1.038000000000000000e+03 1.694000000000000000e+03 1.300000000000000000e+01
1.039000000000000000e+03 1.694000000000000000e+03 1.300000000000000000e+01
1.040000000000000000e+03 1.694000000000000000e+03 1.300000000000000000e+01
1.040500000000000000e+03 1.694000000000000000e+03 1.300000000000000000e+01
