3.053999999999999773e+02 4.100000000000000000e+02 6.000000000000000000e+00
3.051999999999999886e+02 4.110000000000000000e+02 6.000000000000000000e+00
3.048000000000000114e+02 4.118000000000000114e+02 6.000000000000000000e+00
3.046000000000000227e+02 4.126000000000000227e+02 6.000000000000000000e+00
3.041999999999999886e+02 4.133999999999999773e+02 6.000000000000000000e+00
3.038000000000000114e+02 4.141999999999999886e+02 6.000000000000000000e+00
3.033999999999999773e+02 4.148000000000000114e+02 6.000000000000000000e+00
3.030000000000000000e+02 4.153999999999999773e+02 7.000000000000000000e+00
3.026000000000000227e+02 4.160000000000000000e+02 7.000000000000000000e+00
3.021999999999999886e+02 4.163999999999999773e+02 7.000000000000000000e+00
3.018000000000000114e+02 4.168000000000000114e+02 7.000000000000000000e+00
3.011999999999999886e+02 4.171999999999999886e+02 7.000000000000000000e+00
3.008000000000000114e+02 4.178000000000000114e+02 7.000000000000000000e+00
3.001999999999999886e+02 4.181999999999999886e+02 7.000000000000000000e+00
2.996000000000000227e+02 4.188000000000000114e+02 7.000000000000000000e+00
2.988000000000000114e+02 4.191999999999999886e+02 7.000000000000000000e+00
2.981999999999999886e+02 4.198000000000000114e+02 7.000000000000000000e+00
2.973999999999999773e+02 4.201999999999999886e+02 7.000000000000000000e+00
2.966000000000000227e+02 4.208000000000000114e+02 7.000000000000000000e+00
2.958000000000000114e+02 4.211999999999999886e+02 7.000000000000000000e+00
2.951999999999999886e+02 4.218000000000000114e+02 7.000000000000000000e+00
2.947500000000000000e+02 4.220000000000000000e+02 8.000000000000000000e+00
