8.947999999999999545e+02 2.308000000000000114e+02 1.400000000000000000e+01
8.956000000000000227e+02 2.305999999999999943e+02 1.400000000000000000e+01
8.963999999999999773e+02 2.304000000000000057e+02 1.400000000000000000e+01
8.972000000000000455e+02 2.304000000000000057e+02 1.400000000000000000e+01
8.980000000000000000e+02 2.304000000000000057e+02 1.400000000000000000e+01
8.990000000000000000e+02 2.305999999999999943e+02 1.400000000000000000e+01
9.000000000000000000e+02 2.308000000000000114e+02 1.400000000000000000e+01
9.010000000000000000e+02 2.310000000000000000e+02 1.400000000000000000e+01
9.017999999999999545e+02 2.311999999999999886e+02 1.400000000000000000e+01
9.026000000000000227e+02 2.314000000000000057e+02 1.400000000000000000e+01
9.033999999999999773e+02 2.315999999999999943e+02 1.400000000000000000e+01
9.040000000000000000e+02 2.320000000000000000e+02 1.400000000000000000e+01
9.046000000000000227e+02 2.324000000000000057e+02 1.400000000000000000e+01
9.053999999999999773e+02 2.325999999999999943e+02 1.400000000000000000e+01
9.062000000000000455e+02 2.330000000000000000e+02 1.400000000000000000e+01
9.070000000000000000e+02 2.334000000000000057e+02 1.400000000000000000e+01
9.080000000000000000e+02 2.338000000000000114e+02 1.400000000000000000e+01
9.085000000000000000e+02 2.340000000000000000e+02 1.500000000000000000e+01
