1.167000000000000000e+03 1.211000000000000000e+03 1.300000000000000000e+01
1.166799999999999955e+03 1.212000000000000000e+03 1.300000000000000000e+01
1.166599999999999909e+03 1.213000000000000000e+03 1.300000000000000000e+01
1.166400000000000091e+03 1.214000000000000000e+03 1.300000000000000000e+01
1.166200000000000045e+03 1.215000000000000000e+03 1.300000000000000000e+01
1.166000000000000000e+03 1.216000000000000000e+03 1.300000000000000000e+01
1.166000000000000000e+03 1.217000000000000000e+03 1.300000000000000000e+01
1.166000000000000000e+03 1.218000000000000000e+03 1.300000000000000000e+01
1.166000000000000000e+03 1.219000000000000000e+03 1.300000000000000000e+01
1.166000000000000000e+03 1.220000000000000000e+03 1.300000000000000000e+01
1.166000000000000000e+03 1.221000000000000000e+03 1.300000000000000000e+01
1.166000000000000000e+03 1.221500000000000000e+03 1.300000000000000000e+01
