1.430799999999999955e+03 1.704000000000000000e+03 2.400000000000000000e+01
1.431599999999999909e+03 1.703599999999999909e+03 2.400000000000000000e+01
1.432400000000000091e+03 1.703400000000000091e+03 2.400000000000000000e+01
1.433000000000000000e+03 1.703000000000000000e+03 2.400000000000000000e+01
1.433599999999999909e+03 1.702599999999999909e+03 2.400000000000000000e+01
1.434400000000000091e+03 1.702400000000000091e+03 2.400000000000000000e+01
1.435200000000000045e+03 1.702200000000000045e+03 2.400000000000000000e+01
1.435799999999999955e+03 1.702000000000000000e+03 2.500000000000000000e+01
1.436599999999999909e+03 1.702000000000000000e+03 2.400000000000000000e+01
1.437400000000000091e+03 1.702000000000000000e+03 2.400000000000000000e+01
1.438200000000000045e+03 1.702000000000000000e+03 2.400000000000000000e+01
1.439000000000000000e+03 1.702000000000000000e+03 2.400000000000000000e+01
1.439799999999999955e+03 1.702200000000000045e+03 2.400000000000000000e+01
1.440599999999999909e+03 1.702400000000000091e+03 2.400000000000000000e+01
1.441400000000000091e+03 1.702599999999999909e+03 2.400000000000000000e+01
1.442200000000000045e+03 1.702799999999999955e+03 2.400000000000000000e+01
1.443000000000000000e+03 1.703000000000000000e+03 2.400000000000000000e+01
1.444000000000000000e+03 1.703000000000000000e+03 2.400000000000000000e+01
1.445000000000000000e+03 1.703000000000000000e+03 2.400000000000000000e+01
1.446000000000000000e+03 1.703000000000000000e+03 2.400000000000000000e+01
1.447000000000000000e+03 1.703000000000000000e+03 2.400000000000000000e+01
1.448000000000000000e+03 1.703000000000000000e+03 2.400000000000000000e+01
1.449000000000000000e+03 1.703000000000000000e+03 2.400000000000000000e+01
1.449799999999999955e+03 1.703000000000000000e+03 2.400000000000000000e+01
1.450599999999999909e+03 1.703000000000000000e+03 2.300000000000000000e+01
1.451200000000000045e+03 1.702799999999999955e+03 2.300000000000000000e+01
1.451799999999999955e+03 1.702599999999999909e+03 2.300000000000000000e+01
1.452400000000000091e+03 1.702400000000000091e+03 2.300000000000000000e+01
1.452750000000000000e+03 1.702250000000000000e+03 2.300000000000000000e+01
