6.350000000000000000e+02 2.673999999999999773e+02 8.000000000000000000e+00
6.360000000000000000e+02 2.671999999999999886e+02 8.000000000000000000e+00
6.367999999999999545e+02 2.668000000000000114e+02 8.000000000000000000e+00
6.376000000000000227e+02 2.666000000000000227e+02 8.000000000000000000e+00
6.383999999999999773e+02 2.663999999999999773e+02 8.000000000000000000e+00
6.392000000000000455e+02 2.661999999999999886e+02 8.000000000000000000e+00
6.400000000000000000e+02 2.660000000000000000e+02 8.000000000000000000e+00
6.407999999999999545e+02 2.661999999999999886e+02 8.000000000000000000e+00
6.416000000000000227e+02 2.663999999999999773e+02 8.000000000000000000e+00
6.423999999999999773e+02 2.666000000000000227e+02 8.000000000000000000e+00
6.432000000000000455e+02 2.668000000000000114e+02 8.000000000000000000e+00
6.440000000000000000e+02 2.670000000000000000e+02 8.000000000000000000e+00
6.450000000000000000e+02 2.670000000000000000e+02 8.000000000000000000e+00
6.460000000000000000e+02 2.670000000000000000e+02 8.000000000000000000e+00
6.470000000000000000e+02 2.670000000000000000e+02 8.000000000000000000e+00
6.480000000000000000e+02 2.670000000000000000e+02 8.000000000000000000e+00
6.490000000000000000e+02 2.670000000000000000e+02 8.000000000000000000e+00
6.497999999999999545e+02 2.668000000000000114e+02 8.000000000000000000e+00
6.506000000000000227e+02 2.666000000000000227e+02 8.000000000000000000e+00
6.512000000000000455e+02 2.663999999999999773e+02 9.000000000000000000e+00
6.516000000000000227e+02 2.660000000000000000e+02 8.000000000000000000e+00
6.520000000000000000e+02 2.653999999999999773e+02 9.000000000000000000e+00
6.523999999999999773e+02 2.648000000000000114e+02 9.000000000000000000e+00
6.526000000000000227e+02 2.640000000000000000e+02 9.000000000000000000e+00
6.530000000000000000e+02 2.631999999999999886e+02 9.000000000000000000e+00
6.533999999999999773e+02 2.623999999999999773e+02 9.000000000000000000e+00
6.537999999999999545e+02 2.618000000000000114e+02 9.000000000000000000e+00
6.542000000000000455e+02 2.611999999999999886e+02 9.000000000000000000e+00
6.547999999999999545e+02 2.608000000000000114e+02 9.000000000000000000e+00
6.553999999999999773e+02 2.603999999999999773e+02 9.000000000000000000e+00
6.560000000000000000e+02 2.603999999999999773e+02 9.000000000000000000e+00
6.566000000000000227e+02 2.603999999999999773e+02 9.000000000000000000e+00
6.573999999999999773e+02 2.608000000000000114e+02 9.000000000000000000e+00
6.582000000000000455e+02 2.613999999999999773e+02 9.000000000000000000e+00
6.587999999999999545e+02 2.621999999999999886e+02 9.000000000000000000e+00
6.596000000000000227e+02 2.628000000000000114e+02 9.000000000000000000e+00
6.602000000000000455e+02 2.636000000000000227e+02 9.000000000000000000e+00
6.606000000000000227e+02 2.643999999999999773e+02 9.000000000000000000e+00
6.610000000000000000e+02 2.650000000000000000e+02 9.000000000000000000e+00
6.613999999999999773e+02 2.656000000000000227e+02 9.000000000000000000e+00
6.616000000000000227e+02 2.663999999999999773e+02 9.000000000000000000e+00
6.617999999999999545e+02 2.671999999999999886e+02 9.000000000000000000e+00
6.620000000000000000e+02 2.680000000000000000e+02 9.000000000000000000e+00
6.622000000000000455e+02 2.688000000000000114e+02 9.000000000000000000e+00
6.623999999999999773e+02 2.696000000000000227e+02 9.000000000000000000e+00
6.626000000000000227e+02 2.703999999999999773e+02 9.000000000000000000e+00
6.626000000000000227e+02 2.710000000000000000e+02 9.000000000000000000e+00
6.626000000000000227e+02 2.716000000000000227e+02 9.000000000000000000e+00
6.623999999999999773e+02 2.723999999999999773e+02 9.000000000000000000e+00
6.622000000000000455e+02 2.731999999999999886e+02 9.000000000000000000e+00
6.620000000000000000e+02 2.740000000000000000e+02 9.000000000000000000e+00
6.620000000000000000e+02 2.750000000000000000e+02 9.000000000000000000e+00
6.617999999999999545e+02 2.758000000000000114e+02 9.000000000000000000e+00
6.616000000000000227e+02 2.766000000000000227e+02 9.000000000000000000e+00
6.613999999999999773e+02 2.773999999999999773e+02 9.000000000000000000e+00
6.610000000000000000e+02 2.780000000000000000e+02 9.000000000000000000e+00
6.606000000000000227e+02 2.786000000000000227e+02 9.000000000000000000e+00
6.603999999999999773e+02 2.793999999999999773e+02 9.000000000000000000e+00
6.600000000000000000e+02 2.800000000000000000e+02 9.000000000000000000e+00
6.596000000000000227e+02 2.806000000000000227e+02 9.000000000000000000e+00
6.593999999999999773e+02 2.813999999999999773e+02 9.000000000000000000e+00
6.590000000000000000e+02 2.820000000000000000e+02 9.000000000000000000e+00
6.586000000000000227e+02 2.826000000000000227e+02 9.000000000000000000e+00
6.583999999999999773e+02 2.833999999999999773e+02 9.000000000000000000e+00
6.580000000000000000e+02 2.840000000000000000e+02 9.000000000000000000e+00
6.576000000000000227e+02 2.846000000000000227e+02 9.000000000000000000e+00
6.572000000000000455e+02 2.851999999999999886e+02 9.000000000000000000e+00
6.567999999999999545e+02 2.858000000000000114e+02 9.000000000000000000e+00
6.562000000000000455e+02 2.861999999999999886e+02 9.000000000000000000e+00
6.557999999999999545e+02 2.868000000000000114e+02 9.000000000000000000e+00
6.552000000000000455e+02 2.873999999999999773e+02 9.000000000000000000e+00
6.546000000000000227e+02 2.881999999999999886e+02 9.000000000000000000e+00
6.537999999999999545e+02 2.888000000000000114e+02 9.000000000000000000e+00
6.532000000000000455e+02 2.896000000000000227e+02 9.000000000000000000e+00
6.523999999999999773e+02 2.901999999999999886e+02 9.000000000000000000e+00
6.517999999999999545e+02 2.908000000000000114e+02 9.000000000000000000e+00
6.512000000000000455e+02 2.911999999999999886e+02 9.000000000000000000e+00
6.506000000000000227e+02 2.918000000000000114e+02 9.000000000000000000e+00
6.497999999999999545e+02 2.921999999999999886e+02 9.000000000000000000e+00
6.492000000000000455e+02 2.928000000000000114e+02 9.000000000000000000e+00
6.483999999999999773e+02 2.931999999999999886e+02 9.000000000000000000e+00
6.477999999999999545e+02 2.938000000000000114e+02 9.000000000000000000e+00
6.472000000000000455e+02 2.941999999999999886e+02 9.000000000000000000e+00
6.466000000000000227e+02 2.948000000000000114e+02 9.000000000000000000e+00
6.460000000000000000e+02 2.951999999999999886e+02 9.000000000000000000e+00
6.453999999999999773e+02 2.958000000000000114e+02 8.000000000000000000e+00
6.447999999999999545e+02 2.963999999999999773e+02 8.000000000000000000e+00
6.442000000000000455e+02 2.970000000000000000e+02 8.000000000000000000e+00
6.437999999999999545e+02 2.976000000000000227e+02 8.000000000000000000e+00
6.433999999999999773e+02 2.983999999999999773e+02 8.000000000000000000e+00
6.432000000000000455e+02 2.991999999999999886e+02 8.000000000000000000e+00
6.430000000000000000e+02 3.000000000000000000e+02 8.000000000000000000e+00
6.430000000000000000e+02 3.010000000000000000e+02 7.000000000000000000e+00
6.430000000000000000e+02 3.020000000000000000e+02 7.000000000000000000e+00
6.430000000000000000e+02 3.030000000000000000e+02 7.000000000000000000e+00
6.432000000000000455e+02 3.040000000000000000e+02 7.000000000000000000e+00
6.433999999999999773e+02 3.050000000000000000e+02 7.000000000000000000e+00
6.436000000000000227e+02 3.060000000000000000e+02 7.000000000000000000e+00
6.437999999999999545e+02 3.070000000000000000e+02 7.000000000000000000e+00
6.440000000000000000e+02 3.080000000000000000e+02 7.000000000000000000e+00
6.440000000000000000e+02 3.090000000000000000e+02 7.000000000000000000e+00
6.440000000000000000e+02 3.100000000000000000e+02 7.000000000000000000e+00
6.440000000000000000e+02 3.110000000000000000e+02 7.000000000000000000e+00
6.440000000000000000e+02 3.120000000000000000e+02 7.000000000000000000e+00
6.440000000000000000e+02 3.130000000000000000e+02 7.000000000000000000e+00
6.437999999999999545e+02 3.138000000000000114e+02 7.000000000000000000e+00
6.436000000000000227e+02 3.146000000000000227e+02 7.000000000000000000e+00
6.433999999999999773e+02 3.153999999999999773e+02 7.000000000000000000e+00
6.430000000000000000e+02 3.160000000000000000e+02 7.000000000000000000e+00
6.426000000000000227e+02 3.166000000000000227e+02 7.000000000000000000e+00
6.423999999999999773e+02 3.173999999999999773e+02 7.000000000000000000e+00
6.420000000000000000e+02 3.180000000000000000e+02 7.000000000000000000e+00
6.416000000000000227e+02 3.186000000000000227e+02 7.000000000000000000e+00
6.413999999999999773e+02 3.193999999999999773e+02 7.000000000000000000e+00
6.410000000000000000e+02 3.200000000000000000e+02 7.000000000000000000e+00
6.406000000000000227e+02 3.206000000000000227e+02 7.000000000000000000e+00
6.403999999999999773e+02 3.213999999999999773e+02 7.000000000000000000e+00
6.400000000000000000e+02 3.220000000000000000e+02 7.000000000000000000e+00
6.396000000000000227e+02 3.226000000000000227e+02 7.000000000000000000e+00
6.392000000000000455e+02 3.231999999999999886e+02 7.000000000000000000e+00
6.387999999999999545e+02 3.238000000000000114e+02 7.000000000000000000e+00
6.383999999999999773e+02 3.243999999999999773e+02 7.000000000000000000e+00
6.380000000000000000e+02 3.250000000000000000e+02 7.000000000000000000e+00
6.376000000000000227e+02 3.256000000000000227e+02 7.000000000000000000e+00
6.372000000000000455e+02 3.261999999999999886e+02 7.000000000000000000e+00
6.367999999999999545e+02 3.268000000000000114e+02 7.000000000000000000e+00
6.363999999999999773e+02 3.273999999999999773e+02 7.000000000000000000e+00
6.360000000000000000e+02 3.280000000000000000e+02 7.000000000000000000e+00
6.356000000000000227e+02 3.286000000000000227e+02 7.000000000000000000e+00
6.352000000000000455e+02 3.293999999999999773e+02 7.000000000000000000e+00
6.347999999999999545e+02 3.301999999999999886e+02 7.000000000000000000e+00
6.343999999999999773e+02 3.310000000000000000e+02 7.000000000000000000e+00
6.340000000000000000e+02 3.318000000000000114e+02 7.000000000000000000e+00
6.336000000000000227e+02 3.326000000000000227e+02 7.000000000000000000e+00
6.333999999999999773e+02 3.333999999999999773e+02 7.000000000000000000e+00
6.330000000000000000e+02 3.341999999999999886e+02 7.000000000000000000e+00
6.326000000000000227e+02 3.350000000000000000e+02 7.000000000000000000e+00
6.323999999999999773e+02 3.360000000000000000e+02 7.000000000000000000e+00
6.322000000000000455e+02 3.370000000000000000e+02 7.000000000000000000e+00
6.320000000000000000e+02 3.380000000000000000e+02 7.000000000000000000e+00
6.320000000000000000e+02 3.390000000000000000e+02 7.000000000000000000e+00
6.320000000000000000e+02 3.398000000000000114e+02 7.000000000000000000e+00
6.317999999999999545e+02 3.403999999999999773e+02 8.000000000000000000e+00
6.316000000000000227e+02 3.410000000000000000e+02 8.000000000000000000e+00
6.313999999999999773e+02 3.416000000000000227e+02 8.000000000000000000e+00
6.312000000000000455e+02 3.421999999999999886e+02 8.000000000000000000e+00
6.310000000000000000e+02 3.430000000000000000e+02 8.000000000000000000e+00
6.310000000000000000e+02 3.440000000000000000e+02 8.000000000000000000e+00
6.310000000000000000e+02 3.450000000000000000e+02 8.000000000000000000e+00
6.310000000000000000e+02 3.460000000000000000e+02 8.000000000000000000e+00
6.310000000000000000e+02 3.470000000000000000e+02 8.000000000000000000e+00
6.310000000000000000e+02 3.480000000000000000e+02 8.000000000000000000e+00
6.310000000000000000e+02 3.490000000000000000e+02 8.000000000000000000e+00
6.310000000000000000e+02 3.500000000000000000e+02 8.000000000000000000e+00
6.310000000000000000e+02 3.510000000000000000e+02 8.000000000000000000e+00
6.310000000000000000e+02 3.520000000000000000e+02 8.000000000000000000e+00
6.310000000000000000e+02 3.530000000000000000e+02 8.000000000000000000e+00
6.310000000000000000e+02 3.540000000000000000e+02 8.000000000000000000e+00
6.310000000000000000e+02 3.550000000000000000e+02 8.000000000000000000e+00
6.310000000000000000e+02 3.560000000000000000e+02 8.000000000000000000e+00
6.310000000000000000e+02 3.570000000000000000e+02 8.000000000000000000e+00
6.310000000000000000e+02 3.580000000000000000e+02 8.000000000000000000e+00
6.310000000000000000e+02 3.590000000000000000e+02 8.000000000000000000e+00
6.310000000000000000e+02 3.600000000000000000e+02 8.000000000000000000e+00
6.307999999999999545e+02 3.610000000000000000e+02 8.000000000000000000e+00
6.306000000000000227e+02 3.620000000000000000e+02 8.000000000000000000e+00
6.303999999999999773e+02 3.630000000000000000e+02 8.000000000000000000e+00
6.302000000000000455e+02 3.640000000000000000e+02 8.000000000000000000e+00
6.300000000000000000e+02 3.650000000000000000e+02 9.000000000000000000e+00
6.300000000000000000e+02 3.660000000000000000e+02 9.000000000000000000e+00
6.300000000000000000e+02 3.670000000000000000e+02 9.000000000000000000e+00
6.300000000000000000e+02 3.680000000000000000e+02 9.000000000000000000e+00
6.300000000000000000e+02 3.690000000000000000e+02 9.000000000000000000e+00
6.300000000000000000e+02 3.700000000000000000e+02 9.000000000000000000e+00
6.300000000000000000e+02 3.710000000000000000e+02 9.000000000000000000e+00
6.300000000000000000e+02 3.720000000000000000e+02 9.000000000000000000e+00
6.300000000000000000e+02 3.730000000000000000e+02 9.000000000000000000e+00
6.300000000000000000e+02 3.740000000000000000e+02 9.000000000000000000e+00
6.300000000000000000e+02 3.750000000000000000e+02 9.000000000000000000e+00
6.300000000000000000e+02 3.760000000000000000e+02 9.000000000000000000e+00
6.300000000000000000e+02 3.770000000000000000e+02 9.000000000000000000e+00
6.300000000000000000e+02 3.780000000000000000e+02 9.000000000000000000e+00
6.302000000000000455e+02 3.788000000000000114e+02 9.000000000000000000e+00
6.303999999999999773e+02 3.796000000000000227e+02 9.000000000000000000e+00
6.306000000000000227e+02 3.803999999999999773e+02 9.000000000000000000e+00
6.307999999999999545e+02 3.811999999999999886e+02 9.000000000000000000e+00
6.310000000000000000e+02 3.820000000000000000e+02 9.000000000000000000e+00
6.307999999999999545e+02 3.830000000000000000e+02 9.000000000000000000e+00
6.306000000000000227e+02 3.840000000000000000e+02 9.000000000000000000e+00
6.303999999999999773e+02 3.850000000000000000e+02 9.000000000000000000e+00
6.302000000000000455e+02 3.860000000000000000e+02 9.000000000000000000e+00
6.300000000000000000e+02 3.870000000000000000e+02 9.000000000000000000e+00
6.300000000000000000e+02 3.880000000000000000e+02 9.000000000000000000e+00
6.297999999999999545e+02 3.890000000000000000e+02 9.000000000000000000e+00
6.296000000000000227e+02 3.900000000000000000e+02 9.000000000000000000e+00
6.293999999999999773e+02 3.910000000000000000e+02 9.000000000000000000e+00
6.292000000000000455e+02 3.920000000000000000e+02 9.000000000000000000e+00
6.290000000000000000e+02 3.930000000000000000e+02 9.000000000000000000e+00
6.287999999999999545e+02 3.940000000000000000e+02 9.000000000000000000e+00
6.286000000000000227e+02 3.950000000000000000e+02 9.000000000000000000e+00
6.283999999999999773e+02 3.960000000000000000e+02 9.000000000000000000e+00
6.282000000000000455e+02 3.970000000000000000e+02 9.000000000000000000e+00
6.280000000000000000e+02 3.980000000000000000e+02 9.000000000000000000e+00
6.280000000000000000e+02 3.990000000000000000e+02 9.000000000000000000e+00
6.280000000000000000e+02 4.000000000000000000e+02 9.000000000000000000e+00
6.280000000000000000e+02 4.010000000000000000e+02 9.000000000000000000e+00
6.280000000000000000e+02 4.020000000000000000e+02 9.000000000000000000e+00
6.277999999999999545e+02 4.028000000000000114e+02 9.000000000000000000e+00
6.276000000000000227e+02 4.036000000000000227e+02 1.000000000000000000e+01
6.273999999999999773e+02 4.043999999999999773e+02 1.000000000000000000e+01
6.270000000000000000e+02 4.050000000000000000e+02 1.000000000000000000e+01
6.266000000000000227e+02 4.056000000000000227e+02 1.000000000000000000e+01
6.262000000000000455e+02 4.063999999999999773e+02 1.000000000000000000e+01
6.257999999999999545e+02 4.071999999999999886e+02 1.000000000000000000e+01
6.252000000000000455e+02 4.080000000000000000e+02 1.000000000000000000e+01
6.247999999999999545e+02 4.090000000000000000e+02 1.000000000000000000e+01
6.243999999999999773e+02 4.100000000000000000e+02 1.000000000000000000e+01
6.240000000000000000e+02 4.108000000000000114e+02 1.000000000000000000e+01
6.236000000000000227e+02 4.116000000000000227e+02 1.000000000000000000e+01
6.233999999999999773e+02 4.123999999999999773e+02 1.000000000000000000e+01
6.232000000000000455e+02 4.131999999999999886e+02 1.000000000000000000e+01
6.227999999999999545e+02 4.138000000000000114e+02 1.000000000000000000e+01
6.226000000000000227e+02 4.146000000000000227e+02 1.000000000000000000e+01
6.223999999999999773e+02 4.153999999999999773e+02 1.000000000000000000e+01
6.222000000000000455e+02 4.161999999999999886e+02 1.000000000000000000e+01
6.220000000000000000e+02 4.170000000000000000e+02 1.000000000000000000e+01
6.220000000000000000e+02 4.180000000000000000e+02 1.000000000000000000e+01
6.220000000000000000e+02 4.190000000000000000e+02 1.000000000000000000e+01
6.220000000000000000e+02 4.200000000000000000e+02 1.000000000000000000e+01
6.220000000000000000e+02 4.210000000000000000e+02 1.000000000000000000e+01
6.222000000000000455e+02 4.218000000000000114e+02 1.000000000000000000e+01
6.223999999999999773e+02 4.226000000000000227e+02 1.000000000000000000e+01
6.226000000000000227e+02 4.231999999999999886e+02 9.000000000000000000e+00
6.227999999999999545e+02 4.238000000000000114e+02 1.000000000000000000e+01
6.230000000000000000e+02 4.243999999999999773e+02 9.000000000000000000e+00
6.230000000000000000e+02 4.251999999999999886e+02 9.000000000000000000e+00
6.230000000000000000e+02 4.260000000000000000e+02 9.000000000000000000e+00
6.232000000000000455e+02 4.268000000000000114e+02 9.000000000000000000e+00
6.233999999999999773e+02 4.276000000000000227e+02 9.000000000000000000e+00
6.236000000000000227e+02 4.283999999999999773e+02 9.000000000000000000e+00
6.237999999999999545e+02 4.291999999999999886e+02 9.000000000000000000e+00
6.240000000000000000e+02 4.300000000000000000e+02 9.000000000000000000e+00
6.242000000000000455e+02 4.310000000000000000e+02 9.000000000000000000e+00
6.243999999999999773e+02 4.320000000000000000e+02 9.000000000000000000e+00
6.246000000000000227e+02 4.330000000000000000e+02 9.000000000000000000e+00
6.247999999999999545e+02 4.340000000000000000e+02 9.000000000000000000e+00
6.250000000000000000e+02 4.350000000000000000e+02 9.000000000000000000e+00
6.252000000000000455e+02 4.358000000000000114e+02 9.000000000000000000e+00
6.253999999999999773e+02 4.366000000000000227e+02 9.000000000000000000e+00
6.256000000000000227e+02 4.373999999999999773e+02 9.000000000000000000e+00
6.257999999999999545e+02 4.381999999999999886e+02 9.000000000000000000e+00
6.262000000000000455e+02 4.390000000000000000e+02 9.000000000000000000e+00
6.263999999999999773e+02 4.400000000000000000e+02 9.000000000000000000e+00
6.266000000000000227e+02 4.410000000000000000e+02 9.000000000000000000e+00
6.267999999999999545e+02 4.420000000000000000e+02 9.000000000000000000e+00
6.272000000000000455e+02 4.428000000000000114e+02 9.000000000000000000e+00
6.273999999999999773e+02 4.436000000000000227e+02 9.000000000000000000e+00
6.276000000000000227e+02 4.443999999999999773e+02 9.000000000000000000e+00
6.280000000000000000e+02 4.450000000000000000e+02 9.000000000000000000e+00
6.283999999999999773e+02 4.456000000000000227e+02 9.000000000000000000e+00
6.286000000000000227e+02 4.463999999999999773e+02 9.000000000000000000e+00
6.287999999999999545e+02 4.471999999999999886e+02 9.000000000000000000e+00
6.292000000000000455e+02 4.478000000000000114e+02 9.000000000000000000e+00
6.293999999999999773e+02 4.486000000000000227e+02 9.000000000000000000e+00
6.296000000000000227e+02 4.493999999999999773e+02 9.000000000000000000e+00
6.300000000000000000e+02 4.500000000000000000e+02 9.000000000000000000e+00
6.303999999999999773e+02 4.506000000000000227e+02 9.000000000000000000e+00
6.306000000000000227e+02 4.513999999999999773e+02 9.000000000000000000e+00
6.307999999999999545e+02 4.521999999999999886e+02 9.000000000000000000e+00
6.310000000000000000e+02 4.530000000000000000e+02 9.000000000000000000e+00
6.310000000000000000e+02 4.540000000000000000e+02 9.000000000000000000e+00
6.310000000000000000e+02 4.550000000000000000e+02 9.000000000000000000e+00
6.310000000000000000e+02 4.560000000000000000e+02 9.000000000000000000e+00
6.312000000000000455e+02 4.568000000000000114e+02 9.000000000000000000e+00
6.313999999999999773e+02 4.576000000000000227e+02 9.000000000000000000e+00
6.316000000000000227e+02 4.583999999999999773e+02 9.000000000000000000e+00
6.317999999999999545e+02 4.591999999999999886e+02 9.000000000000000000e+00
6.320000000000000000e+02 4.600000000000000000e+02 9.000000000000000000e+00
6.320000000000000000e+02 4.610000000000000000e+02 9.000000000000000000e+00
6.320000000000000000e+02 4.620000000000000000e+02 9.000000000000000000e+00
6.320000000000000000e+02 4.630000000000000000e+02 9.000000000000000000e+00
6.322000000000000455e+02 4.638000000000000114e+02 9.000000000000000000e+00
6.323999999999999773e+02 4.646000000000000227e+02 9.000000000000000000e+00
6.326000000000000227e+02 4.653999999999999773e+02 9.000000000000000000e+00
6.327999999999999545e+02 4.661999999999999886e+02 9.000000000000000000e+00
6.332000000000000455e+02 4.668000000000000114e+02 9.000000000000000000e+00
6.333999999999999773e+02 4.676000000000000227e+02 9.000000000000000000e+00
6.336000000000000227e+02 4.683999999999999773e+02 9.000000000000000000e+00
6.340000000000000000e+02 4.690000000000000000e+02 9.000000000000000000e+00
6.343999999999999773e+02 4.696000000000000227e+02 9.000000000000000000e+00
6.346000000000000227e+02 4.703999999999999773e+02 9.000000000000000000e+00
6.347999999999999545e+02 4.711999999999999886e+02 9.000000000000000000e+00
6.352000000000000455e+02 4.718000000000000114e+02 9.000000000000000000e+00
6.353999999999999773e+02 4.726000000000000227e+02 9.000000000000000000e+00
6.356000000000000227e+02 4.733999999999999773e+02 9.000000000000000000e+00
6.357999999999999545e+02 4.741999999999999886e+02 9.000000000000000000e+00
6.362000000000000455e+02 4.748000000000000114e+02 9.000000000000000000e+00
6.363999999999999773e+02 4.756000000000000227e+02 9.000000000000000000e+00
6.366000000000000227e+02 4.763999999999999773e+02 9.000000000000000000e+00
6.367999999999999545e+02 4.771999999999999886e+02 9.000000000000000000e+00
6.370000000000000000e+02 4.780000000000000000e+02 9.000000000000000000e+00
6.370000000000000000e+02 4.790000000000000000e+02 9.000000000000000000e+00
6.370000000000000000e+02 4.800000000000000000e+02 9.000000000000000000e+00
6.370000000000000000e+02 4.808000000000000114e+02 8.000000000000000000e+00
6.370000000000000000e+02 4.816000000000000227e+02 9.000000000000000000e+00
6.370000000000000000e+02 4.823999999999999773e+02 8.000000000000000000e+00
6.370000000000000000e+02 4.831999999999999886e+02 8.000000000000000000e+00
6.370000000000000000e+02 4.840000000000000000e+02 8.000000000000000000e+00
6.370000000000000000e+02 4.850000000000000000e+02 8.000000000000000000e+00
6.370000000000000000e+02 4.860000000000000000e+02 8.000000000000000000e+00
6.370000000000000000e+02 4.870000000000000000e+02 8.000000000000000000e+00
6.370000000000000000e+02 4.880000000000000000e+02 8.000000000000000000e+00
6.370000000000000000e+02 4.890000000000000000e+02 8.000000000000000000e+00
6.370000000000000000e+02 4.900000000000000000e+02 8.000000000000000000e+00
6.370000000000000000e+02 4.910000000000000000e+02 8.000000000000000000e+00
6.370000000000000000e+02 4.920000000000000000e+02 8.000000000000000000e+00
6.370000000000000000e+02 4.930000000000000000e+02 8.000000000000000000e+00
6.370000000000000000e+02 4.940000000000000000e+02 8.000000000000000000e+00
6.372000000000000455e+02 4.948000000000000114e+02 8.000000000000000000e+00
6.373999999999999773e+02 4.956000000000000227e+02 8.000000000000000000e+00
6.376000000000000227e+02 4.963999999999999773e+02 8.000000000000000000e+00
6.377999999999999545e+02 4.971999999999999886e+02 8.000000000000000000e+00
6.380000000000000000e+02 4.980000000000000000e+02 8.000000000000000000e+00
6.380000000000000000e+02 4.990000000000000000e+02 8.000000000000000000e+00
6.380000000000000000e+02 5.000000000000000000e+02 8.000000000000000000e+00
6.380000000000000000e+02 5.010000000000000000e+02 8.000000000000000000e+00
6.380000000000000000e+02 5.020000000000000000e+02 8.000000000000000000e+00
6.382000000000000455e+02 5.028000000000000114e+02 8.000000000000000000e+00
6.383999999999999773e+02 5.036000000000000227e+02 8.000000000000000000e+00
6.386000000000000227e+02 5.043999999999999773e+02 8.000000000000000000e+00
6.387999999999999545e+02 5.051999999999999886e+02 8.000000000000000000e+00
6.392000000000000455e+02 5.058000000000000114e+02 8.000000000000000000e+00
6.393999999999999773e+02 5.066000000000000227e+02 8.000000000000000000e+00
6.396000000000000227e+02 5.073999999999999773e+02 8.000000000000000000e+00
6.400000000000000000e+02 5.081999999999999886e+02 8.000000000000000000e+00
6.403999999999999773e+02 5.090000000000000000e+02 8.000000000000000000e+00
6.407999999999999545e+02 5.100000000000000000e+02 8.000000000000000000e+00
6.412000000000000455e+02 5.110000000000000000e+02 8.000000000000000000e+00
6.416000000000000227e+02 5.120000000000000000e+02 8.000000000000000000e+00
6.420000000000000000e+02 5.127999999999999545e+02 8.000000000000000000e+00
6.423999999999999773e+02 5.136000000000000227e+02 8.000000000000000000e+00
6.426000000000000227e+02 5.143999999999999773e+02 8.000000000000000000e+00
6.427999999999999545e+02 5.152000000000000455e+02 8.000000000000000000e+00
6.432000000000000455e+02 5.157999999999999545e+02 8.000000000000000000e+00
6.433999999999999773e+02 5.166000000000000227e+02 8.000000000000000000e+00
6.436000000000000227e+02 5.173999999999999773e+02 8.000000000000000000e+00
6.437999999999999545e+02 5.182000000000000455e+02 8.000000000000000000e+00
6.440000000000000000e+02 5.190000000000000000e+02 8.000000000000000000e+00
6.440000000000000000e+02 5.200000000000000000e+02 8.000000000000000000e+00
6.442000000000000455e+02 5.207999999999999545e+02 8.000000000000000000e+00
6.443999999999999773e+02 5.216000000000000227e+02 8.000000000000000000e+00
6.446000000000000227e+02 5.223999999999999773e+02 8.000000000000000000e+00
6.447999999999999545e+02 5.232000000000000455e+02 8.000000000000000000e+00
6.450000000000000000e+02 5.240000000000000000e+02 8.000000000000000000e+00
6.450000000000000000e+02 5.250000000000000000e+02 8.000000000000000000e+00
6.450000000000000000e+02 5.260000000000000000e+02 8.000000000000000000e+00
6.450000000000000000e+02 5.270000000000000000e+02 8.000000000000000000e+00
6.450000000000000000e+02 5.280000000000000000e+02 8.000000000000000000e+00
6.450000000000000000e+02 5.290000000000000000e+02 8.000000000000000000e+00
6.447999999999999545e+02 5.297999999999999545e+02 8.000000000000000000e+00
6.446000000000000227e+02 5.306000000000000227e+02 8.000000000000000000e+00
6.443999999999999773e+02 5.313999999999999773e+02 8.000000000000000000e+00
6.442000000000000455e+02 5.322000000000000455e+02 8.000000000000000000e+00
6.440000000000000000e+02 5.330000000000000000e+02 8.000000000000000000e+00
6.440000000000000000e+02 5.340000000000000000e+02 8.000000000000000000e+00
6.440000000000000000e+02 5.350000000000000000e+02 8.000000000000000000e+00
6.440000000000000000e+02 5.360000000000000000e+02 8.000000000000000000e+00
6.440000000000000000e+02 5.370000000000000000e+02 8.000000000000000000e+00
6.440000000000000000e+02 5.380000000000000000e+02 8.000000000000000000e+00
6.440000000000000000e+02 5.390000000000000000e+02 8.000000000000000000e+00
6.442000000000000455e+02 5.397999999999999545e+02 8.000000000000000000e+00
6.443999999999999773e+02 5.406000000000000227e+02 8.000000000000000000e+00
6.446000000000000227e+02 5.413999999999999773e+02 8.000000000000000000e+00
6.447999999999999545e+02 5.422000000000000455e+02 8.000000000000000000e+00
6.450000000000000000e+02 5.430000000000000000e+02 8.000000000000000000e+00
6.450000000000000000e+02 5.440000000000000000e+02 8.000000000000000000e+00
6.450000000000000000e+02 5.450000000000000000e+02 8.000000000000000000e+00
6.450000000000000000e+02 5.457999999999999545e+02 8.000000000000000000e+00
6.450000000000000000e+02 5.466000000000000227e+02 9.000000000000000000e+00
6.450000000000000000e+02 5.473999999999999773e+02 9.000000000000000000e+00
6.450000000000000000e+02 5.482000000000000455e+02 9.000000000000000000e+00
6.447999999999999545e+02 5.487999999999999545e+02 9.000000000000000000e+00
6.446000000000000227e+02 5.496000000000000227e+02 9.000000000000000000e+00
6.443999999999999773e+02 5.503999999999999773e+02 9.000000000000000000e+00
6.442000000000000455e+02 5.512000000000000455e+02 9.000000000000000000e+00
6.437999999999999545e+02 5.517999999999999545e+02 9.000000000000000000e+00
6.436000000000000227e+02 5.526000000000000227e+02 9.000000000000000000e+00
6.433999999999999773e+02 5.533999999999999773e+02 9.000000000000000000e+00
6.430000000000000000e+02 5.540000000000000000e+02 9.000000000000000000e+00
6.426000000000000227e+02 5.546000000000000227e+02 9.000000000000000000e+00
6.423999999999999773e+02 5.553999999999999773e+02 9.000000000000000000e+00
6.420000000000000000e+02 5.562000000000000455e+02 9.000000000000000000e+00
6.416000000000000227e+02 5.570000000000000000e+02 9.000000000000000000e+00
6.412000000000000455e+02 5.580000000000000000e+02 9.000000000000000000e+00
6.410000000000000000e+02 5.585000000000000000e+02 9.000000000000000000e+00
