1.266000000000000000e+03 1.638000000000000000e+03 1.700000000000000000e+01
1.267000000000000000e+03 1.638000000000000000e+03 1.700000000000000000e+01
1.268000000000000000e+03 1.638000000000000000e+03 1.700000000000000000e+01
1.269000000000000000e+03 1.638000000000000000e+03 1.700000000000000000e+01
1.270000000000000000e+03 1.638000000000000000e+03 1.700000000000000000e+01
1.271000000000000000e+03 1.638000000000000000e+03 1.700000000000000000e+01
1.272000000000000000e+03 1.638000000000000000e+03 1.700000000000000000e+01
1.273000000000000000e+03 1.638000000000000000e+03 1.700000000000000000e+01
1.274000000000000000e+03 1.638000000000000000e+03 1.700000000000000000e+01
1.274799999999999955e+03 1.637799999999999955e+03 1.700000000000000000e+01
1.275599999999999909e+03 1.637599999999999909e+03 1.700000000000000000e+01
1.276200000000000045e+03 1.637200000000000045e+03 1.700000000000000000e+01
1.276799999999999955e+03 1.636799999999999955e+03 1.700000000000000000e+01
1.277200000000000045e+03 1.636200000000000045e+03 1.700000000000000000e+01
1.277799999999999955e+03 1.635799999999999955e+03 1.700000000000000000e+01
1.278200000000000045e+03 1.635200000000000045e+03 1.700000000000000000e+01
1.278799999999999955e+03 1.634799999999999955e+03 1.700000000000000000e+01
1.279200000000000045e+03 1.634200000000000045e+03 1.700000000000000000e+01
1.279599999999999909e+03 1.633599999999999909e+03 1.600000000000000000e+01
1.280000000000000000e+03 1.633000000000000000e+03 1.600000000000000000e+01
1.280400000000000091e+03 1.632400000000000091e+03 1.600000000000000000e+01
1.280599999999999909e+03 1.631599999999999909e+03 1.600000000000000000e+01
1.281000000000000000e+03 1.631000000000000000e+03 1.600000000000000000e+01
1.281400000000000091e+03 1.630400000000000091e+03 1.600000000000000000e+01
1.281799999999999955e+03 1.629599999999999909e+03 1.600000000000000000e+01
1.282200000000000045e+03 1.628799999999999955e+03 1.600000000000000000e+01
1.282799999999999955e+03 1.628200000000000045e+03 1.600000000000000000e+01
1.283200000000000045e+03 1.627400000000000091e+03 1.600000000000000000e+01
1.283799999999999955e+03 1.626799999999999955e+03 1.600000000000000000e+01
1.284000000000000000e+03 1.626500000000000000e+03 1.600000000000000000e+01
