1.096400000000000091e+03 1.620000000000000000e+03 1.500000000000000000e+01
1.097200000000000045e+03 1.620000000000000000e+03 1.500000000000000000e+01
1.098000000000000000e+03 1.620000000000000000e+03 1.500000000000000000e+01
1.099000000000000000e+03 1.620200000000000045e+03 1.500000000000000000e+01
1.100000000000000000e+03 1.620400000000000091e+03 1.500000000000000000e+01
1.100799999999999955e+03 1.620400000000000091e+03 1.500000000000000000e+01
1.101599999999999909e+03 1.620400000000000091e+03 1.500000000000000000e+01
1.102400000000000091e+03 1.620400000000000091e+03 1.500000000000000000e+01
1.103200000000000045e+03 1.620200000000000045e+03 1.500000000000000000e+01
1.104000000000000000e+03 1.620000000000000000e+03 1.500000000000000000e+01
1.105000000000000000e+03 1.620000000000000000e+03 1.500000000000000000e+01
1.106000000000000000e+03 1.620000000000000000e+03 1.500000000000000000e+01
1.106799999999999955e+03 1.620000000000000000e+03 1.500000000000000000e+01
1.107400000000000091e+03 1.619799999999999955e+03 1.400000000000000000e+01
1.108000000000000000e+03 1.619599999999999909e+03 1.400000000000000000e+01
1.108599999999999909e+03 1.619400000000000091e+03 1.400000000000000000e+01
1.109200000000000045e+03 1.619200000000000045e+03 1.400000000000000000e+01
1.110000000000000000e+03 1.618799999999999955e+03 1.400000000000000000e+01
1.111000000000000000e+03 1.618599999999999909e+03 1.400000000000000000e+01
1.112000000000000000e+03 1.618400000000000091e+03 1.400000000000000000e+01
1.112799999999999955e+03 1.618000000000000000e+03 1.400000000000000000e+01
1.113599999999999909e+03 1.617599999999999909e+03 1.400000000000000000e+01
1.114400000000000091e+03 1.617400000000000091e+03 1.400000000000000000e+01
1.115000000000000000e+03 1.617000000000000000e+03 1.400000000000000000e+01
1.115599999999999909e+03 1.616599999999999909e+03 1.400000000000000000e+01
1.116200000000000045e+03 1.616200000000000045e+03 1.400000000000000000e+01
1.116799999999999955e+03 1.615799999999999955e+03 1.400000000000000000e+01
1.117000000000000000e+03 1.615500000000000000e+03 1.400000000000000000e+01
