4.908000000000000114e+02 1.047200000000000045e+03 1.500000000000000000e+01
4.911999999999999886e+02 1.048000000000000000e+03 1.500000000000000000e+01
4.913999999999999773e+02 1.049000000000000000e+03 1.500000000000000000e+01
4.916000000000000227e+02 1.050000000000000000e+03 1.500000000000000000e+01
4.918000000000000114e+02 1.051000000000000000e+03 1.500000000000000000e+01
4.921999999999999886e+02 1.051799999999999955e+03 1.500000000000000000e+01
4.923999999999999773e+02 1.052599999999999909e+03 1.500000000000000000e+01
4.926000000000000227e+02 1.053400000000000091e+03 1.500000000000000000e+01
4.928000000000000114e+02 1.054200000000000045e+03 1.500000000000000000e+01
4.931999999999999886e+02 1.054799999999999955e+03 1.500000000000000000e+01
4.933999999999999773e+02 1.055599999999999909e+03 1.500000000000000000e+01
4.936000000000000227e+02 1.056400000000000091e+03 1.500000000000000000e+01
4.938000000000000114e+02 1.057200000000000045e+03 1.500000000000000000e+01
4.941999999999999886e+02 1.058000000000000000e+03 1.500000000000000000e+01
4.943999999999999773e+02 1.059000000000000000e+03 1.500000000000000000e+01
4.946000000000000227e+02 1.060000000000000000e+03 1.500000000000000000e+01
4.948000000000000114e+02 1.061000000000000000e+03 1.500000000000000000e+01
4.951999999999999886e+02 1.061799999999999955e+03 1.500000000000000000e+01
4.953999999999999773e+02 1.062599999999999909e+03 1.500000000000000000e+01
4.956000000000000227e+02 1.063400000000000091e+03 1.500000000000000000e+01
4.958000000000000114e+02 1.064200000000000045e+03 1.500000000000000000e+01
4.961999999999999886e+02 1.065000000000000000e+03 1.500000000000000000e+01
4.963999999999999773e+02 1.066000000000000000e+03 1.500000000000000000e+01
4.966000000000000227e+02 1.067000000000000000e+03 1.500000000000000000e+01
4.970000000000000000e+02 1.067799999999999955e+03 1.500000000000000000e+01
4.973999999999999773e+02 1.068599999999999909e+03 1.500000000000000000e+01
4.976000000000000227e+02 1.069400000000000091e+03 1.500000000000000000e+01
4.980000000000000000e+02 1.070200000000000045e+03 1.500000000000000000e+01
4.983999999999999773e+02 1.071000000000000000e+03 1.500000000000000000e+01
4.986000000000000227e+02 1.072000000000000000e+03 1.500000000000000000e+01
4.990000000000000000e+02 1.072799999999999955e+03 1.500000000000000000e+01
4.993999999999999773e+02 1.073599999999999909e+03 1.500000000000000000e+01
4.998000000000000114e+02 1.074200000000000045e+03 1.500000000000000000e+01
5.001999999999999886e+02 1.074799999999999955e+03 1.500000000000000000e+01
5.008000000000000114e+02 1.075400000000000091e+03 1.500000000000000000e+01
5.011999999999999886e+02 1.076200000000000045e+03 1.500000000000000000e+01
5.018000000000000114e+02 1.076799999999999955e+03 1.500000000000000000e+01
5.021999999999999886e+02 1.077599999999999909e+03 1.500000000000000000e+01
5.028000000000000114e+02 1.078400000000000091e+03 1.500000000000000000e+01
5.033999999999999773e+02 1.079200000000000045e+03 1.500000000000000000e+01
5.041999999999999886e+02 1.080000000000000000e+03 1.500000000000000000e+01
5.048000000000000114e+02 1.080799999999999955e+03 1.500000000000000000e+01
5.056000000000000227e+02 1.081599999999999909e+03 1.600000000000000000e+01
5.060000000000000000e+02 1.082000000000000000e+03 1.600000000000000000e+01
