1.157599999999999909e+03 9.687999999999999545e+02 9.000000000000000000e+00
1.158200000000000045e+03 9.682000000000000455e+02 9.000000000000000000e+00
1.158799999999999955e+03 9.677999999999999545e+02 9.000000000000000000e+00
1.159200000000000045e+03 9.673999999999999773e+02 9.000000000000000000e+00
1.159599999999999909e+03 9.670000000000000000e+02 8.000000000000000000e+00
1.160000000000000000e+03 9.666000000000000227e+02 8.000000000000000000e+00
1.160400000000000091e+03 9.662000000000000455e+02 8.000000000000000000e+00
1.160799999999999955e+03 9.657999999999999545e+02 8.000000000000000000e+00
1.161200000000000045e+03 9.652000000000000455e+02 8.000000000000000000e+00
1.161799999999999955e+03 9.647999999999999545e+02 8.000000000000000000e+00
1.162200000000000045e+03 9.642000000000000455e+02 8.000000000000000000e+00
1.162799999999999955e+03 9.637999999999999545e+02 8.000000000000000000e+00
1.163200000000000045e+03 9.632000000000000455e+02 8.000000000000000000e+00
1.163799999999999955e+03 9.627999999999999545e+02 8.000000000000000000e+00
1.164200000000000045e+03 9.622000000000000455e+02 8.000000000000000000e+00
1.164799999999999955e+03 9.616000000000000227e+02 8.000000000000000000e+00
1.165200000000000045e+03 9.612000000000000455e+02 8.000000000000000000e+00
1.165500000000000000e+03 9.610000000000000000e+02 8.000000000000000000e+00
