1.058200000000000045e+03 1.317000000000000000e+03 1.400000000000000000e+01
1.058799999999999955e+03 1.317799999999999955e+03 1.400000000000000000e+01
1.059200000000000045e+03 1.318599999999999909e+03 1.400000000000000000e+01
1.059599999999999909e+03 1.319400000000000091e+03 1.400000000000000000e+01
1.060000000000000000e+03 1.320000000000000000e+03 1.400000000000000000e+01
1.060400000000000091e+03 1.320599999999999909e+03 1.400000000000000000e+01
1.060799999999999955e+03 1.321400000000000091e+03 1.400000000000000000e+01
1.061200000000000045e+03 1.322200000000000045e+03 1.400000000000000000e+01
1.061599999999999909e+03 1.323000000000000000e+03 1.400000000000000000e+01
1.062000000000000000e+03 1.323799999999999955e+03 1.400000000000000000e+01
1.062400000000000091e+03 1.324599999999999909e+03 1.400000000000000000e+01
1.062599999999999909e+03 1.325400000000000091e+03 1.400000000000000000e+01
1.063000000000000000e+03 1.326000000000000000e+03 1.400000000000000000e+01
1.063400000000000091e+03 1.326599999999999909e+03 1.400000000000000000e+01
1.063599999999999909e+03 1.327400000000000091e+03 1.400000000000000000e+01
1.063799999999999955e+03 1.328200000000000045e+03 1.400000000000000000e+01
1.064200000000000045e+03 1.328799999999999955e+03 1.400000000000000000e+01
1.064400000000000091e+03 1.329599999999999909e+03 1.400000000000000000e+01
1.064599999999999909e+03 1.330400000000000091e+03 1.400000000000000000e+01
1.064799999999999955e+03 1.331200000000000045e+03 1.400000000000000000e+01
1.065200000000000045e+03 1.331799999999999955e+03 1.400000000000000000e+01
1.065400000000000091e+03 1.332599999999999909e+03 1.400000000000000000e+01
1.065599999999999909e+03 1.333400000000000091e+03 1.400000000000000000e+01
1.065799999999999955e+03 1.334200000000000045e+03 1.400000000000000000e+01
1.066200000000000045e+03 1.335000000000000000e+03 1.400000000000000000e+01
1.066400000000000091e+03 1.336000000000000000e+03 1.400000000000000000e+01
1.066599999999999909e+03 1.337000000000000000e+03 1.400000000000000000e+01
1.066799999999999955e+03 1.338000000000000000e+03 1.400000000000000000e+01
1.067000000000000000e+03 1.339000000000000000e+03 1.400000000000000000e+01
1.067200000000000045e+03 1.340000000000000000e+03 1.400000000000000000e+01
1.067400000000000091e+03 1.341000000000000000e+03 1.400000000000000000e+01
1.067599999999999909e+03 1.342000000000000000e+03 1.400000000000000000e+01
1.067799999999999955e+03 1.343000000000000000e+03 1.400000000000000000e+01
1.068000000000000000e+03 1.344000000000000000e+03 1.400000000000000000e+01
1.068000000000000000e+03 1.345000000000000000e+03 1.400000000000000000e+01
1.068000000000000000e+03 1.346000000000000000e+03 1.400000000000000000e+01
1.068200000000000045e+03 1.346799999999999955e+03 1.400000000000000000e+01
1.068400000000000091e+03 1.347599999999999909e+03 1.400000000000000000e+01
1.068599999999999909e+03 1.348400000000000091e+03 1.400000000000000000e+01
1.068799999999999955e+03 1.349200000000000045e+03 1.400000000000000000e+01
1.069000000000000000e+03 1.350000000000000000e+03 1.400000000000000000e+01
1.069000000000000000e+03 1.351000000000000000e+03 1.400000000000000000e+01
1.069000000000000000e+03 1.352000000000000000e+03 1.400000000000000000e+01
1.069200000000000045e+03 1.353000000000000000e+03 1.400000000000000000e+01
1.069400000000000091e+03 1.354000000000000000e+03 1.400000000000000000e+01
1.069599999999999909e+03 1.355000000000000000e+03 1.400000000000000000e+01
1.069799999999999955e+03 1.356000000000000000e+03 1.400000000000000000e+01
1.070000000000000000e+03 1.357000000000000000e+03 1.400000000000000000e+01
1.070200000000000045e+03 1.357799999999999955e+03 1.400000000000000000e+01
1.070400000000000091e+03 1.358599999999999909e+03 1.400000000000000000e+01
1.070599999999999909e+03 1.359400000000000091e+03 1.400000000000000000e+01
1.070799999999999955e+03 1.360200000000000045e+03 1.400000000000000000e+01
1.071000000000000000e+03 1.361000000000000000e+03 1.400000000000000000e+01
1.071200000000000045e+03 1.361799999999999955e+03 1.400000000000000000e+01
1.071400000000000091e+03 1.362599999999999909e+03 1.400000000000000000e+01
1.071599999999999909e+03 1.363400000000000091e+03 1.400000000000000000e+01
1.071799999999999955e+03 1.364200000000000045e+03 1.400000000000000000e+01
1.072200000000000045e+03 1.365000000000000000e+03 1.400000000000000000e+01
1.072400000000000091e+03 1.366000000000000000e+03 1.400000000000000000e+01
1.072599999999999909e+03 1.367000000000000000e+03 1.400000000000000000e+01
1.073000000000000000e+03 1.368000000000000000e+03 1.400000000000000000e+01
1.073400000000000091e+03 1.369000000000000000e+03 1.400000000000000000e+01
1.073599999999999909e+03 1.370000000000000000e+03 1.400000000000000000e+01
1.074000000000000000e+03 1.370799999999999955e+03 1.400000000000000000e+01
1.074400000000000091e+03 1.371599999999999909e+03 1.400000000000000000e+01
1.074599999999999909e+03 1.372400000000000091e+03 1.400000000000000000e+01
1.075000000000000000e+03 1.373200000000000045e+03 1.400000000000000000e+01
1.075400000000000091e+03 1.374000000000000000e+03 1.400000000000000000e+01
1.075799999999999955e+03 1.374799999999999955e+03 1.400000000000000000e+01
1.076200000000000045e+03 1.375599999999999909e+03 1.400000000000000000e+01
1.076599999999999909e+03 1.376400000000000091e+03 1.400000000000000000e+01
1.077000000000000000e+03 1.377200000000000045e+03 1.400000000000000000e+01
1.077400000000000091e+03 1.378200000000000045e+03 1.400000000000000000e+01
1.077599999999999909e+03 1.379400000000000091e+03 1.500000000000000000e+01
1.077799999999999955e+03 1.380599999999999909e+03 1.500000000000000000e+01
1.077799999999999955e+03 1.381799999999999955e+03 1.500000000000000000e+01
1.077599999999999909e+03 1.383000000000000000e+03 1.500000000000000000e+01
1.077400000000000091e+03 1.384000000000000000e+03 1.500000000000000000e+01
1.077200000000000045e+03 1.385000000000000000e+03 1.500000000000000000e+01
1.077000000000000000e+03 1.386000000000000000e+03 1.500000000000000000e+01
1.077000000000000000e+03 1.387000000000000000e+03 1.500000000000000000e+01
1.077000000000000000e+03 1.388000000000000000e+03 1.500000000000000000e+01
1.076799999999999955e+03 1.388799999999999955e+03 1.500000000000000000e+01
1.076599999999999909e+03 1.389400000000000091e+03 1.400000000000000000e+01
1.076400000000000091e+03 1.390000000000000000e+03 1.500000000000000000e+01
1.076200000000000045e+03 1.390599999999999909e+03 1.400000000000000000e+01
1.076000000000000000e+03 1.391200000000000045e+03 1.400000000000000000e+01
1.076000000000000000e+03 1.392000000000000000e+03 1.400000000000000000e+01
1.075799999999999955e+03 1.392799999999999955e+03 1.400000000000000000e+01
1.075599999999999909e+03 1.393599999999999909e+03 1.400000000000000000e+01
1.075400000000000091e+03 1.394400000000000091e+03 1.400000000000000000e+01
1.075200000000000045e+03 1.395200000000000045e+03 1.400000000000000000e+01
1.075000000000000000e+03 1.396000000000000000e+03 1.400000000000000000e+01
1.074799999999999955e+03 1.396799999999999955e+03 1.400000000000000000e+01
1.074599999999999909e+03 1.397599999999999909e+03 1.400000000000000000e+01
1.074400000000000091e+03 1.398400000000000091e+03 1.400000000000000000e+01
1.074200000000000045e+03 1.399200000000000045e+03 1.400000000000000000e+01
1.074000000000000000e+03 1.400000000000000000e+03 1.400000000000000000e+01
1.074000000000000000e+03 1.400500000000000000e+03 1.400000000000000000e+01
