1.050000000000000000e+03 1.312599999999999909e+03 1.700000000000000000e+01
1.050000000000000000e+03 1.313400000000000091e+03 1.700000000000000000e+01
1.050200000000000045e+03 1.314000000000000000e+03 1.700000000000000000e+01
1.050400000000000091e+03 1.314599999999999909e+03 1.700000000000000000e+01
1.050599999999999909e+03 1.315400000000000091e+03 1.700000000000000000e+01
1.050799999999999955e+03 1.316000000000000000e+03 1.700000000000000000e+01
1.051200000000000045e+03 1.316599999999999909e+03 1.800000000000000000e+01
1.051400000000000091e+03 1.317400000000000091e+03 1.800000000000000000e+01
1.051799999999999955e+03 1.318000000000000000e+03 1.800000000000000000e+01
1.052200000000000045e+03 1.318599999999999909e+03 1.800000000000000000e+01
1.052799999999999955e+03 1.319400000000000091e+03 1.800000000000000000e+01
1.053400000000000091e+03 1.320000000000000000e+03 1.800000000000000000e+01
1.054000000000000000e+03 1.320599999999999909e+03 1.800000000000000000e+01
1.054599999999999909e+03 1.321200000000000045e+03 1.800000000000000000e+01
1.055200000000000045e+03 1.321799999999999955e+03 1.800000000000000000e+01
1.055799999999999955e+03 1.322200000000000045e+03 1.800000000000000000e+01
1.056200000000000045e+03 1.322799999999999955e+03 1.800000000000000000e+01
1.056799999999999955e+03 1.323200000000000045e+03 1.800000000000000000e+01
1.057200000000000045e+03 1.323799999999999955e+03 1.800000000000000000e+01
1.057799999999999955e+03 1.324200000000000045e+03 1.800000000000000000e+01
1.058400000000000091e+03 1.324799999999999955e+03 1.800000000000000000e+01
1.058750000000000000e+03 1.325000000000000000e+03 1.800000000000000000e+01
