1.263400000000000091e+03 8.663999999999999773e+02 9.000000000000000000e+00
1.263599999999999909e+03 8.672000000000000455e+02 9.000000000000000000e+00
1.264000000000000000e+03 8.677999999999999545e+02 9.000000000000000000e+00
1.264400000000000091e+03 8.686000000000000227e+02 9.000000000000000000e+00
1.264599999999999909e+03 8.693999999999999773e+02 9.000000000000000000e+00
1.264799999999999955e+03 8.702000000000000455e+02 9.000000000000000000e+00
1.265200000000000045e+03 8.710000000000000000e+02 9.000000000000000000e+00
1.265400000000000091e+03 8.720000000000000000e+02 9.000000000000000000e+00
1.265599999999999909e+03 8.730000000000000000e+02 9.000000000000000000e+00
1.265799999999999955e+03 8.740000000000000000e+02 9.000000000000000000e+00
1.266000000000000000e+03 8.745000000000000000e+02 9.000000000000000000e+00
