1.190400000000000091e+03 1.147599999999999909e+03 1.400000000000000000e+01
1.190599999999999909e+03 1.148400000000000091e+03 1.400000000000000000e+01
1.191000000000000000e+03 1.149000000000000000e+03 1.400000000000000000e+01
1.191400000000000091e+03 1.149599999999999909e+03 1.400000000000000000e+01
1.191599999999999909e+03 1.150400000000000091e+03 1.400000000000000000e+01
1.191799999999999955e+03 1.151200000000000045e+03 1.400000000000000000e+01
1.192000000000000000e+03 1.152000000000000000e+03 1.400000000000000000e+01
1.192000000000000000e+03 1.153000000000000000e+03 1.400000000000000000e+01
1.192000000000000000e+03 1.154000000000000000e+03 1.400000000000000000e+01
1.192000000000000000e+03 1.155000000000000000e+03 1.400000000000000000e+01
1.192000000000000000e+03 1.156000000000000000e+03 1.400000000000000000e+01
1.192000000000000000e+03 1.157000000000000000e+03 1.400000000000000000e+01
1.192200000000000045e+03 1.158000000000000000e+03 1.400000000000000000e+01
1.192400000000000091e+03 1.159000000000000000e+03 1.400000000000000000e+01
1.192500000000000000e+03 1.159500000000000000e+03 1.400000000000000000e+01
