5.676000000000000227e+02 1.203000000000000000e+03 8.000000000000000000e+00
5.673999999999999773e+02 1.204000000000000000e+03 8.000000000000000000e+00
5.670000000000000000e+02 1.204799999999999955e+03 8.000000000000000000e+00
5.666000000000000227e+02 1.205599999999999909e+03 8.000000000000000000e+00
5.663999999999999773e+02 1.206400000000000091e+03 8.000000000000000000e+00
5.660000000000000000e+02 1.207000000000000000e+03 8.000000000000000000e+00
5.656000000000000227e+02 1.207599999999999909e+03 8.000000000000000000e+00
5.653999999999999773e+02 1.208400000000000091e+03 8.000000000000000000e+00
5.650000000000000000e+02 1.209200000000000045e+03 8.000000000000000000e+00
5.647500000000000000e+02 1.209500000000000000e+03 8.000000000000000000e+00
