9.236000000000000227e+02 6.843999999999999773e+02 1.900000000000000000e+01
9.243999999999999773e+02 6.847999999999999545e+02 1.900000000000000000e+01
9.252000000000000455e+02 6.852000000000000455e+02 1.900000000000000000e+01
9.260000000000000000e+02 6.857999999999999545e+02 1.900000000000000000e+01
9.270000000000000000e+02 6.862000000000000455e+02 1.900000000000000000e+01
9.277999999999999545e+02 6.867999999999999545e+02 1.900000000000000000e+01
9.286000000000000227e+02 6.872000000000000455e+02 1.900000000000000000e+01
9.293999999999999773e+02 6.877999999999999545e+02 1.900000000000000000e+01
9.302000000000000455e+02 6.882000000000000455e+02 1.900000000000000000e+01
9.305000000000000000e+02 6.885000000000000000e+02 1.900000000000000000e+01
