3.916000000000000227e+02 5.373999999999999773e+02 7.000000000000000000e+00
3.923999999999999773e+02 5.380000000000000000e+02 7.000000000000000000e+00
3.930000000000000000e+02 5.386000000000000227e+02 8.000000000000000000e+00
3.936000000000000227e+02 5.392000000000000455e+02 8.000000000000000000e+00
3.943999999999999773e+02 5.397999999999999545e+02 8.000000000000000000e+00
3.951999999999999886e+02 5.402000000000000455e+02 8.000000000000000000e+00
3.958000000000000114e+02 5.407999999999999545e+02 8.000000000000000000e+00
3.966000000000000227e+02 5.412000000000000455e+02 8.000000000000000000e+00
3.973999999999999773e+02 5.416000000000000227e+02 8.000000000000000000e+00
3.980000000000000000e+02 5.420000000000000000e+02 8.000000000000000000e+00
3.986000000000000227e+02 5.423999999999999773e+02 8.000000000000000000e+00
3.993999999999999773e+02 5.427999999999999545e+02 8.000000000000000000e+00
4.001999999999999886e+02 5.432000000000000455e+02 8.000000000000000000e+00
4.010000000000000000e+02 5.436000000000000227e+02 8.000000000000000000e+00
4.018000000000000114e+02 5.440000000000000000e+02 8.000000000000000000e+00
4.026000000000000227e+02 5.443999999999999773e+02 8.000000000000000000e+00
4.033999999999999773e+02 5.446000000000000227e+02 8.000000000000000000e+00
4.041999999999999886e+02 5.450000000000000000e+02 8.000000000000000000e+00
4.050000000000000000e+02 5.453999999999999773e+02 8.000000000000000000e+00
4.060000000000000000e+02 5.456000000000000227e+02 8.000000000000000000e+00
4.068000000000000114e+02 5.460000000000000000e+02 8.000000000000000000e+00
4.076000000000000227e+02 5.463999999999999773e+02 8.000000000000000000e+00
4.083999999999999773e+02 5.466000000000000227e+02 8.000000000000000000e+00
4.091999999999999886e+02 5.467999999999999545e+02 8.000000000000000000e+00
4.098000000000000114e+02 5.472000000000000455e+02 8.000000000000000000e+00
4.106000000000000227e+02 5.473999999999999773e+02 8.000000000000000000e+00
4.113999999999999773e+02 5.476000000000000227e+02 8.000000000000000000e+00
4.121999999999999886e+02 5.477999999999999545e+02 8.000000000000000000e+00
4.130000000000000000e+02 5.482000000000000455e+02 8.000000000000000000e+00
4.140000000000000000e+02 5.483999999999999773e+02 8.000000000000000000e+00
4.150000000000000000e+02 5.486000000000000227e+02 8.000000000000000000e+00
4.160000000000000000e+02 5.487999999999999545e+02 8.000000000000000000e+00
4.168000000000000114e+02 5.492000000000000455e+02 8.000000000000000000e+00
4.176000000000000227e+02 5.493999999999999773e+02 8.000000000000000000e+00
4.183999999999999773e+02 5.496000000000000227e+02 8.000000000000000000e+00
4.191999999999999886e+02 5.497999999999999545e+02 8.000000000000000000e+00
4.200000000000000000e+02 5.500000000000000000e+02 8.000000000000000000e+00
4.210000000000000000e+02 5.500000000000000000e+02 8.000000000000000000e+00
4.218000000000000114e+02 5.502000000000000455e+02 8.000000000000000000e+00
4.226000000000000227e+02 5.503999999999999773e+02 8.000000000000000000e+00
4.233999999999999773e+02 5.506000000000000227e+02 8.000000000000000000e+00
4.241999999999999886e+02 5.507999999999999545e+02 8.000000000000000000e+00
4.250000000000000000e+02 5.510000000000000000e+02 8.000000000000000000e+00
4.258000000000000114e+02 5.512000000000000455e+02 8.000000000000000000e+00
4.266000000000000227e+02 5.513999999999999773e+02 8.000000000000000000e+00
4.273999999999999773e+02 5.516000000000000227e+02 8.000000000000000000e+00
4.280000000000000000e+02 5.517999999999999545e+02 7.000000000000000000e+00
4.286000000000000227e+02 5.520000000000000000e+02 8.000000000000000000e+00
4.293999999999999773e+02 5.520000000000000000e+02 7.000000000000000000e+00
4.301999999999999886e+02 5.522000000000000455e+02 7.000000000000000000e+00
4.310000000000000000e+02 5.523999999999999773e+02 7.000000000000000000e+00
4.320000000000000000e+02 5.526000000000000227e+02 7.000000000000000000e+00
4.325000000000000000e+02 5.527500000000000000e+02 7.000000000000000000e+00
