5.767999999999999545e+02 5.300000000000000000e+01 7.000000000000000000e+00
5.772000000000000455e+02 5.400000000000000000e+01 7.000000000000000000e+00
5.777999999999999545e+02 5.479999999999999716e+01 7.000000000000000000e+00
5.782000000000000455e+02 5.560000000000000142e+01 7.000000000000000000e+00
5.786000000000000227e+02 5.639999999999999858e+01 7.000000000000000000e+00
5.790000000000000000e+02 5.700000000000000000e+01 7.000000000000000000e+00
5.793999999999999773e+02 5.760000000000000142e+01 7.000000000000000000e+00
5.797999999999999545e+02 5.820000000000000284e+01 7.000000000000000000e+00
5.802000000000000455e+02 5.879999999999999716e+01 7.000000000000000000e+00
5.807999999999999545e+02 5.920000000000000284e+01 7.000000000000000000e+00
5.812000000000000455e+02 5.979999999999999716e+01 7.000000000000000000e+00
5.817999999999999545e+02 6.020000000000000284e+01 7.000000000000000000e+00
5.823999999999999773e+02 6.060000000000000142e+01 7.000000000000000000e+00
5.832000000000000455e+02 6.079999999999999716e+01 7.000000000000000000e+00
5.840000000000000000e+02 6.100000000000000000e+01 7.000000000000000000e+00
5.850000000000000000e+02 6.100000000000000000e+01 7.000000000000000000e+00
5.860000000000000000e+02 6.100000000000000000e+01 7.000000000000000000e+00
5.870000000000000000e+02 6.079999999999999716e+01 7.000000000000000000e+00
5.880000000000000000e+02 6.060000000000000142e+01 7.000000000000000000e+00
5.887999999999999545e+02 6.020000000000000284e+01 7.000000000000000000e+00
5.896000000000000227e+02 5.979999999999999716e+01 7.000000000000000000e+00
5.902000000000000455e+02 5.920000000000000284e+01 7.000000000000000000e+00
5.907999999999999545e+02 5.879999999999999716e+01 7.000000000000000000e+00
5.913999999999999773e+02 5.820000000000000284e+01 7.000000000000000000e+00
5.922000000000000455e+02 5.760000000000000142e+01 7.000000000000000000e+00
5.930000000000000000e+02 5.700000000000000000e+01 7.000000000000000000e+00
5.937999999999999545e+02 5.639999999999999858e+01 7.000000000000000000e+00
5.946000000000000227e+02 5.579999999999999716e+01 7.000000000000000000e+00
5.952000000000000455e+02 5.520000000000000284e+01 7.000000000000000000e+00
5.955000000000000000e+02 5.500000000000000000e+01 7.000000000000000000e+00
