9.512000000000000455e+02 1.247200000000000045e+03 1.500000000000000000e+01
9.517999999999999545e+02 1.247799999999999955e+03 1.500000000000000000e+01
9.526000000000000227e+02 1.248200000000000045e+03 1.500000000000000000e+01
9.533999999999999773e+02 1.248599999999999909e+03 1.500000000000000000e+01
9.540000000000000000e+02 1.249000000000000000e+03 1.500000000000000000e+01
9.546000000000000227e+02 1.249400000000000091e+03 1.400000000000000000e+01
9.553999999999999773e+02 1.249599999999999909e+03 1.400000000000000000e+01
9.560000000000000000e+02 1.250000000000000000e+03 1.400000000000000000e+01
9.566000000000000227e+02 1.250400000000000091e+03 1.400000000000000000e+01
9.573999999999999773e+02 1.250599999999999909e+03 1.400000000000000000e+01
9.582000000000000455e+02 1.251000000000000000e+03 1.400000000000000000e+01
9.590000000000000000e+02 1.251400000000000091e+03 1.400000000000000000e+01
9.600000000000000000e+02 1.251599999999999909e+03 1.400000000000000000e+01
9.607999999999999545e+02 1.252000000000000000e+03 1.400000000000000000e+01
9.616000000000000227e+02 1.252400000000000091e+03 1.400000000000000000e+01
9.623999999999999773e+02 1.252599999999999909e+03 1.400000000000000000e+01
9.630000000000000000e+02 1.252799999999999955e+03 1.400000000000000000e+01
9.636000000000000227e+02 1.253200000000000045e+03 1.500000000000000000e+01
9.643999999999999773e+02 1.253400000000000091e+03 1.500000000000000000e+01
9.650000000000000000e+02 1.253799999999999955e+03 1.500000000000000000e+01
9.656000000000000227e+02 1.254200000000000045e+03 1.500000000000000000e+01
9.663999999999999773e+02 1.254799999999999955e+03 1.500000000000000000e+01
9.670000000000000000e+02 1.255200000000000045e+03 1.500000000000000000e+01
9.676000000000000227e+02 1.255799999999999955e+03 1.600000000000000000e+01
9.683999999999999773e+02 1.256400000000000091e+03 1.600000000000000000e+01
9.690000000000000000e+02 1.257200000000000045e+03 1.600000000000000000e+01
9.696000000000000227e+02 1.257799999999999955e+03 1.600000000000000000e+01
9.702000000000000455e+02 1.258599999999999909e+03 1.600000000000000000e+01
9.707999999999999545e+02 1.259200000000000045e+03 1.700000000000000000e+01
9.712000000000000455e+02 1.259799999999999955e+03 1.700000000000000000e+01
9.717999999999999545e+02 1.260200000000000045e+03 1.700000000000000000e+01
9.722000000000000455e+02 1.260799999999999955e+03 1.700000000000000000e+01
9.726000000000000227e+02 1.261400000000000091e+03 1.700000000000000000e+01
9.730000000000000000e+02 1.262000000000000000e+03 1.700000000000000000e+01
9.733999999999999773e+02 1.262599999999999909e+03 1.700000000000000000e+01
9.736000000000000227e+02 1.263200000000000045e+03 1.700000000000000000e+01
9.740000000000000000e+02 1.263599999999999909e+03 1.800000000000000000e+01
9.743999999999999773e+02 1.264000000000000000e+03 1.800000000000000000e+01
9.747999999999999545e+02 1.264400000000000091e+03 1.800000000000000000e+01
9.752000000000000455e+02 1.264799999999999955e+03 1.800000000000000000e+01
9.757999999999999545e+02 1.265200000000000045e+03 1.800000000000000000e+01
9.762000000000000455e+02 1.265799999999999955e+03 1.800000000000000000e+01
9.767999999999999545e+02 1.266200000000000045e+03 1.800000000000000000e+01
9.773999999999999773e+02 1.266599999999999909e+03 1.800000000000000000e+01
9.780000000000000000e+02 1.267000000000000000e+03 1.800000000000000000e+01
9.786000000000000227e+02 1.267400000000000091e+03 1.900000000000000000e+01
9.793999999999999773e+02 1.267599999999999909e+03 1.900000000000000000e+01
9.800000000000000000e+02 1.268000000000000000e+03 1.900000000000000000e+01
9.806000000000000227e+02 1.268400000000000091e+03 1.900000000000000000e+01
9.813999999999999773e+02 1.268599999999999909e+03 1.900000000000000000e+01
9.822000000000000455e+02 1.268799999999999955e+03 1.900000000000000000e+01
9.827999999999999545e+02 1.269200000000000045e+03 1.900000000000000000e+01
9.836000000000000227e+02 1.269400000000000091e+03 1.900000000000000000e+01
9.843999999999999773e+02 1.269599999999999909e+03 1.900000000000000000e+01
9.850000000000000000e+02 1.270000000000000000e+03 1.900000000000000000e+01
9.856000000000000227e+02 1.270400000000000091e+03 1.900000000000000000e+01
9.863999999999999773e+02 1.270599999999999909e+03 1.900000000000000000e+01
9.872000000000000455e+02 1.270799999999999955e+03 1.900000000000000000e+01
9.877999999999999545e+02 1.271200000000000045e+03 1.900000000000000000e+01
9.886000000000000227e+02 1.271400000000000091e+03 1.900000000000000000e+01
9.893999999999999773e+02 1.271799999999999955e+03 1.900000000000000000e+01
9.902000000000000455e+02 1.272200000000000045e+03 1.900000000000000000e+01
9.907999999999999545e+02 1.272799999999999955e+03 1.900000000000000000e+01
9.916000000000000227e+02 1.273200000000000045e+03 1.900000000000000000e+01
9.922000000000000455e+02 1.273599999999999909e+03 1.900000000000000000e+01
9.926000000000000227e+02 1.274000000000000000e+03 2.000000000000000000e+01
9.930000000000000000e+02 1.274599999999999909e+03 1.900000000000000000e+01
9.933999999999999773e+02 1.275200000000000045e+03 1.900000000000000000e+01
9.936000000000000227e+02 1.276000000000000000e+03 1.900000000000000000e+01
9.937999999999999545e+02 1.277000000000000000e+03 1.900000000000000000e+01
9.942000000000000455e+02 1.277799999999999955e+03 1.900000000000000000e+01
9.943999999999999773e+02 1.278599999999999909e+03 1.900000000000000000e+01
9.946000000000000227e+02 1.279400000000000091e+03 1.900000000000000000e+01
9.950000000000000000e+02 1.280200000000000045e+03 1.900000000000000000e+01
9.953999999999999773e+02 1.281000000000000000e+03 1.900000000000000000e+01
9.956000000000000227e+02 1.282000000000000000e+03 1.900000000000000000e+01
9.960000000000000000e+02 1.283000000000000000e+03 1.900000000000000000e+01
9.963999999999999773e+02 1.284000000000000000e+03 1.900000000000000000e+01
9.966000000000000227e+02 1.285000000000000000e+03 1.900000000000000000e+01
9.970000000000000000e+02 1.285799999999999955e+03 1.900000000000000000e+01
9.973999999999999773e+02 1.286599999999999909e+03 1.900000000000000000e+01
9.976000000000000227e+02 1.287400000000000091e+03 1.800000000000000000e+01
9.980000000000000000e+02 1.288200000000000045e+03 1.800000000000000000e+01
9.983999999999999773e+02 1.289000000000000000e+03 1.800000000000000000e+01
9.986000000000000227e+02 1.290000000000000000e+03 1.800000000000000000e+01
9.987999999999999545e+02 1.290799999999999955e+03 1.700000000000000000e+01
9.992000000000000455e+02 1.291400000000000091e+03 1.800000000000000000e+01
9.993999999999999773e+02 1.292000000000000000e+03 1.700000000000000000e+01
9.996000000000000227e+02 1.292599999999999909e+03 1.700000000000000000e+01
9.997999999999999545e+02 1.293200000000000045e+03 1.700000000000000000e+01
1.000200000000000045e+03 1.293799999999999955e+03 1.700000000000000000e+01
1.000399999999999977e+03 1.294400000000000091e+03 1.600000000000000000e+01
1.000600000000000023e+03 1.295000000000000000e+03 1.700000000000000000e+01
1.001000000000000000e+03 1.295599999999999909e+03 1.600000000000000000e+01
1.001399999999999977e+03 1.296200000000000045e+03 1.600000000000000000e+01
1.001799999999999955e+03 1.296799999999999955e+03 1.600000000000000000e+01
1.002200000000000045e+03 1.297599999999999909e+03 1.600000000000000000e+01
1.002799999999999955e+03 1.298200000000000045e+03 1.500000000000000000e+01
1.003399999999999977e+03 1.298799999999999955e+03 1.500000000000000000e+01
1.004200000000000045e+03 1.299200000000000045e+03 1.500000000000000000e+01
1.004799999999999955e+03 1.299799999999999955e+03 1.500000000000000000e+01
1.005600000000000023e+03 1.300200000000000045e+03 1.500000000000000000e+01
1.006399999999999977e+03 1.300599999999999909e+03 1.500000000000000000e+01
1.007200000000000045e+03 1.301000000000000000e+03 1.500000000000000000e+01
1.008000000000000000e+03 1.301400000000000091e+03 1.500000000000000000e+01
1.009000000000000000e+03 1.301799999999999955e+03 1.500000000000000000e+01
1.010000000000000000e+03 1.302200000000000045e+03 1.500000000000000000e+01
1.011000000000000000e+03 1.302599999999999909e+03 1.500000000000000000e+01
1.012000000000000000e+03 1.303000000000000000e+03 1.500000000000000000e+01
1.013000000000000000e+03 1.303400000000000091e+03 1.500000000000000000e+01
1.014000000000000000e+03 1.303599999999999909e+03 1.500000000000000000e+01
1.014799999999999955e+03 1.304000000000000000e+03 1.500000000000000000e+01
1.015600000000000023e+03 1.304400000000000091e+03 1.500000000000000000e+01
1.016399999999999977e+03 1.304599999999999909e+03 1.500000000000000000e+01
1.017200000000000045e+03 1.304799999999999955e+03 1.500000000000000000e+01
1.017799999999999955e+03 1.305200000000000045e+03 1.500000000000000000e+01
1.018600000000000023e+03 1.305400000000000091e+03 1.600000000000000000e+01
1.019399999999999977e+03 1.305599999999999909e+03 1.600000000000000000e+01
1.020200000000000045e+03 1.306000000000000000e+03 1.600000000000000000e+01
1.021000000000000000e+03 1.306400000000000091e+03 1.600000000000000000e+01
1.022000000000000000e+03 1.306599999999999909e+03 1.600000000000000000e+01
1.023000000000000000e+03 1.306799999999999955e+03 1.600000000000000000e+01
1.024000000000000000e+03 1.307000000000000000e+03 1.600000000000000000e+01
1.024799999999999955e+03 1.306799999999999955e+03 1.600000000000000000e+01
1.025599999999999909e+03 1.306599999999999909e+03 1.600000000000000000e+01
1.026400000000000091e+03 1.306400000000000091e+03 1.600000000000000000e+01
1.027200000000000045e+03 1.306200000000000045e+03 1.600000000000000000e+01
1.027799999999999955e+03 1.305799999999999955e+03 1.600000000000000000e+01
1.028599999999999909e+03 1.305599999999999909e+03 1.600000000000000000e+01
1.029400000000000091e+03 1.305400000000000091e+03 1.600000000000000000e+01
1.030200000000000045e+03 1.305200000000000045e+03 1.600000000000000000e+01
1.031000000000000000e+03 1.305000000000000000e+03 1.600000000000000000e+01
1.031799999999999955e+03 1.304799999999999955e+03 1.600000000000000000e+01
1.032599999999999909e+03 1.304599999999999909e+03 1.600000000000000000e+01
1.033400000000000091e+03 1.304400000000000091e+03 1.600000000000000000e+01
1.034200000000000045e+03 1.304200000000000045e+03 1.600000000000000000e+01
1.035000000000000000e+03 1.304000000000000000e+03 1.600000000000000000e+01
1.036000000000000000e+03 1.304000000000000000e+03 1.600000000000000000e+01
1.037000000000000000e+03 1.304000000000000000e+03 1.600000000000000000e+01
1.037799999999999955e+03 1.304200000000000045e+03 1.600000000000000000e+01
1.038599999999999909e+03 1.304400000000000091e+03 1.600000000000000000e+01
1.039400000000000091e+03 1.304599999999999909e+03 1.600000000000000000e+01
1.040200000000000045e+03 1.304799999999999955e+03 1.600000000000000000e+01
1.040799999999999955e+03 1.305200000000000045e+03 1.600000000000000000e+01
1.041599999999999909e+03 1.305400000000000091e+03 1.600000000000000000e+01
1.042400000000000091e+03 1.305599999999999909e+03 1.600000000000000000e+01
1.043000000000000000e+03 1.306000000000000000e+03 1.600000000000000000e+01
1.043599999999999909e+03 1.306400000000000091e+03 1.600000000000000000e+01
1.044400000000000091e+03 1.306599999999999909e+03 1.600000000000000000e+01
1.045000000000000000e+03 1.307000000000000000e+03 1.600000000000000000e+01
1.045599999999999909e+03 1.307400000000000091e+03 1.600000000000000000e+01
1.046200000000000045e+03 1.307799999999999955e+03 1.600000000000000000e+01
1.046799999999999955e+03 1.308200000000000045e+03 1.600000000000000000e+01
1.047400000000000091e+03 1.308599999999999909e+03 1.600000000000000000e+01
1.048000000000000000e+03 1.309000000000000000e+03 1.600000000000000000e+01
1.048250000000000000e+03 1.309250000000000000e+03 1.600000000000000000e+01
