5.000000000000000000e+01 1.790000000000000000e+02 2.000000000000000000e+00
5.100000000000000000e+01 1.790000000000000000e+02 2.000000000000000000e+00
5.200000000000000000e+01 1.790000000000000000e+02 2.000000000000000000e+00
5.300000000000000000e+01 1.790000000000000000e+02 2.000000000000000000e+00
5.400000000000000000e+01 1.790000000000000000e+02 2.000000000000000000e+00
5.500000000000000000e+01 1.790000000000000000e+02 2.000000000000000000e+00
5.600000000000000000e+01 1.790000000000000000e+02 2.000000000000000000e+00
5.700000000000000000e+01 1.790000000000000000e+02 2.000000000000000000e+00
5.800000000000000000e+01 1.791999999999999886e+02 2.000000000000000000e+00
5.900000000000000000e+01 1.794000000000000057e+02 2.000000000000000000e+00
6.000000000000000000e+01 1.795999999999999943e+02 2.000000000000000000e+00
6.100000000000000000e+01 1.798000000000000114e+02 2.000000000000000000e+00
6.200000000000000000e+01 1.801999999999999886e+02 2.000000000000000000e+00
6.300000000000000000e+01 1.804000000000000057e+02 2.000000000000000000e+00
6.400000000000000000e+01 1.805999999999999943e+02 2.000000000000000000e+00
6.500000000000000000e+01 1.808000000000000114e+02 2.000000000000000000e+00
6.579999999999999716e+01 1.811999999999999886e+02 2.000000000000000000e+00
6.659999999999999432e+01 1.814000000000000057e+02 2.000000000000000000e+00
6.740000000000000568e+01 1.815999999999999943e+02 2.000000000000000000e+00
6.820000000000000284e+01 1.820000000000000000e+02 2.000000000000000000e+00
6.900000000000000000e+01 1.824000000000000057e+02 2.000000000000000000e+00
7.000000000000000000e+01 1.825999999999999943e+02 2.000000000000000000e+00
7.079999999999999716e+01 1.830000000000000000e+02 2.000000000000000000e+00
7.159999999999999432e+01 1.834000000000000057e+02 2.000000000000000000e+00
7.200000000000000000e+01 1.835000000000000000e+02 2.000000000000000000e+00
