2.723999999999999773e+02 4.233999999999999773e+02 6.000000000000000000e+00
2.731999999999999886e+02 4.230000000000000000e+02 6.000000000000000000e+00
2.740000000000000000e+02 4.226000000000000227e+02 6.000000000000000000e+00
2.750000000000000000e+02 4.223999999999999773e+02 6.000000000000000000e+00
2.760000000000000000e+02 4.221999999999999886e+02 6.000000000000000000e+00
2.768000000000000114e+02 4.218000000000000114e+02 6.000000000000000000e+00
2.776000000000000227e+02 4.216000000000000227e+02 6.000000000000000000e+00
2.783999999999999773e+02 4.213999999999999773e+02 6.000000000000000000e+00
2.791999999999999886e+02 4.211999999999999886e+02 6.000000000000000000e+00
2.800000000000000000e+02 4.210000000000000000e+02 6.000000000000000000e+00
2.808000000000000114e+02 4.210000000000000000e+02 6.000000000000000000e+00
2.816000000000000227e+02 4.210000000000000000e+02 7.000000000000000000e+00
2.823999999999999773e+02 4.210000000000000000e+02 7.000000000000000000e+00
2.831999999999999886e+02 4.210000000000000000e+02 7.000000000000000000e+00
2.840000000000000000e+02 4.210000000000000000e+02 7.000000000000000000e+00
2.850000000000000000e+02 4.210000000000000000e+02 7.000000000000000000e+00
2.860000000000000000e+02 4.210000000000000000e+02 7.000000000000000000e+00
2.870000000000000000e+02 4.210000000000000000e+02 7.000000000000000000e+00
2.880000000000000000e+02 4.211999999999999886e+02 7.000000000000000000e+00
2.890000000000000000e+02 4.213999999999999773e+02 7.000000000000000000e+00
2.900000000000000000e+02 4.216000000000000227e+02 7.000000000000000000e+00
2.910000000000000000e+02 4.218000000000000114e+02 7.000000000000000000e+00
2.915000000000000000e+02 4.220000000000000000e+02 7.000000000000000000e+00
