4.166000000000000227e+02 9.763999999999999773e+02 1.600000000000000000e+01
4.173999999999999773e+02 9.766000000000000227e+02 1.600000000000000000e+01
4.181999999999999886e+02 9.767999999999999545e+02 1.600000000000000000e+01
4.188000000000000114e+02 9.772000000000000455e+02 1.600000000000000000e+01
4.196000000000000227e+02 9.773999999999999773e+02 1.600000000000000000e+01
4.203999999999999773e+02 9.776000000000000227e+02 1.600000000000000000e+01
4.211999999999999886e+02 9.780000000000000000e+02 1.600000000000000000e+01
4.220000000000000000e+02 9.783999999999999773e+02 1.600000000000000000e+01
4.230000000000000000e+02 9.786000000000000227e+02 1.600000000000000000e+01
4.238000000000000114e+02 9.790000000000000000e+02 1.600000000000000000e+01
4.246000000000000227e+02 9.793999999999999773e+02 1.600000000000000000e+01
4.253999999999999773e+02 9.796000000000000227e+02 1.600000000000000000e+01
4.261999999999999886e+02 9.800000000000000000e+02 1.600000000000000000e+01
4.270000000000000000e+02 9.803999999999999773e+02 1.600000000000000000e+01
4.280000000000000000e+02 9.806000000000000227e+02 1.600000000000000000e+01
4.288000000000000114e+02 9.810000000000000000e+02 1.600000000000000000e+01
4.296000000000000227e+02 9.813999999999999773e+02 1.600000000000000000e+01
4.301999999999999886e+02 9.816000000000000227e+02 1.600000000000000000e+01
4.308000000000000114e+02 9.820000000000000000e+02 1.700000000000000000e+01
4.311999999999999886e+02 9.826000000000000227e+02 1.600000000000000000e+01
4.318000000000000114e+02 9.830000000000000000e+02 1.600000000000000000e+01
4.321999999999999886e+02 9.836000000000000227e+02 1.600000000000000000e+01
4.326000000000000227e+02 9.843999999999999773e+02 1.600000000000000000e+01
4.330000000000000000e+02 9.850000000000000000e+02 1.600000000000000000e+01
4.333999999999999773e+02 9.856000000000000227e+02 1.600000000000000000e+01
4.338000000000000114e+02 9.862000000000000455e+02 1.600000000000000000e+01
4.341999999999999886e+02 9.867999999999999545e+02 1.600000000000000000e+01
4.348000000000000114e+02 9.873999999999999773e+02 1.600000000000000000e+01
4.353999999999999773e+02 9.882000000000000455e+02 1.600000000000000000e+01
4.360000000000000000e+02 9.890000000000000000e+02 1.600000000000000000e+01
4.366000000000000227e+02 9.900000000000000000e+02 1.600000000000000000e+01
4.373999999999999773e+02 9.910000000000000000e+02 1.600000000000000000e+01
4.381999999999999886e+02 9.920000000000000000e+02 1.600000000000000000e+01
4.388000000000000114e+02 9.930000000000000000e+02 1.600000000000000000e+01
4.396000000000000227e+02 9.937999999999999545e+02 1.600000000000000000e+01
4.401999999999999886e+02 9.946000000000000227e+02 1.600000000000000000e+01
4.408000000000000114e+02 9.952000000000000455e+02 1.600000000000000000e+01
4.411999999999999886e+02 9.957999999999999545e+02 1.600000000000000000e+01
4.418000000000000114e+02 9.962000000000000455e+02 1.600000000000000000e+01
4.421999999999999886e+02 9.967999999999999545e+02 1.600000000000000000e+01
4.428000000000000114e+02 9.972000000000000455e+02 1.600000000000000000e+01
4.431999999999999886e+02 9.977999999999999545e+02 1.600000000000000000e+01
4.438000000000000114e+02 9.982000000000000455e+02 1.600000000000000000e+01
4.443999999999999773e+02 9.987999999999999545e+02 1.600000000000000000e+01
4.451999999999999886e+02 9.993999999999999773e+02 1.600000000000000000e+01
4.460000000000000000e+02 1.000000000000000000e+03 1.600000000000000000e+01
4.468000000000000114e+02 1.000600000000000023e+03 1.600000000000000000e+01
4.476000000000000227e+02 1.001200000000000045e+03 1.600000000000000000e+01
4.483999999999999773e+02 1.001799999999999955e+03 1.600000000000000000e+01
4.491999999999999886e+02 1.002200000000000045e+03 1.600000000000000000e+01
4.498000000000000114e+02 1.002799999999999955e+03 1.600000000000000000e+01
4.506000000000000227e+02 1.003200000000000045e+03 1.600000000000000000e+01
4.511999999999999886e+02 1.003799999999999955e+03 1.600000000000000000e+01
4.518000000000000114e+02 1.004200000000000045e+03 1.600000000000000000e+01
4.520000000000000000e+02 1.004799999999999955e+03 1.600000000000000000e+01
4.521999999999999886e+02 1.005399999999999977e+03 1.600000000000000000e+01
4.521999999999999886e+02 1.006200000000000045e+03 1.600000000000000000e+01
4.520000000000000000e+02 1.006799999999999955e+03 1.600000000000000000e+01
4.516000000000000227e+02 1.007600000000000023e+03 1.600000000000000000e+01
4.513999999999999773e+02 1.008399999999999977e+03 1.600000000000000000e+01
4.511999999999999886e+02 1.009200000000000045e+03 1.600000000000000000e+01
4.510000000000000000e+02 1.010000000000000000e+03 1.600000000000000000e+01
4.510000000000000000e+02 1.011000000000000000e+03 1.600000000000000000e+01
4.510000000000000000e+02 1.012000000000000000e+03 1.600000000000000000e+01
4.510000000000000000e+02 1.013000000000000000e+03 1.600000000000000000e+01
4.510000000000000000e+02 1.014000000000000000e+03 1.600000000000000000e+01
4.511999999999999886e+02 1.014799999999999955e+03 1.600000000000000000e+01
4.513999999999999773e+02 1.015600000000000023e+03 1.600000000000000000e+01
4.516000000000000227e+02 1.016399999999999977e+03 1.600000000000000000e+01
4.520000000000000000e+02 1.017200000000000045e+03 1.600000000000000000e+01
4.523999999999999773e+02 1.018000000000000000e+03 1.600000000000000000e+01
4.528000000000000114e+02 1.018799999999999955e+03 1.600000000000000000e+01
4.531999999999999886e+02 1.019600000000000023e+03 1.600000000000000000e+01
4.538000000000000114e+02 1.020200000000000045e+03 1.600000000000000000e+01
4.541999999999999886e+02 1.020799999999999955e+03 1.600000000000000000e+01
4.548000000000000114e+02 1.021200000000000045e+03 1.600000000000000000e+01
4.551999999999999886e+02 1.021799999999999955e+03 1.600000000000000000e+01
4.558000000000000114e+02 1.022200000000000045e+03 1.600000000000000000e+01
4.561999999999999886e+02 1.022799999999999955e+03 1.600000000000000000e+01
4.568000000000000114e+02 1.023200000000000045e+03 1.600000000000000000e+01
4.571999999999999886e+02 1.023799999999999955e+03 1.600000000000000000e+01
4.578000000000000114e+02 1.024200000000000045e+03 1.600000000000000000e+01
4.583999999999999773e+02 1.024799999999999955e+03 1.600000000000000000e+01
4.591999999999999886e+02 1.025200000000000045e+03 1.600000000000000000e+01
4.595000000000000000e+02 1.025500000000000000e+03 1.600000000000000000e+01
