6.976000000000000227e+02 4.726000000000000227e+02 1.300000000000000000e+01
6.972000000000000455e+02 4.731999999999999886e+02 1.300000000000000000e+01
6.967999999999999545e+02 4.738000000000000114e+02 1.300000000000000000e+01
6.962000000000000455e+02 4.743999999999999773e+02 1.300000000000000000e+01
6.957999999999999545e+02 4.751999999999999886e+02 1.300000000000000000e+01
6.952000000000000455e+02 4.758000000000000114e+02 1.300000000000000000e+01
6.947999999999999545e+02 4.766000000000000227e+02 1.300000000000000000e+01
6.942000000000000455e+02 4.771999999999999886e+02 1.300000000000000000e+01
6.937999999999999545e+02 4.778000000000000114e+02 1.300000000000000000e+01
6.932000000000000455e+02 4.781999999999999886e+02 1.300000000000000000e+01
6.927999999999999545e+02 4.788000000000000114e+02 1.300000000000000000e+01
6.922000000000000455e+02 4.791999999999999886e+02 1.300000000000000000e+01
6.917999999999999545e+02 4.798000000000000114e+02 1.300000000000000000e+01
6.912000000000000455e+02 4.801999999999999886e+02 1.300000000000000000e+01
6.907999999999999545e+02 4.808000000000000114e+02 1.300000000000000000e+01
6.903999999999999773e+02 4.811999999999999886e+02 1.300000000000000000e+01
6.900000000000000000e+02 4.816000000000000227e+02 1.200000000000000000e+01
6.896000000000000227e+02 4.820000000000000000e+02 1.200000000000000000e+01
6.892000000000000455e+02 4.823999999999999773e+02 1.200000000000000000e+01
6.887999999999999545e+02 4.828000000000000114e+02 1.200000000000000000e+01
6.882000000000000455e+02 4.831999999999999886e+02 1.200000000000000000e+01
6.877999999999999545e+02 4.838000000000000114e+02 1.200000000000000000e+01
6.872000000000000455e+02 4.841999999999999886e+02 1.200000000000000000e+01
6.867999999999999545e+02 4.848000000000000114e+02 1.200000000000000000e+01
6.862000000000000455e+02 4.853999999999999773e+02 1.200000000000000000e+01
6.857999999999999545e+02 4.861999999999999886e+02 1.200000000000000000e+01
6.852000000000000455e+02 4.868000000000000114e+02 1.200000000000000000e+01
6.847999999999999545e+02 4.876000000000000227e+02 1.200000000000000000e+01
6.843999999999999773e+02 4.883999999999999773e+02 1.200000000000000000e+01
6.840000000000000000e+02 4.890000000000000000e+02 1.200000000000000000e+01
6.836000000000000227e+02 4.896000000000000227e+02 1.300000000000000000e+01
6.833999999999999773e+02 4.903999999999999773e+02 1.300000000000000000e+01
6.830000000000000000e+02 4.910000000000000000e+02 1.300000000000000000e+01
6.826000000000000227e+02 4.916000000000000227e+02 1.300000000000000000e+01
6.823999999999999773e+02 4.923999999999999773e+02 1.300000000000000000e+01
6.820000000000000000e+02 4.930000000000000000e+02 1.300000000000000000e+01
6.816000000000000227e+02 4.936000000000000227e+02 1.300000000000000000e+01
6.812000000000000455e+02 4.943999999999999773e+02 1.300000000000000000e+01
6.807999999999999545e+02 4.951999999999999886e+02 1.300000000000000000e+01
6.802000000000000455e+02 4.958000000000000114e+02 1.300000000000000000e+01
6.797999999999999545e+02 4.966000000000000227e+02 1.300000000000000000e+01
6.792000000000000455e+02 4.971999999999999886e+02 1.300000000000000000e+01
6.787999999999999545e+02 4.978000000000000114e+02 1.300000000000000000e+01
6.782000000000000455e+02 4.981999999999999886e+02 1.300000000000000000e+01
6.777999999999999545e+02 4.988000000000000114e+02 1.300000000000000000e+01
6.773999999999999773e+02 4.993999999999999773e+02 1.300000000000000000e+01
6.770000000000000000e+02 5.000000000000000000e+02 1.300000000000000000e+01
6.766000000000000227e+02 5.006000000000000227e+02 1.300000000000000000e+01
6.762000000000000455e+02 5.011999999999999886e+02 1.300000000000000000e+01
6.757999999999999545e+02 5.018000000000000114e+02 1.300000000000000000e+01
6.752000000000000455e+02 5.021999999999999886e+02 1.300000000000000000e+01
6.747999999999999545e+02 5.028000000000000114e+02 1.300000000000000000e+01
6.743999999999999773e+02 5.033999999999999773e+02 1.300000000000000000e+01
6.740000000000000000e+02 5.040000000000000000e+02 1.300000000000000000e+01
6.736000000000000227e+02 5.046000000000000227e+02 1.300000000000000000e+01
6.733999999999999773e+02 5.053999999999999773e+02 1.300000000000000000e+01
6.730000000000000000e+02 5.060000000000000000e+02 1.300000000000000000e+01
6.726000000000000227e+02 5.066000000000000227e+02 1.300000000000000000e+01
6.723999999999999773e+02 5.073999999999999773e+02 1.300000000000000000e+01
6.722000000000000455e+02 5.081999999999999886e+02 1.300000000000000000e+01
6.717999999999999545e+02 5.090000000000000000e+02 1.300000000000000000e+01
6.716000000000000227e+02 5.100000000000000000e+02 1.300000000000000000e+01
6.713999999999999773e+02 5.110000000000000000e+02 1.300000000000000000e+01
6.712000000000000455e+02 5.120000000000000000e+02 1.300000000000000000e+01
6.710000000000000000e+02 5.130000000000000000e+02 1.300000000000000000e+01
6.710000000000000000e+02 5.140000000000000000e+02 1.300000000000000000e+01
6.710000000000000000e+02 5.150000000000000000e+02 1.300000000000000000e+01
6.710000000000000000e+02 5.160000000000000000e+02 1.300000000000000000e+01
6.710000000000000000e+02 5.170000000000000000e+02 1.300000000000000000e+01
6.710000000000000000e+02 5.180000000000000000e+02 1.300000000000000000e+01
6.710000000000000000e+02 5.190000000000000000e+02 1.300000000000000000e+01
6.710000000000000000e+02 5.200000000000000000e+02 1.300000000000000000e+01
6.710000000000000000e+02 5.210000000000000000e+02 1.300000000000000000e+01
6.710000000000000000e+02 5.220000000000000000e+02 1.300000000000000000e+01
6.710000000000000000e+02 5.230000000000000000e+02 1.300000000000000000e+01
6.710000000000000000e+02 5.240000000000000000e+02 1.300000000000000000e+01
6.710000000000000000e+02 5.250000000000000000e+02 1.300000000000000000e+01
6.707999999999999545e+02 5.257999999999999545e+02 1.300000000000000000e+01
6.706000000000000227e+02 5.266000000000000227e+02 1.200000000000000000e+01
6.703999999999999773e+02 5.273999999999999773e+02 1.200000000000000000e+01
6.702000000000000455e+02 5.280000000000000000e+02 1.200000000000000000e+01
6.700000000000000000e+02 5.286000000000000227e+02 1.100000000000000000e+01
6.700000000000000000e+02 5.293999999999999773e+02 1.100000000000000000e+01
6.700000000000000000e+02 5.302000000000000455e+02 1.000000000000000000e+01
6.700000000000000000e+02 5.305000000000000000e+02 1.000000000000000000e+01
