2.314000000000000057e+02 6.759999999999999432e+01 1.000000000000000000e+01
2.318000000000000114e+02 6.840000000000000568e+01 1.000000000000000000e+01
2.321999999999999886e+02 6.920000000000000284e+01 1.000000000000000000e+01
2.328000000000000114e+02 6.979999999999999716e+01 1.000000000000000000e+01
2.331999999999999886e+02 7.059999999999999432e+01 1.000000000000000000e+01
2.338000000000000114e+02 7.140000000000000568e+01 1.000000000000000000e+01
2.341999999999999886e+02 7.220000000000000284e+01 1.000000000000000000e+01
2.348000000000000114e+02 7.279999999999999716e+01 1.000000000000000000e+01
2.351999999999999886e+02 7.359999999999999432e+01 1.000000000000000000e+01
2.358000000000000114e+02 7.420000000000000284e+01 1.000000000000000000e+01
2.361999999999999886e+02 7.479999999999999716e+01 1.000000000000000000e+01
2.368000000000000114e+02 7.520000000000000284e+01 1.100000000000000000e+01
2.371999999999999886e+02 7.579999999999999716e+01 1.100000000000000000e+01
2.378000000000000114e+02 7.640000000000000568e+01 1.100000000000000000e+01
2.384000000000000057e+02 7.720000000000000284e+01 1.100000000000000000e+01
2.391999999999999886e+02 7.800000000000000000e+01 1.100000000000000000e+01
2.400000000000000000e+02 7.879999999999999716e+01 1.100000000000000000e+01
2.408000000000000114e+02 7.959999999999999432e+01 1.100000000000000000e+01
2.415999999999999943e+02 8.020000000000000284e+01 1.100000000000000000e+01
2.421999999999999886e+02 8.079999999999999716e+01 1.100000000000000000e+01
2.428000000000000114e+02 8.120000000000000284e+01 1.100000000000000000e+01
2.431999999999999886e+02 8.179999999999999716e+01 1.100000000000000000e+01
2.438000000000000114e+02 8.220000000000000284e+01 1.100000000000000000e+01
2.441999999999999886e+02 8.279999999999999716e+01 1.100000000000000000e+01
2.448000000000000114e+02 8.320000000000000284e+01 1.100000000000000000e+01
2.454000000000000057e+02 8.379999999999999716e+01 1.200000000000000000e+01
2.460000000000000000e+02 8.440000000000000568e+01 1.200000000000000000e+01
2.465999999999999943e+02 8.500000000000000000e+01 1.200000000000000000e+01
2.470000000000000000e+02 8.525000000000000000e+01 1.200000000000000000e+01
