5.862000000000000455e+02 1.451999999999999886e+02 1.600000000000000000e+01
5.867999999999999545e+02 1.448000000000000114e+02 1.600000000000000000e+01
5.872000000000000455e+02 1.441999999999999886e+02 1.600000000000000000e+01
5.877999999999999545e+02 1.438000000000000114e+02 1.600000000000000000e+01
5.882000000000000455e+02 1.431999999999999886e+02 1.600000000000000000e+01
5.887999999999999545e+02 1.425999999999999943e+02 1.700000000000000000e+01
5.893999999999999773e+02 1.418000000000000114e+02 1.700000000000000000e+01
5.900000000000000000e+02 1.410000000000000000e+02 1.700000000000000000e+01
5.906000000000000227e+02 1.401999999999999886e+02 1.700000000000000000e+01
5.912000000000000455e+02 1.394000000000000057e+02 1.700000000000000000e+01
5.916000000000000227e+02 1.388000000000000114e+02 1.700000000000000000e+01
5.920000000000000000e+02 1.384000000000000057e+02 1.800000000000000000e+01
5.923999999999999773e+02 1.380000000000000000e+02 1.800000000000000000e+01
5.926000000000000227e+02 1.374000000000000057e+02 1.800000000000000000e+01
5.930000000000000000e+02 1.370000000000000000e+02 1.800000000000000000e+01
5.933999999999999773e+02 1.364000000000000057e+02 1.800000000000000000e+01
5.936000000000000227e+02 1.355999999999999943e+02 1.800000000000000000e+01
5.940000000000000000e+02 1.350000000000000000e+02 1.800000000000000000e+01
5.943999999999999773e+02 1.345999999999999943e+02 1.800000000000000000e+01
5.946000000000000227e+02 1.340000000000000000e+02 1.900000000000000000e+01
5.950000000000000000e+02 1.335999999999999943e+02 1.800000000000000000e+01
5.953999999999999773e+02 1.331999999999999886e+02 1.800000000000000000e+01
5.957999999999999545e+02 1.328000000000000114e+02 1.800000000000000000e+01
5.962000000000000455e+02 1.321999999999999886e+02 1.800000000000000000e+01
5.967999999999999545e+02 1.315999999999999943e+02 1.800000000000000000e+01
5.972000000000000455e+02 1.308000000000000114e+02 1.800000000000000000e+01
5.977999999999999545e+02 1.301999999999999886e+02 1.800000000000000000e+01
5.982000000000000455e+02 1.294000000000000057e+02 1.800000000000000000e+01
5.987999999999999545e+02 1.288000000000000114e+02 1.800000000000000000e+01
5.992000000000000455e+02 1.281999999999999886e+02 1.800000000000000000e+01
5.997999999999999545e+02 1.277999999999999972e+02 1.800000000000000000e+01
6.002000000000000455e+02 1.272000000000000028e+02 1.800000000000000000e+01
6.006000000000000227e+02 1.265999999999999943e+02 1.800000000000000000e+01
6.010000000000000000e+02 1.260000000000000000e+02 1.800000000000000000e+01
6.013999999999999773e+02 1.254000000000000057e+02 1.800000000000000000e+01
6.017999999999999545e+02 1.247999999999999972e+02 1.800000000000000000e+01
6.022000000000000455e+02 1.242000000000000028e+02 1.800000000000000000e+01
6.027999999999999545e+02 1.237999999999999972e+02 1.800000000000000000e+01
6.032000000000000455e+02 1.232000000000000028e+02 1.800000000000000000e+01
6.036000000000000227e+02 1.225999999999999943e+02 1.800000000000000000e+01
6.040000000000000000e+02 1.220000000000000000e+02 1.800000000000000000e+01
6.043999999999999773e+02 1.215999999999999943e+02 1.800000000000000000e+01
6.046000000000000227e+02 1.210000000000000000e+02 1.900000000000000000e+01
6.047999999999999545e+02 1.204000000000000057e+02 1.900000000000000000e+01
6.050000000000000000e+02 1.197999999999999972e+02 1.900000000000000000e+01
6.050000000000000000e+02 1.190000000000000000e+02 1.900000000000000000e+01
6.050000000000000000e+02 1.180000000000000000e+02 1.900000000000000000e+01
6.050000000000000000e+02 1.170000000000000000e+02 1.900000000000000000e+01
6.050000000000000000e+02 1.160000000000000000e+02 1.900000000000000000e+01
6.047999999999999545e+02 1.152000000000000028e+02 2.000000000000000000e+01
6.046000000000000227e+02 1.144000000000000057e+02 2.000000000000000000e+01
6.043999999999999773e+02 1.135999999999999943e+02 2.000000000000000000e+01
6.042500000000000000e+02 1.132500000000000000e+02 2.000000000000000000e+01
