8.020000000000000000e+02 7.580000000000000000e+02 1.700000000000000000e+01
8.030000000000000000e+02 7.580000000000000000e+02 1.700000000000000000e+01
8.037999999999999545e+02 7.582000000000000455e+02 1.700000000000000000e+01
8.046000000000000227e+02 7.583999999999999773e+02 1.700000000000000000e+01
8.053999999999999773e+02 7.586000000000000227e+02 1.700000000000000000e+01
8.062000000000000455e+02 7.587999999999999545e+02 1.700000000000000000e+01
8.070000000000000000e+02 7.590000000000000000e+02 1.700000000000000000e+01
8.077999999999999545e+02 7.592000000000000455e+02 1.700000000000000000e+01
8.086000000000000227e+02 7.593999999999999773e+02 1.700000000000000000e+01
8.093999999999999773e+02 7.596000000000000227e+02 1.700000000000000000e+01
8.102000000000000455e+02 7.597999999999999545e+02 1.700000000000000000e+01
8.110000000000000000e+02 7.600000000000000000e+02 1.700000000000000000e+01
8.120000000000000000e+02 7.600000000000000000e+02 1.700000000000000000e+01
8.127999999999999545e+02 7.602000000000000455e+02 1.700000000000000000e+01
8.136000000000000227e+02 7.603999999999999773e+02 1.700000000000000000e+01
8.143999999999999773e+02 7.606000000000000227e+02 1.700000000000000000e+01
8.152000000000000455e+02 7.607999999999999545e+02 1.700000000000000000e+01
8.160000000000000000e+02 7.610000000000000000e+02 1.700000000000000000e+01
8.170000000000000000e+02 7.610000000000000000e+02 1.700000000000000000e+01
8.177999999999999545e+02 7.612000000000000455e+02 1.700000000000000000e+01
8.186000000000000227e+02 7.613999999999999773e+02 1.700000000000000000e+01
8.193999999999999773e+02 7.616000000000000227e+02 1.700000000000000000e+01
8.200000000000000000e+02 7.617999999999999545e+02 1.700000000000000000e+01
8.202500000000000000e+02 7.620000000000000000e+02 1.800000000000000000e+01
