7.697999999999999545e+02 1.061200000000000045e+03 1.700000000000000000e+01
7.700000000000000000e+02 1.062000000000000000e+03 1.700000000000000000e+01
7.702000000000000455e+02 1.062799999999999955e+03 1.700000000000000000e+01
7.703999999999999773e+02 1.063599999999999909e+03 1.700000000000000000e+01
7.706000000000000227e+02 1.064200000000000045e+03 1.700000000000000000e+01
7.707999999999999545e+02 1.064799999999999955e+03 1.800000000000000000e+01
7.707999999999999545e+02 1.065200000000000045e+03 1.800000000000000000e+01
7.706000000000000227e+02 1.065799999999999955e+03 1.800000000000000000e+01
7.703999999999999773e+02 1.066400000000000091e+03 1.800000000000000000e+01
7.702000000000000455e+02 1.067200000000000045e+03 1.800000000000000000e+01
7.697999999999999545e+02 1.067799999999999955e+03 1.800000000000000000e+01
7.696000000000000227e+02 1.068599999999999909e+03 1.800000000000000000e+01
7.692000000000000455e+02 1.069200000000000045e+03 1.800000000000000000e+01
7.687999999999999545e+02 1.069799999999999955e+03 1.800000000000000000e+01
7.682000000000000455e+02 1.070200000000000045e+03 1.800000000000000000e+01
7.677999999999999545e+02 1.070799999999999955e+03 1.800000000000000000e+01
7.672000000000000455e+02 1.071200000000000045e+03 1.800000000000000000e+01
7.670000000000000000e+02 1.071500000000000000e+03 1.800000000000000000e+01
