6.200000000000000000e+02 1.598000000000000000e+03 1.400000000000000000e+01
6.200000000000000000e+02 1.599000000000000000e+03 1.400000000000000000e+01
6.202000000000000455e+02 1.600000000000000000e+03 1.400000000000000000e+01
6.203999999999999773e+02 1.601000000000000000e+03 1.400000000000000000e+01
6.206000000000000227e+02 1.602000000000000000e+03 1.400000000000000000e+01
6.207999999999999545e+02 1.603000000000000000e+03 1.400000000000000000e+01
6.210000000000000000e+02 1.604000000000000000e+03 1.400000000000000000e+01
6.210000000000000000e+02 1.605000000000000000e+03 1.400000000000000000e+01
6.210000000000000000e+02 1.606000000000000000e+03 1.400000000000000000e+01
6.210000000000000000e+02 1.607000000000000000e+03 1.400000000000000000e+01
6.210000000000000000e+02 1.608000000000000000e+03 1.400000000000000000e+01
6.210000000000000000e+02 1.609000000000000000e+03 1.400000000000000000e+01
6.210000000000000000e+02 1.610000000000000000e+03 1.400000000000000000e+01
6.210000000000000000e+02 1.611000000000000000e+03 1.400000000000000000e+01
6.210000000000000000e+02 1.612000000000000000e+03 1.400000000000000000e+01
6.210000000000000000e+02 1.613000000000000000e+03 1.400000000000000000e+01
6.210000000000000000e+02 1.614000000000000000e+03 1.400000000000000000e+01
6.210000000000000000e+02 1.615000000000000000e+03 1.400000000000000000e+01
6.210000000000000000e+02 1.615500000000000000e+03 1.400000000000000000e+01
