7.833999999999999773e+02 6.536000000000000227e+02 9.000000000000000000e+00
7.840000000000000000e+02 6.540000000000000000e+02 9.000000000000000000e+00
7.846000000000000227e+02 6.543999999999999773e+02 9.000000000000000000e+00
7.853999999999999773e+02 6.546000000000000227e+02 9.000000000000000000e+00
7.862000000000000455e+02 6.547999999999999545e+02 9.000000000000000000e+00
7.867999999999999545e+02 6.552000000000000455e+02 9.000000000000000000e+00
7.876000000000000227e+02 6.553999999999999773e+02 9.000000000000000000e+00
7.883999999999999773e+02 6.556000000000000227e+02 9.000000000000000000e+00
7.892000000000000455e+02 6.560000000000000000e+02 9.000000000000000000e+00
7.900000000000000000e+02 6.563999999999999773e+02 9.000000000000000000e+00
7.910000000000000000e+02 6.567999999999999545e+02 9.000000000000000000e+00
7.920000000000000000e+02 6.572000000000000455e+02 9.000000000000000000e+00
7.927999999999999545e+02 6.577999999999999545e+02 9.000000000000000000e+00
7.936000000000000227e+02 6.582000000000000455e+02 9.000000000000000000e+00
7.943999999999999773e+02 6.587999999999999545e+02 9.000000000000000000e+00
7.950000000000000000e+02 6.593999999999999773e+02 9.000000000000000000e+00
7.956000000000000227e+02 6.600000000000000000e+02 9.000000000000000000e+00
7.962000000000000455e+02 6.606000000000000227e+02 9.000000000000000000e+00
7.967999999999999545e+02 6.612000000000000455e+02 9.000000000000000000e+00
7.972000000000000455e+02 6.616000000000000227e+02 9.000000000000000000e+00
7.976000000000000227e+02 6.620000000000000000e+02 1.000000000000000000e+01
7.980000000000000000e+02 6.623999999999999773e+02 1.000000000000000000e+01
7.983999999999999773e+02 6.627999999999999545e+02 1.000000000000000000e+01
7.987999999999999545e+02 6.633999999999999773e+02 1.000000000000000000e+01
7.992000000000000455e+02 6.642000000000000455e+02 1.000000000000000000e+01
7.997999999999999545e+02 6.647999999999999545e+02 1.000000000000000000e+01
8.002000000000000455e+02 6.656000000000000227e+02 1.000000000000000000e+01
8.007999999999999545e+02 6.662000000000000455e+02 1.000000000000000000e+01
8.012000000000000455e+02 6.667999999999999545e+02 1.000000000000000000e+01
8.017999999999999545e+02 6.672000000000000455e+02 1.000000000000000000e+01
8.022000000000000455e+02 6.677999999999999545e+02 1.000000000000000000e+01
8.026000000000000227e+02 6.683999999999999773e+02 1.000000000000000000e+01
8.030000000000000000e+02 6.690000000000000000e+02 1.000000000000000000e+01
8.032500000000000000e+02 6.692500000000000000e+02 1.000000000000000000e+01
