6.180000000000000000e+02 1.616599999999999909e+03 1.400000000000000000e+01
6.187999999999999545e+02 1.617000000000000000e+03 1.400000000000000000e+01
6.196000000000000227e+02 1.617400000000000091e+03 1.400000000000000000e+01
6.202000000000000455e+02 1.617599999999999909e+03 1.400000000000000000e+01
6.207999999999999545e+02 1.617799999999999955e+03 1.300000000000000000e+01
6.212000000000000455e+02 1.618200000000000045e+03 1.300000000000000000e+01
6.217999999999999545e+02 1.618400000000000091e+03 1.300000000000000000e+01
6.223999999999999773e+02 1.618799999999999955e+03 1.300000000000000000e+01
6.232000000000000455e+02 1.619200000000000045e+03 1.300000000000000000e+01
6.240000000000000000e+02 1.619799999999999955e+03 1.300000000000000000e+01
6.250000000000000000e+02 1.620200000000000045e+03 1.300000000000000000e+01
6.260000000000000000e+02 1.620799999999999955e+03 1.300000000000000000e+01
6.270000000000000000e+02 1.621200000000000045e+03 1.300000000000000000e+01
6.277999999999999545e+02 1.621799999999999955e+03 1.300000000000000000e+01
6.286000000000000227e+02 1.622200000000000045e+03 1.300000000000000000e+01
6.293999999999999773e+02 1.622599999999999909e+03 1.300000000000000000e+01
6.300000000000000000e+02 1.623000000000000000e+03 1.300000000000000000e+01
6.306000000000000227e+02 1.623400000000000091e+03 1.300000000000000000e+01
6.313999999999999773e+02 1.623799999999999955e+03 1.300000000000000000e+01
6.322000000000000455e+02 1.624200000000000045e+03 1.300000000000000000e+01
6.327999999999999545e+02 1.624799999999999955e+03 1.300000000000000000e+01
6.336000000000000227e+02 1.625200000000000045e+03 1.300000000000000000e+01
6.343999999999999773e+02 1.625599999999999909e+03 1.300000000000000000e+01
6.350000000000000000e+02 1.626000000000000000e+03 1.300000000000000000e+01
6.356000000000000227e+02 1.626400000000000091e+03 1.300000000000000000e+01
6.363999999999999773e+02 1.626799999999999955e+03 1.300000000000000000e+01
6.372000000000000455e+02 1.627200000000000045e+03 1.300000000000000000e+01
6.377999999999999545e+02 1.627799999999999955e+03 1.300000000000000000e+01
6.386000000000000227e+02 1.628200000000000045e+03 1.300000000000000000e+01
6.392000000000000455e+02 1.628799999999999955e+03 1.200000000000000000e+01
6.397999999999999545e+02 1.629200000000000045e+03 1.200000000000000000e+01
6.403999999999999773e+02 1.629799999999999955e+03 1.200000000000000000e+01
6.412000000000000455e+02 1.630400000000000091e+03 1.200000000000000000e+01
6.415000000000000000e+02 1.630750000000000000e+03 1.200000000000000000e+01
