8.460000000000000000e+02 1.855999999999999943e+02 7.000000000000000000e+00
8.456000000000000227e+02 1.864000000000000057e+02 7.000000000000000000e+00
8.450000000000000000e+02 1.870000000000000000e+02 7.000000000000000000e+00
8.446000000000000227e+02 1.875999999999999943e+02 7.000000000000000000e+00
8.442000000000000455e+02 1.881999999999999886e+02 7.000000000000000000e+00
8.437999999999999545e+02 1.888000000000000114e+02 7.000000000000000000e+00
8.432000000000000455e+02 1.894000000000000057e+02 7.000000000000000000e+00
8.426000000000000227e+02 1.900000000000000000e+02 7.000000000000000000e+00
8.420000000000000000e+02 1.905999999999999943e+02 7.000000000000000000e+00
8.413999999999999773e+02 1.911999999999999886e+02 7.000000000000000000e+00
8.407999999999999545e+02 1.918000000000000114e+02 7.000000000000000000e+00
8.402000000000000455e+02 1.921999999999999886e+02 7.000000000000000000e+00
8.396000000000000227e+02 1.925999999999999943e+02 7.000000000000000000e+00
8.387999999999999545e+02 1.928000000000000114e+02 7.000000000000000000e+00
8.380000000000000000e+02 1.930000000000000000e+02 7.000000000000000000e+00
8.370000000000000000e+02 1.930000000000000000e+02 7.000000000000000000e+00
8.360000000000000000e+02 1.930000000000000000e+02 7.000000000000000000e+00
8.352000000000000455e+02 1.928000000000000114e+02 7.000000000000000000e+00
8.343999999999999773e+02 1.925999999999999943e+02 7.000000000000000000e+00
8.336000000000000227e+02 1.924000000000000057e+02 7.000000000000000000e+00
8.332500000000000000e+02 1.922500000000000000e+02 7.000000000000000000e+00
