RAJ2000 DEJ2000 VEL
83.88424900988755 -5.352530783377881 6750.7898189065
83.88424900076332 -5.35197520983069 6750.7898189065
83.88424899164005 -5.3514196362401405 6750.7898189065
83.88424898251773 -5.350864062606169 6750.7898189065
83.88424897339638 -5.350308488928753 6750.7898189065
83.88436056149796 -5.349752913224061 6750.7898189065
83.88447214939788 -5.349197337453866 6750.7898189065
83.88458373709618 -5.348641761618143 6750.7898189065
83.88466743011193 -5.3483639731626305 6970.818014773499
