RAJ2000 DEJ2000 VEL
83.73206533659328 -5.669406812245919 9171.0999734435
83.73217710358912 -5.668962394303874 9171.0999734435
83.73240052785869 -5.668518004194821 9171.0999734435
83.73262395177358 -5.668073613989253 9171.0999734435
83.732847402539 -5.667518112216834 9171.0999734435
83.73307085285903 -5.666962610342928 9171.0999734435
83.73340595977562 -5.666407136033572 9171.0999734435
83.73362940909657 -5.665851633912558 9171.0999734435
83.73385285797232 -5.665296131689885 9171.0999734435
83.7340762794476 -5.664851740849665 9171.0999734435
83.73429970056857 -5.664407349912717 9171.0999734435
83.73441146477106 -5.663962931432282 9171.0999734435
83.73463485842836 -5.66362965183606 9171.0999734435
83.73485825182112 -5.663296372146988 9171.0999734435
83.73508164494935 -5.662963092365061 9171.0999734435
83.73530503781306 -5.662629812490269 9171.0999734435
83.7355284304123 -5.662296532522592 9171.0999734435
83.73575182274709 -5.661963252462032 9171.0999734435
83.73597521481746 -5.661629972308568 9171.0999734435
83.73608695058216 -5.661296664944534 9171.0999734435
83.73631034218916 -5.660963384649115 8951.0717775765
83.7365337335318 -5.660630104260763 8951.0717775765
83.73675712461011 -5.6602968237794515 8951.0717775765
83.73698051542412 -5.659963543205191 8951.0717775765
83.73731556168813 -5.659630289436224 8951.0717775765
83.73753895190823 -5.659297008632135 8951.0717775765
83.73776234186413 -5.658963727735046 8951.0717775765
83.73798573155584 -5.658630446744972 8951.0717775765
83.7382091209834 -5.658297165661896 8951.0717775765
83.73843251014681 -5.657963884485777 8951.0717775765
83.73865589904611 -5.657630603216632 8951.0717775765
83.73899091696195 -5.657408459946344 8951.0717775765
83.73921430531223 -5.657075178448982 8951.0717775765
83.73954932267921 -5.656853034843748 8951.0717775765
83.73977271048054 -5.65651975311814 8951.0717775765
83.74010772729875 -5.656297609177937 8951.0717775765
83.74033111455128 -5.655964327224068 8951.0717775765
83.74066615646697 -5.655631071417254 8951.0717775765
83.74100122356741 -5.655186703873603 8951.0717775765
83.7414479448928 -5.654742362209571 8951.0717775765
83.74178303627687 -5.6541868826467025 8951.0717775765
83.74222975619821 -5.653742540346814 8951.0717775765
83.74267647541774 -5.653298197686287 8951.0717775765
83.74312316877372 -5.652964966211772 8951.0717775765
83.74345820726745 -5.652631708710994 8951.0717775765
83.74390487462715 -5.652409588161057 8951.0717775765
83.74423991233176 -5.6520763301905195 8951.0717775765
83.74457492476361 -5.651854183569826 8951.0717775765
83.74490993693203 -5.6516320367492865 8951.0717775765
83.74524494883705 -5.651409889728878 8951.0717775765
83.7455799604787 -5.651187742508609 8951.0717775765
83.74602660126448 -5.651076731832832 8951.0717775765
83.74636161240045 -5.6508545841482585 8951.0717775765
83.74669662327311 -5.650632436263798 8951.0717775765
83.74714326339486 -5.650521424707619 8951.0717775765
83.74747827376201 -5.650299276358835 8951.0717775765
83.74781328386595 -5.650077127810188 8951.0717775765
83.74825992332391 -5.649966115373562 8951.0717775765
83.7485949329225 -5.649743966360578 8951.0717775765
83.74892994225796 -5.6495218171477255 8951.0717775765
83.74926495133029 -5.6492996677349465 8731.0435817095
83.74959996013956 -5.649077518122292 8731.0435817095
83.74982333896358 -5.648744232320609 8731.0435817095
83.75015834722576 -5.648522082372706 8731.0435817095
83.75038172550266 -5.6481887963423185 8731.0435817095
83.75071673321787 -5.647966646059153 8731.0435817095
83.75094011094777 -5.647633359800036 8731.0435817095
83.7512751181161 -5.647411209181583 8731.0435817095
83.75149849529909 -5.647077922693711 8731.0435817095
83.75183350192067 -5.646855771739952 8731.0435817095
83.75205687855684 -5.646522485023283 8731.0435817095
83.75239188463175 -5.646300333734178 8731.0435817095
83.75272691373364 -5.645967070659932 8731.0435817095
83.75317357218566 -5.6457449427531925 8731.0435817095
83.7535086005006 -5.645411679208804 8731.0435817095
83.75395525820777 -5.645189550681557 8731.0435817095
83.75429028573593 -5.644856286667005 8731.0435817095
83.75462528995088 -5.644634134042809 8731.0435817095
83.75496029390321 -5.644411981218654 8731.0435817095
83.75529529759297 -5.644189828194531 8731.0435817095
83.75563030102016 -5.643967674970444 8731.0435817095
83.75607693411743 -5.6438566563576105 8731.0435817095
83.7564119370406 -5.643634502669063 8731.0435817095
83.75674693970129 -5.6434123487805445 8731.0435817095
83.75719357213704 -5.6433013292871825 8731.0435817095
83.75752857429387 -5.643079174934197 8731.0435817095
83.7578635761883 -5.642857020381229 8731.0435817095
83.75831020796278 -5.642746000007319 8731.0435817095
83.7586452093535 -5.642523844989876 8731.0435817095
83.75898021048192 -5.642301689772446 8731.0435817095
83.75931521134804 -5.642079534355013 8511.0153858425
83.75953858172548 -5.641746244616534 8511.0153858425
83.75976195184062 -5.641412954784503 8511.0153858425
83.75998532169342 -5.641079664858855 8511.0153858425
83.76009706116224 -5.640635240821825 8511.0153858425
83.76032043051147 -5.640301950750912 8511.0153858425
83.7605437995985 -5.639968660586379 8511.0153858425
83.76065553840621 -5.639524236413555 8511.0153858425
83.7608789069898 -5.639190946103659 8511.0153858425
83.76110227531125 -5.638857655700118 8511.0153858425
83.76121401345812 -5.638413231391354 8511.0153858425
83.76143738127628 -5.638079940842353 8511.0153858425
83.76166074883238 -5.637746650199643 8511.0153858425
83.76188413762735 -5.637302247827391 8511.0153858425
83.76210752607182 -5.636857845356771 8511.0153858425
83.7624425439109 -5.636524576391851 8511.0153858425
83.76266593161264 -5.636080173683231 8511.0153858425
83.76300096994808 -5.635635792729392 8511.0153858425
83.76333600776024 -5.635191411567452 8511.0153858425
83.76378267473163 -5.634858163548247 8511.0153858425
83.76411771147652 -5.634413781906784 8511.0153858425
83.76456437738092 -5.634080533259245 8511.0153858425
83.76489939214886 -5.633747262796238 8511.0153858425
83.76523438567985 -5.633525103789071 8511.0153858425
83.76545774922465 -5.633191811572294 8511.0153858425
83.76579274221152 -5.632969652229321 8511.0153858425
83.76601610521217 -5.632636359782985 8511.0153858425
83.76635109765503 -5.632414200104178 8511.0153858425
83.76668611039891 -5.632080928557697 8511.0153858425
83.76713275249695 -5.631858789518961 8511.0153858425
83.76746776445769 -5.631525517501572 8511.0153858425
83.76791440581468 -5.631303377841839 8511.0153858425
83.76824941699246 -5.6309701053535415 8511.0153858425
83.76858440758458 -5.630747944338157 8511.0153858425
83.76880776808561 -5.630414650753948 8511.0153858425
83.76914277821967 -5.63008137772269 8511.0153858425
83.76936615817445 -5.629636972223989 8511.0153858425
83.7697011675259 -5.629303698849177 8511.0153858425
83.76992454673993 -5.628859293111713 8511.0153858425
83.770259575175 -5.628414907702931 8511.0153858425
83.77048295360423 -5.627970501723819 8511.0153858425
83.77081796132578 -5.627637227659621 8511.0153858425
83.77104133901466 -5.62719282144158 8511.0153858425
83.77126471635437 -5.626748415124574 8290.9871899755
83.77148809334493 -5.6263040087085825 8290.9871899755
83.7717114699864 -5.625859602193578 8290.9871899755
83.77182321684643 -5.625304063770983 8290.9871899755
83.77204659283167 -5.624859657098894 8290.9871899755
83.77226996846797 -5.624415250327701 8290.9871899755
83.77238169504571 -5.623970823468561 8290.9871899755
83.77249342144626 -5.623526396576096 8290.9871899755
83.77271677683002 -5.623193101319418 8290.9871899755
83.7728285028135 -5.622748674341106 8290.9871899755
83.77294022861985 -5.622304247329397 8290.9871899755
83.7730519542491 -5.621859820284229 8290.9871899755
83.77327530865244 -5.621526524775832 8290.9871899755
83.77349868201688 -5.621082117436 8290.9871899755
83.77383370309842 -5.620637729722377 8290.9871899755
83.77416872365907 -5.620193341799719 8290.9871899755
83.77461537258752 -5.619860084985932 8290.9871899755
83.77495039208574 -5.619415696582232 8290.9871899755
83.77528539218972 -5.619082419720496 8290.9871899755
83.77550874420587 -5.618749123280167 8290.9871899755
83.77573209596154 -5.618415826745476 8290.9871899755
83.7758438186517 -5.617971399049992 8290.9871899755
83.776067188627 -5.6175269906076455 8290.9871899755
83.77617892957451 -5.616971451058526 8290.9871899755
83.77629067029933 -5.616415911468994 8290.9871899755
83.77640241080148 -5.615860371838986 8290.9871899755
83.77662579811529 -5.615304851345599 8290.9871899755
83.77673753806543 -5.614749311612576 8290.9871899755
83.77684927779302 -5.614193771838968 8290.9871899755
83.77696101729808 -5.613638232024658 8290.9871899755
83.77718438469572 -5.613193823027448 8290.9871899755
83.7772961052032 -5.612749394906876 8290.9871899755
83.77740782553418 -5.612304966752301 8290.9871899755
83.77751954568868 -5.611860538563691 8290.9871899755
83.77763126566667 -5.611416110340999 8290.9871899755
83.77774300384618 -5.610860570278707 8290.9871899755
83.7778547418034 -5.610305030175424 8290.9871899755
83.77796647953835 -5.609749490031113 8290.9871899755
83.77807821705106 -5.609193949845731 8290.9871899755
83.77818990862703 -5.608916189169836 8290.9871899755
