RAJ2000 DEJ2000 VEL
84.13125569152474 -6.180480319179965 6310.733427172499
84.13080853654762 -6.180258294191726 6310.733427172499
84.13036138196506 -6.180036268857577 6310.733427172499
84.12991428147257 -6.179925356557474 6310.733427172499
84.12957888920663 -6.179703280379293 6310.733427172499
84.12924349723467 -6.179481204008897 6310.733427172499
84.12879634403279 -6.179259177464115 6310.733427172499
84.12834919122528 -6.179037150573397 6310.733427172499
84.12818146903162 -6.178870555374016 6310.733427172499
