RAJ2000 DEJ2000 VEL
83.633562223542 -5.161026328107639 11151.353736246501
83.6334508278448 -5.160581807598502 11151.353736246501
83.63333943228831 -5.160137287028222 11151.353736246501
83.6331164305035 -5.159803837381573 11151.353736246501
83.63300503528983 -5.1593593166769125 11151.353736246501
83.6328936402168 -5.158914795911044 11151.353736246501
83.63278224528442 -5.158470275083925 11151.353736246501
83.63255928663283 -5.158025706740332 11151.353736246501
83.63253150143709 -5.157747898943729 11151.353736246501
