RAJ2000 DEJ2000 VEL
83.79428388694772 -5.483528399873632 10711.2973445125
83.79439556841368 -5.483083963741204 10711.2973445125
83.79439564269443 -5.482528398938945 10491.2691486455
83.79439571696754 -5.481972834105626 10491.2691486455
83.79439579123303 -5.481417269241149 10491.2691486455
83.79439586549086 -5.480861704345487 10271.2409527785
83.79439593974107 -5.480306139418616 10271.2409527785
83.79439601398363 -5.479750574460437 10271.2409527785
83.79439605110204 -5.479472791969574 10271.2409527785
