RAJ2000 DEJ2000 VEL
83.80534505611685 -5.390972286704733 7410.8744065075
83.80523347651446 -5.390750044904898 7410.8744065075
83.8050103048889 -5.390416675359186 7190.8462106404995
83.804787133505 -5.390083305711551 7190.8462106404995
83.80456396236275 -5.389749935961926 7190.8462106404995
83.80422919970125 -5.389305438223424 6970.818014773499
83.80389445038558 -5.388749826101071 6970.818014773499
83.80378288459055 -5.388416469786768 6750.7898189065
83.80361550061556 -5.38822199921939 6970.818014773499
