RAJ2000 DEJ2000 VEL
84.20635047889718 -6.341446446202133 8731.0435817095
84.20646198945721 -6.341001917689839 8731.0435817095
84.20657349984624 -6.340557389187494 8731.0435817095
84.20668501006425 -6.3401128606950135 8731.0435817095
84.2069083884093 -6.339779382660172 8731.0435817095
84.20701989820923 -6.339334854157597 8731.0435817095
84.20713140783823 -6.338890325664836 8731.0435817095
84.20724291729631 -6.338445797181864 8731.0435817095
84.20746629462752 -6.338112319017136 8731.0435817095
84.2075778036677 -6.337667790523879 8731.0435817095
84.20768931253704 -6.337223262040343 8731.0435817095
84.20780082123557 -6.336778733566505 8731.0435817095
84.20791232976329 -6.33633420510235 8731.0435817095
84.20791197045699 -6.33577862648833 8731.0435817095
84.20791161118285 -6.335223047923436 8731.0435817095
84.20802311935059 -6.334778519547663 8731.0435817095
84.20813462734759 -6.334333991181428 8731.0435817095
84.2082461351739 -6.333889462824732 8731.0435817095
84.20835764282951 -6.333444934477511 8731.0435817095
84.20846915031447 -6.333000406139771 8731.0435817095
84.20835706745262 -6.332556009126938 8731.0435817095
84.20824498480513 -6.332111612123302 8731.0435817095
84.20813290237194 -6.331667215128785 8731.0435817095
84.20802082015304 -6.331222818143391 8731.0435817095
84.20790873814842 -6.33077842116709 8731.0435817095
84.20779665635806 -6.33033402419987 8731.0435817095
84.20768457478192 -6.329889627241658 8731.0435817095
84.20757249342 -6.32944523029249 8731.0435817095
84.20734868962549 -6.329112014400738 8731.0435817095
84.20712488613603 -6.328778798438434 8731.0435817095
84.20690101139553 -6.328334466817318 8731.0435817095
84.20656534300747 -6.327890200433862 8731.0435817095
84.20611788127134 -6.327445999090281 8731.0435817095
84.20567042034455 -6.32700179742579 8731.0435817095
84.20522296022695 -6.326557595440361 8731.0435817095
84.20477557199217 -6.326224508683871 8731.0435817095
84.2043282553402 -6.326002537139077 8731.0435817095
84.20399273266904 -6.325780500482975 8731.0435817095
84.20365721030228 -6.325558463636754 8731.0435817095
84.20320996549995 -6.325447606772655 8731.0435817095
84.2027627209105 -6.325336749558989 8731.0435817095
84.20231547653393 -6.325225891995786 8731.0435817095
84.201756509379 -6.325226213966066 8731.0435817095
84.20119754225422 -6.325226535387373 8731.0435817095
84.20063857515953 -6.325226856259706 8731.0435817095
84.20007960809484 -6.325227176583024 8731.0435817095
84.19952064106015 -6.325227496357363 8731.0435817095
84.19907353729178 -6.325338867316772 8731.0435817095
84.19862643335154 -6.32545023792687 8731.0435817095
84.19817932923938 -6.325561608187666 8731.0435817095
84.19773222495527 -6.32567297809915 8731.0435817095
84.19728512049919 -6.3257843476613225 8731.0435817095
84.19683801587111 -6.325895716874214 8731.0435817095
84.19639091107099 -6.326007085737797 8731.0435817095
84.19594380609881 -6.326118454252063 8731.0435817095
84.19549670095451 -6.326229822417012 8731.0435817095
84.19504959563808 -6.326341190232673 8731.0435817095
84.19449062766915 -6.326341505066878 8731.0435817095
84.19393165972969 -6.326341819352096 8731.0435817095
84.19337269181963 -6.326342133088328 8731.0435817095
84.19281372393894 -6.326342446275573 8731.0435817095
84.19225475608755 -6.326342758913832 8731.0435817095
84.19180751354075 -6.326231893075673 8731.0435817095
84.19136027120615 -6.326121026887957 8731.0435817095
84.19091302908373 -6.3260101603507115 8731.0435817095
84.19046578717345 -6.325899293463928 8731.0435817095
84.19001847757922 -6.32567731068352 8731.0435817095
84.18945944281994 -6.3255665050341845 8731.0435817095
84.1889003406791 -6.325344583299177 8731.0435817095
84.18834123905272 -6.325122661022602 8731.0435817095
84.18789386371995 -6.324789561070359 8731.0435817095
84.1874465563233 -6.324567576306967 8511.0153858425
84.18699918210291 -6.324234475680242 8511.0153858425
84.18655187562022 -6.324012490232877 8511.0153858425
84.18621629543935 -6.323679327656008 8511.0153858425
84.18576898981779 -6.323457341612499 8511.0153858425
84.18543341054398 -6.323124178602787 8511.0153858425
84.18509789853113 -6.322902130907181 8511.0153858425
84.18487411276215 -6.322568906518519 8511.0153858425
84.184538601379 -6.322346858512342 8511.0153858425
84.1842030236923 -6.322013694834582 8511.0153858425
84.18375565398799 -6.32168059179039 8511.0153858425
84.1833082184827 -6.321236372943519 8511.0153858425
84.18286078378321 -6.32079215377545 8511.0153858425
84.18241334988943 -6.320347934286134 8511.0153858425
84.18207770886983 -6.319903654012878 8511.0153858425
84.18174213450685 -6.319570489009996 8511.0153858425
84.18151835251581 -6.319237263473606 8511.0153858425
84.18118284490863 -6.3190152136035485 8511.0153858425
84.18095906354687 -6.318681987875748 8511.0153858425
84.1806234907694 -6.318348822276011 8511.0153858425
84.18039964434186 -6.317904480951062 8511.0153858425
84.1800640724703 -6.317571315061328 8511.0153858425
84.17984022690318 -6.317126973569467 8511.0153858425
84.17950465593731 -6.316793807389659 8511.0153858425
84.17928087672038 -6.316460581115776 8511.0153858425
84.17894537200014 -6.316238530021463 8511.0153858425
84.17872159341204 -6.315905303556031 8511.0153858425
84.17849781512693 -6.31557207701962 8511.0153858425
84.17827403714479 -6.315238850412207 8511.0153858425
84.1780502594656 -6.314905623733782 8511.0153858425
84.17782648208934 -6.314572396984346 8511.0153858425
84.17760270501597 -6.314239170163874 8511.0153858425
84.17737892824549 -6.313905943272386 8511.0153858425
84.17715515177782 -6.313572716309814 8511.0153858425
84.176931375613 -6.313239489276195 8511.0153858425
84.17670753485025 -6.312795146846547 8511.0153858425
84.17637190411367 -6.3123508637226715 8511.0153858425
84.17603627398128 -6.311906580430869 8511.0153858425
84.17581236994157 -6.311351122438568 8511.0153858425
84.17547674099477 -6.310906838884243 8511.0153858425
84.17525290261284 -6.31046249603993 8511.0153858425
84.17502906463751 -6.3100181531374835 8511.0153858425
84.17480522706875 -6.309573810176885 8511.0153858425
84.17458138990649 -6.309129467158109 8511.0153858425
84.17435748879765 -6.308574008826992 8511.0153858425
84.17413358820153 -6.308018550454338 8511.0153858425
84.17402147741959 -6.307463033160048 8511.0153858425
84.17390936690728 -6.306907515890143 8511.0153858425
84.17379725666459 -6.306351998644565 8511.0153858425
84.17379693563139 -6.30579642258731 8511.0153858425
84.17379661462708 -6.305240846576359 8511.0153858425
84.17379629365168 -6.3046852706117065 8511.0153858425
84.17379597270514 -6.304129694693252 8511.0153858425
84.17379565178749 -6.3035741188209595 8511.0153858425
84.17379533089871 -6.303018542994777 8511.0153858425
84.17390686245498 -6.302574023509499 8511.0153858425
84.17401839383929 -6.302129504031807 8511.0153858425
84.17412992505166 -6.301684984561696 8511.0153858425
84.1742414560921 -6.301240465099115 8511.0153858425
84.17435298696064 -6.3007959456440545 8511.0153858425
84.17446451765733 -6.300351426196498 8511.0153858425
84.17457604818216 -6.299906906756431 8511.0153858425
84.17468757853514 -6.299462387323765 8511.0153858425
84.17479910871633 -6.2990178678985504 8511.0153858425
84.17491063872572 -6.298573348480699 8511.0153858425
84.17491031690052 -6.298017773067862 8511.0153858425
84.1749099951043 -6.297462197700588 8511.0153858425
84.17490967333707 -6.296906622378857 8511.0153858425
84.17479762900402 -6.296462221208627 8511.0153858425
84.17468558488198 -6.296017820045404 8511.0153858425
84.17457354097094 -6.295573418889173 8511.0153858425
84.17434977483516 -6.295240191738029 8511.0153858425
84.17412600900121 -6.294906964515187 8511.0153858425
84.17390217935863 -6.294462622199757 8511.0153858425
84.17367835012158 -6.2940182798252495 8511.0153858425
84.17334279896758 -6.293685111166714 8511.0153858425
84.17311897058681 -6.293240768622785 8511.0153858425
84.17278342033424 -6.29290759967232 8511.0153858425
84.1725596566123 -6.292574371947444 8511.0153858425
84.17222417091455 -6.29235231768462 8511.0153858425
84.17188868551811 -6.292130263231207 8511.0153858425
84.17155320042298 -6.291908208587237 8511.0153858425
84.17121771562911 -6.291686153752685 8511.0153858425
84.17077050872184 -6.291575271963395 8511.0153858425
84.17043502450751 -6.291353216678219 8511.0153858425
84.17009954059436 -6.291131161202457 8511.0153858425
84.16965233445345 -6.291020278543459 8511.0153858425
84.16920512852224 -6.290909395534808 8511.0153858425
84.16886970846234 -6.29079845430854 8511.0153858425
84.16842256582237 -6.290798685648739 8290.9871899755
84.16808727168329 -6.290909973885399 8290.9871899755
84.16775197741167 -6.2910212619263035 8290.9871899755
84.16741668300753 -6.291132549771506 8290.9871899755
84.16708145108979 -6.29135495239032 8290.9871899755
84.16674621889945 -6.291577354818866 8290.9871899755
84.1664109864365 -6.291799757057177 8290.9871899755
84.16607575370091 -6.292022159105198 8290.9871899755
84.16574058303492 -6.292355675948725 8290.9871899755
84.16529356367384 -6.2925781348074015 8290.9871899755
84.16495839218665 -6.29291165121733 8290.9871899755
84.16451137205397 -6.293134109479674 8290.9871899755
84.16417619974536 -6.293467625456029 8290.9871899755
84.16384096507564 -6.293690026241823 8290.9871899755
84.16361757831835 -6.294023485014139 8290.9871899755
84.16328234307801 -6.294245885488964 8290.9871899755
84.16294716933169 -6.294579400795771 8290.9871899755
84.16250014701383 -6.294801857532655 8290.9871899755
84.16205312433475 -6.295024313925649 8290.9871899755
84.1614942532834 -6.2951357113827875 8290.9871899755
84.16093538202044 -6.295247108292932 8290.9871899755
84.16037644932115 -6.295247389620898 8290.9871899755
84.15981751664816 -6.295247670399899 8290.9871899755
84.15937030952038 -6.295136779594372 8290.9871899755
84.15892310260182 -6.295025888439239 8290.9871899755
84.15847583507872 -6.294803881906339 8290.9871899755
84.15802856795936 -6.294581875029145 8290.9871899755
84.1576930269231 -6.294248697115841 8290.9871899755
84.15724576065695 -6.294026689641512 8290.9871899755
84.15691022051978 -6.293693511293789 8290.9871899755
84.15657474122516 -6.293471447769314 8290.9871899755
84.15635098795678 -6.293138213644024 8290.9871899755
84.15601550928633 -6.292916149807951 8290.9871899755
84.15579175664232 -6.292582915489825 8290.9871899755
84.15545627859593 -6.29236085134209 8290.9871899755
84.15523252657619 -6.292027616831137 8290.9871899755
84.15489704915375 -6.291805552371735 8290.9871899755
84.15467329775814 -6.2914723176678775 8290.9871899755
84.15433776106633 -6.29113913792774 8290.9871899755
84.15411395050468 -6.290694788074436 8290.9871899755
84.15377841471134 -6.2903616080421925 8290.9871899755
84.1535546050027 -6.289917258019156 8290.9871899755
84.15321907010767 -6.289584077694775 8290.9871899755
84.15299532083894 -6.289250842438847 8290.9871899755
84.15265978676713 -6.2889176618169245 8290.9871899755
84.15243597871188 -6.288473311447048 8290.9871899755
84.15210044553804 -6.288140130532888 8290.9871899755
84.15187663833525 -6.287695779993049 8070.9589941085
84.15154104680086 -6.287251483879841 8070.9589941085
84.15131724050241 -6.286807133177075 8070.9589941085
84.15098170919875 -6.2864739516834875 8070.9589941085
84.15075790375238 -6.286029600810582 8070.9589941085
84.15042231434262 -6.285585304144438 8070.9589941085
84.15019850980018 -6.285140953108389 8070.9589941085
84.14986298036592 -6.284807771035167 8070.9589941085
84.14963917667518 -6.28436341982881 8070.9589941085
84.14930358938912 -6.283919122609366 8070.9589941085
84.14907978660189 -6.283474771239658 8070.9589941085
84.14874425903622 -6.283141588586505 8070.9589941085
84.1485204571003 -6.282697237046329 8070.9589941085
84.14818493043126 -6.282364054100471 8070.9589941085
84.1479611877898 -6.282030817211721 8070.9589941085
84.14762566194243 -6.281697633967848 8070.9589941085
84.14740186165666 -6.281253282079437 8070.9589941085
84.14706633670552 -6.2809200985427465 8070.9589941085
84.14684253727057 -6.2804757464836465 8070.9589941085
84.14650695510025 -6.280031447861845 8070.9589941085
84.14617137352832 -6.279587149070243 8070.9589941085
84.14583579255468 -6.27914285010879 8070.9589941085
84.14550021217929 -6.278698550977483 8070.9589941085
84.14516463240204 -6.278254251676283 8070.9589941085
84.14482905322286 -6.277809952205162 8070.9589941085
84.14460525718921 -6.277365599462389 8070.9589941085
84.14426973671658 -6.2770324144607486 8070.9589941085
84.1440459415328 -6.276588061546868 8070.9589941085
84.14382214675112 -6.276143708572854 8070.9589941085
84.14359840982596 -6.275810470263054 8070.9589941085
84.1433746732002 -6.275477231880937 8070.9589941085
84.14326266155584 -6.2750328258745425 8070.9589941085
84.14303892550609 -6.274699587396911 8070.9589941085
84.14281518975565 -6.274366348846925 8070.9589941085
84.14270317887278 -6.273921942799815 8070.9589941085
84.14247944369819 -6.273588704154219 8070.9589941085
84.14225570882284 -6.273255465436254 8070.9589941085
84.1420319742467 -6.272922226645881 8070.9589941085
84.14180823996976 -6.272588987783108 8070.9589941085
84.14147272456763 -6.272255801356202 8070.9589941085
84.14113715271856 -6.27181150008302 8070.9589941085
84.14080158146659 -6.2713671986395525 8070.9589941085
84.14046601081165 -6.270922897025751 8070.9589941085
84.14013044075365 -6.270478595241601 8070.9589941085
84.13979492788422 -6.270145407923674 8070.9589941085
84.13957119634412 -6.269812168310551 8070.9589941085
84.13923574076124 -6.269590095321893 8070.9589941085
84.138900229083 -6.269256907517664 8070.9589941085
84.13845299346377 -6.269034886065757 8070.9589941085
84.1381174826786 -6.268701697825731 8070.9589941085
84.1376702479064 -6.268479675775775 8070.9589941085
84.13733473801409 -6.268146487099939 8070.9589941085
84.13699928454419 -6.267924412844299 8070.9589941085
84.13666377547024 -6.26759122379851 8070.9589941085
84.13621654234011 -6.267369200640264 8070.9589941085
84.13576925390336 -6.267036062546571 8070.9589941085
84.1352102414683 -6.26681408998053 8070.9589941085
84.13476295420016 -6.266480951121463 8070.9589941085
84.1343157229172 -6.266258926503455 8070.9589941085
84.13386849203438 -6.266036901540741 8070.9589941085
84.13353304152507 -6.26581482530663 8070.9589941085
84.13319759131394 -6.265592748881554 8070.9589941085
84.13275036152858 -6.26537072306053 8070.9589941085
84.13230313214322 -6.265148696894796 8070.9589941085
84.13196762804974 -6.2648155052080075 8070.9589941085
84.13152039951004 -6.264593478444118 8070.9589941085
84.13107311668783 -6.264260336786823 8070.9589941085
84.13062588904498 -6.264038309336897 8070.9589941085
84.1302903868085 -6.263705116712116 8070.9589941085
84.12984316001092 -6.263483088663967 7850.930798241499
84.12950765866556 -6.263149895603114 7850.930798241499
84.12917221203082 -6.262927816886566 7850.930798241499
84.1288367115022 -6.262594623455505 7850.930798241499
84.12838943224966 -6.262261479780199 7850.930798241499
84.1279421535918 -6.2619283357685305 7850.930798241499
84.12749487552855 -6.261595191420483 7850.930798241499
84.12704759805987 -6.261262046736057 7850.930798241499
84.1267121000547 -6.260928852128289 7850.930798241499
84.12637665614561 -6.26070677183128 7850.930798241499
84.12615293770207 -6.260373527376099 7850.930798241499
84.12581749441115 -6.2601514467663115 7850.930798241499
84.12559377658593 -6.2598182021165085 7850.930798241499
84.12525833391305 -6.259596121193896 7850.930798241499
84.12503461670605 -6.259262876349445 7850.930798241499
84.12469917465113 -6.2590407951140135 7850.930798241499
84.12447545806222 -6.258707550074869 7850.930798241499
84.12413996346913 -6.258374354066505 7850.930798241499
84.12380441624009 -6.257930043421985 7850.930798241499
84.12335709149995 -6.257485781556209 7850.930798241499
84.12290971466847 -6.256930404927076 7850.930798241499
84.12235061372533 -6.256486191170237 7850.930798241499
84.12190329155442 -6.256041928248398 7850.930798241499
84.1214560227354 -6.255708779420168 7850.930798241499
84.12112053214436 -6.2553755817667955 7850.930798241499
84.12078509441206 -6.255153498340935 7850.930798241499
84.12044960463572 -6.254820300316937 7850.930798241499
84.12000239011068 -6.25459826480309 7850.930798241499
84.11966690122289 -6.254265066342528 7850.930798241499
84.11921968754037 -6.254043030230146 7850.930798241499
84.11877247425615 -6.253820993772935 7850.930798241499
84.1184370386029 -6.2535989090094235 7850.930798241499
84.11810160324657 -6.253376824054795 7850.930798241499
84.1177661681871 -6.2531547389090605 7850.930798241499
84.1174307334245 -6.252932653572224 7850.930798241499
84.1170952989587 -6.252710568044253 7850.930798241499
84.11664808780795 -6.2524885299572155 7850.930798241499
84.11620082563931 -6.252155377157563 8070.9589941085
84.11564183852634 -6.25193338581841 8070.9589941085
84.11519457751984 -6.251600232252584 8070.9589941085
84.11474731710582 -6.251267078350096 8070.9589941085
84.1143000572842 -6.250933924110883 8070.9589941085
84.1138528489591 -6.250711883879802 8070.9589941085
84.11351736672918 -6.250378681967135 8070.9589941085
84.11307015924524 -6.2501566411374 8070.9589941085
84.1127346779023 -6.249823438787923 8070.9589941085
84.11239924758925 -6.249601350584041 8070.9589941085
84.11206376705927 -6.24926814786365 8070.9589941085
84.11161656120609 -6.249046105924367 8070.9589941085
84.11128108156274 -6.248712902767121 8070.9589941085
84.11083387655017 -6.248490860229124 8070.9589941085
84.11049839779326 -6.248157656635004 8070.9589941085
84.11016296957756 -6.247935567162032 8070.9589941085
84.10993926751667 -6.247602316904665 8070.9589941085
84.10960383991637 -6.2473802271184695 8070.9589941085
84.10938013847101 -6.247046976665772 8070.9589941085
84.10904466163439 -6.246713772278309 8070.9589941085
84.10870913546397 -6.246269453426244 8070.9589941085
84.10837360988519 -6.245825134402394 8070.9589941085
84.10803808489797 -6.245380815206709 8070.9589941085
84.10770256050226 -6.2449364958392 8070.9589941085
84.10736708617569 -6.244603290555435 8070.9589941085
84.10714338744214 -6.244270039345441 8070.9589941085
84.10680791392731 -6.243936833761198 8070.9589941085
84.10647239157524 -6.243492513752656 8070.9589941085
84.10613686981435 -6.243048193572158 8070.9589941085
84.10580134864455 -6.2426038732196965 8070.9589941085
84.10546582806577 -6.242159552695216 8070.9589941085
84.10513035705905 -6.241826346214107 8070.9589941085
84.10490666103513 -6.24149309424603 8070.9589941085
84.10468296530708 -6.241159842204502 8070.9589941085
84.1044592698749 -6.2408265900895445 8070.9589941085
84.10423557473854 -6.240493337901102 8070.9589941085
84.10401187989797 -6.240160085639173 8070.9589941085
84.1037881853532 -6.239826833303778 8070.9589941085
84.10345271700061 -6.23949362593492 8070.9589941085
84.10322897456321 -6.239049259231561 8070.9589941085
84.10289350709495 -6.238716051566678 8070.9589941085
84.10266976549636 -6.2382716846882476 8070.9589941085
84.10233429891225 -6.237938476727249 8070.9589941085
84.10211060645992 -6.237605223828404 8070.9589941085
84.10177514068609 -6.237272015566521 8070.9589941085
84.10155140071369 -6.236827648331366 8070.9589941085
84.10121593582365 -6.236494439773246 8070.9589941085
84.10099219668955 -6.236050072362846 8070.9589941085
84.10065673268312 -6.2357168635084514 8070.9589941085
84.1004330423219 -6.23538361004567 8070.9589941085
84.10020935225604 -6.235050356509234 8070.9589941085
84.09998566248555 -6.23471710289915 8070.9589941085
84.09976197301037 -6.234383849215389 8070.9589941085
84.0995382838305 -6.234050595457956 8070.9589941085
84.09931459494591 -6.233717341626837 8070.9589941085
84.0989791812014 -6.2334952459795065 8070.9589941085
84.09875549292998 -6.2331619919522785 8070.9589941085
84.09842007979842 -6.232939895991185 8070.9589941085
84.0981963921401 -6.232606641767872 8070.9589941085
84.09786093225458 -6.232273431412475 8070.9589941085
84.09763719794314 -6.231829062923491 8070.9589941085
84.09730173894019 -6.231495852271495 8070.9589941085
84.09707800546582 -6.231051483606707 8070.9589941085
84.09674254734524 -6.230718272658055 8070.9589941085
84.09651886177507 -6.230385017869705 8070.9589941085
84.09618345145775 -6.230162920668895 8070.9589941085
84.09595976650017 -6.229829665684288 8070.9589941085
84.09562435679523 -6.22960756816959 8070.9589941085
84.09540067245015 -6.22927431298869 8070.9589941085
84.09506526335745 -6.2290522151600864 8070.9589941085
84.09484157962477 -6.228718959782868 8070.9589941085
84.09450617114422 -6.228496861640348 8070.9589941085
84.09428248802382 -6.228163606066768 8070.9589941085
84.0939470801553 -6.22794150761029 8070.9589941085
84.0937233976471 -6.227608251840351 8070.9589941085
84.09338799039053 -6.227386153069905 8070.9589941085
84.09316430849437 -6.22705289710354 8070.9589941085
84.09282890184963 -6.22683079801911 8070.9589941085
84.09249344931247 -6.226497584743616 8070.9589941085
84.092046226037 -6.226164414083854 8070.9589941085
84.09159900334944 -6.22583124308654 8070.9589941085
84.09115178124974 -6.225498071751697 8070.9589941085
84.09070455973782 -6.225164900079317 8070.9589941085
84.0902573388136 -6.224831728069391 8070.9589941085
84.08981016408133 -6.224609669693808 8070.9589941085
84.08947471499297 -6.224276454731705 8070.9589941085
84.08902754109499 -6.22405439575654 8070.9589941085
84.08858036759119 -6.2238323364361285 8070.9589941085
84.08824496508873 -6.223610234739603 8070.9589941085
84.08790956288034 -6.223388132851566 8070.9589941085
84.087462390458 -6.223166072671095 8070.9589941085
84.0870152184297 -6.22294401214538 8070.9589941085
84.08656800189057 -6.222610837328458 8070.9589941085
84.08600906041399 -6.222388817728881 8070.9589941085
84.08545007476846 -6.2220556836481045 8070.9589941085
84.08489113440241 -6.221833662965792 8070.9589941085
84.0843321945316 -6.221611641740577 8290.9871899755
84.08388502526012 -6.221389578798007 8290.9871899755
84.08343785638228 -6.221167515510184 8290.9871899755
84.08299073203445 -6.221056565800229 8290.9871899755
84.08254356384765 -6.220834501818825 8290.9871899755
84.08209639605434 -6.220612437492126 8290.9871899755
84.08153750260361 -6.2205015274710425 8290.9871899755
84.08097856570268 -6.220279502988432 8290.9871899755
84.08041962929646 -6.220057477962897 8290.9871899755
84.07986073685177 -6.21994656630254 8290.9871899755
84.07930184466305 -6.219835654094802 8290.9871899755
84.0787429095011 -6.219613627434502 8290.9871899755
84.078184017943 -6.21950271413341 8290.9871899755
84.07762512664067 -6.2193918002849085 8290.9871899755
84.07706623559405 -6.219280885888976 8290.9871899755
84.07650730205033 -6.219058857047995 8290.9871899755
84.07594841163383 -6.218947941558721 8290.9871899755
84.07550129097697 -6.218836985994351 8290.9871899755
84.07505417052168 -6.218726030080179 8511.0153858425
84.0746070079206 -6.218503959925995 8511.0153858425
84.07415988796363 -6.2183930033136985 8511.0153858425
84.07371276820814 -6.218282046351576 8511.0153858425
84.07326560659324 -6.218059975155448 8511.0153858425
84.07281844537098 -6.217837903614007 8511.0153858425
84.07237128454133 -6.217615831727256 8511.0153858425
84.07192412410424 -6.217393759495181 8511.0153858425
84.07147696405966 -6.217171686917789 8511.0153858425
84.07102980440753 -6.216949613995084 8511.0153858425
84.07058264514781 -6.216727540727023 8511.0153858425
84.0702472552543 -6.216505428617991 8511.0153858425
84.07002359321561 -6.2161721640069585 8511.0153858425
84.0697999314699 -6.215838899321639 8511.0153858425
84.06957627001714 -6.215505634562036 8511.0153858425
84.06935256764332 -6.2150612558846206 8511.0153858425
84.06912886566208 -6.214616877143421 8511.0153858425
84.06879343669385 -6.214283650401965 8731.0435817095
84.06856973554326 -6.213839271483202 8731.0435817095
84.06834603478512 -6.213394892500608 8731.0435817095
84.06812237535952 -6.213061627269117 8731.0435817095
84.06789871622665 -6.212728361963233 8731.0435817095
84.0676750573865 -6.212395096582968 8731.0435817095
84.06745139883903 -6.212061831128298 8731.0435817095
84.06711601336417 -6.21183971730033 8731.0435817095
84.06689235542477 -6.211506451648397 8731.0435817095
84.06655697055777 -6.211284337505881 8731.0435817095
84.06633331322634 -6.210951071656678 8731.0435817095
84.06599792896709 -6.210728957199628 8731.0435817095
84.06577427224354 -6.210395691153122 8731.0435817095
84.06543888859193 -6.210173576381483 8731.0435817095
84.06521523247613 -6.209840310137639 8731.0435817095
84.06487984943206 -6.2096181950514096 8731.0435817095
84.06465619392392 -6.209284928610201 8731.0435817095
84.06432081148728 -6.209062813209362 8731.0435817095
84.06398542934285 -6.208840697616814 8731.0435817095
84.0636500474906 -6.208618581832536 8731.0435817095
84.06331466593049 -6.208396465856531 8731.0435817095
84.06286751750424 -6.208174386756814 8731.0435817095
84.06242036946927 -6.207952307311669 8731.0435817095
84.06208494925272 -6.20761907688495 8731.0435817095
84.06163780204596 -6.207396996839673 8731.0435817095
84.06119065523033 -6.207174916448923 8731.0435817095
84.06085527569158 -6.206952799061883 8731.0435817095
84.06051989644476 -6.206730681483099 8731.0435817095
84.06018451748986 -6.206508563712556 8731.0435817095
84.05984913882682 -6.206286445750221 8731.0435817095
84.05951376045566 -6.206064327596158 8731.0435817095
84.05917838237632 -6.205842209250316 8731.0435817095
84.05884300458878 -6.205620090712707 8731.0435817095
84.05850762709302 -6.205397971983323 8731.0435817095
84.05817224988901 -6.2051758530621575 8731.0435817095
84.05794860067941 -6.204842584162252 8731.0435817095
84.05761322408178 -6.204620464926325 8731.0435817095
84.05727780917955 -6.204287231798867 8731.0435817095
84.05683066698808 -6.20406514806455 8731.0435817095
84.0564952529588 -6.20373191449783 8731.0435817095
84.05604811159422 -6.203509830163243 8731.0435817095
84.05571269843773 -6.203176596157272 8731.0435817095
84.05537732390417 -6.202954475647533 8731.0435817095
84.05504191154756 -6.202621241268119 8731.0435817095
84.05459477178651 -6.202399155820786 8731.0435817095
84.05425936030232 -6.202065921002044 8731.0435817095
84.05381222136764 -6.201843834954362 8731.0435817095
84.05336504506887 -6.201510634897798 8731.0435817095
84.05291790701011 -6.201288548161929 8731.0435817095
84.05258249734283 -6.200955312398544 8731.0435817095
84.05213536011007 -6.200733225062328 8731.0435817095
84.05168822326732 -6.200511137380575 8731.0435817095
84.05135285222984 -6.200289014568947 8731.0435817095
84.05101748148353 -6.200066891565481 8731.0435817095
84.05057038286641 -6.199955916664423 8731.0435817095
84.05012328444874 -6.199844941413538 8731.0435817095
84.04967618623047 -6.199733965812762 8731.0435817095
84.04922908821158 -6.1996229898621475 8731.0435817095
84.04878199039202 -6.199512013561683 8731.0435817095
84.04833489277175 -6.1994010369113575 8731.0435817095
84.04788779535077 -6.199290059911169 8731.0435817095
84.04744069812904 -6.19917908256113 8731.0435817095
84.04688187234893 -6.199179252421095 8731.0435817095
84.04632304658472 -6.199179421732244 8731.0435817095
84.04576422083633 -6.199179590494561 8731.0435817095
84.04520539510374 -6.19917975870804 8731.0435817095
84.04464656938687 -6.199179926372706 8731.0435817095
84.0440877436857 -6.1991800934885415 8731.0435817095
84.04352891800015 -6.199180260055566 8731.0435817095
84.04297009233017 -6.19918042607375 8731.0435817095
84.04241126667571 -6.199180591543108 8731.0435817095
84.04185244103675 -6.199180756463643 8731.0435817095
84.04129361541321 -6.199180920835367 8731.0435817095
84.04073478980504 -6.19918108465826 8731.0435817095
84.04028772932953 -6.199181215321402 8731.0435817095
84.0398406688638 -6.199181345633318 8951.0717775765
84.03950533870112 -6.199070329504455 8951.0717775765
84.0391700086858 -6.198959313179447 8951.0717775765
84.03883467881784 -6.198848296658261 8951.0717775765
84.03838758408375 -6.198737312200553 8951.0717775765
84.03794048954829 -6.198626327392963 8951.0717775765
84.03738166461983 -6.198626487922718 8951.0717775765
84.03682280545473 -6.19851553427846 8951.0717775765
84.03626394654064 -6.198404580086764 8951.0717775765
84.03581681874448 -6.198182479993967 8951.0717775765
84.03536969133694 -6.197960379555598 8951.0717775765
84.03492256431801 -6.197738278771687 8951.0717775765
84.03458720242124 -6.197516146150986 8951.0717775765
84.03425180711187 -6.197182899730424 8951.0717775765
84.03369288305981 -6.1968497158220694 8951.0717775765
84.03324569076206 -6.196405386552052 8731.0435817095
84.03279849923649 -6.195961056953592 8731.0435817095
84.03223957745475 -6.195627871665223 8731.0435817095
84.03179242064724 -6.195294654898549 8731.0435817095
84.0314570616975 -6.1950725204963835 8731.0435817095
84.03100997189452 -6.1949615302907395 8731.0435817095
84.03056288228959 -6.194850539735249 8731.0435817095
84.03011579288268 -6.194739548829883 8731.0435817095
84.02955697227806 -6.194739701674924 8731.0435817095
84.0291098831982 -6.194628709980599 8731.0435817095
84.02866279431628 -6.194517717936426 8731.0435817095
84.02821570563223 -6.194406725542374 8731.0435817095
84.02776864946841 -6.194406846369432 8731.0435817095
84.02732159331364 -6.194406966845251 8731.0435817095
84.02676280524409 -6.194518230518551 8731.0435817095
84.02620401695391 -6.19462949364454 8731.0435817095
84.02564522844304 -6.194740756223197 8731.0435817095
84.02508643971144 -6.194852018254548 8731.0435817095
84.02452765075904 -6.1949632797385785 8731.0435817095
84.02424825620001 -6.195018910275346 8731.0435817095
