RAJ2000 DEJ2000 VEL
84.1148481747238 -6.227488596419724 7850.930798241499
84.11507151411423 -6.227044045810586 7850.930798241499
84.11529485314465 -6.226599495138717 7850.930798241499
84.1154064204597 -6.226154991792026 7850.930798241499
84.11562980993872 -6.225821555025073 7850.930798241499
84.1158531991459 -6.225488118184381 7850.930798241499
84.11607653691658 -6.2250435672926985 7850.930798241499
84.11629987432745 -6.22459901633816 7850.930798241499
84.11663503359267 -6.224265531678251 7850.930798241499
84.1168583702348 -6.223820980547838 7850.930798241499
84.11719352868201 -6.223487495591444 7850.930798241499
84.11752868672023 -6.223154010451567 7850.930798241499
84.11797566656313 -6.22293159120369 7850.930798241499
84.11831082378337 -6.22259810562627 7850.930798241499
84.11875780285722 -6.222375685779449 7850.930798241499
84.11920478157111 -6.222153265587681 7850.930798241499
84.11965181181989 -6.222041958984664 7850.930798241499
84.11998701943644 -6.221819586387561 7850.930798241499
84.12043404926438 -6.221708279174631 7850.930798241499
84.12088107891871 -6.221596971612079 7850.930798241499
84.12132810839948 -6.221485663699844 7850.930798241499
84.12177513770672 -6.221374355437995 7850.930798241499
84.12233398966691 -6.22137411202402 7850.930798241499
84.12278101870075 -6.22126280297346 7850.930798241499
84.12322804756118 -6.221151493573302 7850.930798241499
84.12367507624819 -6.22104018382347 7850.930798241499
84.12412210476184 -6.220928873723987 7850.930798241499
84.12456913310214 -6.220817563274875 7850.930798241499
84.12512798458629 -6.22081731711686 7850.930798241499
84.12568683609351 -6.220817070410004 7850.930798241499
84.12624568762388 -6.220816823154286 7850.930798241499
84.12680453917744 -6.220816575349706 7850.930798241499
84.12736339075424 -6.220816326996262 7850.930798241499
84.12792224235433 -6.220816078093969 7850.930798241499
84.12836926992392 -6.2207047646610265 7850.930798241499
84.12881629732045 -6.220593450878439 7850.930798241499
84.12926332454394 -6.220482136746184 7850.930798241499
84.12971035159441 -6.220370822264288 7850.930798241499
84.13015732437157 -6.220148393524674 7850.930798241499
84.13071612116259 -6.2200370279719195 7850.930798241499
84.13127491774198 -6.2199256618719545 7850.930798241499
84.13172188954043 -6.219703231915623 7850.930798241499
84.13216886098003 -6.219480801614314 7850.930798241499
84.13261588667304 -6.219369484863662 7850.930798241499
84.13306291219325 -6.21925816776333 7850.930798241499
84.13339811275053 -6.219035787342806 7850.930798241499
84.13384513785165 -6.218924469632572 7850.930798241499
84.13429216278011 -6.218813151572682 7850.930798241499
84.13473918753594 -6.218701833163158 7850.930798241499
84.13507438708339 -6.2184794517704765 7850.930798241499
84.13552141142034 -6.218368132751016 7850.930798241499
84.13596843558474 -6.218256813381892 7850.930798241499
84.13641545957664 -6.218145493663141 7850.930798241499
84.13686248339603 -6.218034173594717 7850.930798241499
84.13742133244725 -6.218033915363277 7850.930798241499
84.13786835599548 -6.217922594506171 7850.930798241499
84.13831537937135 -6.2178112732994375 7850.930798241499
84.13876240257486 -6.217699951743049 7850.930798241499
84.13920942560604 -6.217588629836996 7850.930798241499
84.13965644846493 -6.217477307581294 7850.930798241499
84.14021529704736 -6.217477046605877 7850.930798241499
84.14077420197434 -6.217587898951965 7850.930798241499
84.14133310716302 -6.217698750750614 7850.930798241499
84.14189201261344 -6.217809602001801 7850.930798241499
84.1424509183257 -6.217920452705539 7850.930798241499
84.14300982429982 -6.218031302861844 7850.930798241499
84.14356867362025 -6.218031038592989 7850.930798241499
84.14412752296548 -6.218030773775282 7850.930798241499
84.14468637233553 -6.218030508408722 7850.930798241499
84.14524522173046 -6.218030242493291 7850.930798241499
84.1456923586287 -6.218141143243235 7850.930798241499
84.14613949573288 -6.218252043643342 7850.930798241499
84.14658663304309 -6.218362943693609 7850.930798241499
84.1470337705593 -6.2184738433940305 7850.930798241499
84.14748090828158 -6.218584742744604 7850.930798241499
84.14792798836802 -6.218584527860511 7850.930798241499
84.14837506847059 -6.218584312625136 8070.9589941085
84.14882214858929 -6.218584097038501 8070.9589941085
84.14926922872418 -6.2185838811006064 8070.9589941085
84.14971630887523 -6.218583664811402 8070.9589941085
84.15027515908689 -6.218583393955968 8070.9589941085
84.15083400932394 -6.218583122551667 8070.9589941085
84.15139285958645 -6.218582850598496 8070.9589941085
84.15195170987445 -6.218582578096475 8070.9589941085
84.15251056018802 -6.218582305045593 8070.9589941085
84.1530694105272 -6.218582031445864 8070.9589941085
84.15362826089202 -6.218581757297269 8070.9589941085
84.15418711128254 -6.218581482599804 8070.9589941085
84.15474596169884 -6.218581207353488 8070.9589941085
84.15530481214095 -6.21858093155832 8070.9589941085
84.15586366260892 -6.218580655214289 8070.9589941085
84.1564225131028 -6.218580378321397 8070.9589941085
84.15698136362265 -6.21858010087964 8070.9589941085
84.1575402141685 -6.218579822889019 8070.9589941085
84.15809906474044 -6.2185795443495655 8070.9589941085
84.1586579153385 -6.218579265261228 8070.9589941085
84.15921676596273 -6.218578985624055 8290.9871899755
84.1596637861602 -6.21846764763709 8290.9871899755
84.16011080618662 -6.218356309300492 8290.9871899755
84.16055776553563 -6.218133856736896 8290.9871899755
84.16100472452804 -6.217911403828345 8290.9871899755
84.16145162247409 -6.217577836705169 8290.9871899755
84.16201035055471 -6.217355326589641 8290.9871899755
84.162569078194 -6.21713281593162 8290.9871899755
84.16312780539201 -6.216910304731089 8290.9871899755
84.1636865321488 -6.216687792988001 8290.9871899755
84.16424531973351 -6.216576394556534 8290.9871899755
84.16480410710989 -6.216464995577827 8290.9871899755
84.16536289427802 -6.216353596051919 8290.9871899755
84.1659217428589 -6.216353309829698 8290.9871899755
84.16636876002757 -6.216241966605898 8290.9871899755
84.16681577702568 -6.216130623032439 8290.9871899755
84.16726279385328 -6.216019279109336 8290.9871899755
84.1677098105104 -6.215907934836575 8290.9871899755
84.16815682699708 -6.215796590214173 8290.9871899755
84.16871567512244 -6.215796301247987 8290.9871899755
84.16927452327492 -6.215796011732944 8290.9871899755
84.16983337145454 -6.215795721669044 8290.9871899755
84.17039221966137 -6.21579543105629 8290.9871899755
84.17095106789543 -6.215795139894663 8290.9871899755
84.17150991615681 -6.215794848184179 8290.9871899755
84.17206876444553 -6.2157945559248375 8290.9871899755
84.17262761276166 -6.215794263116643 8290.9871899755
84.17318646110526 -6.215793969759605 8290.9871899755
84.17374530947636 -6.215793675853682 8290.9871899755
84.17430415787501 -6.215793381398921 8290.9871899755
84.1748630063013 -6.215793086395302 8290.9871899755
84.17542185475521 -6.215792790842799 8290.9871899755
84.17598070323686 -6.215792494741457 8290.9871899755
84.17653955174627 -6.215792198091249 8290.9871899755
84.1770984002835 -6.2157919008921905 8290.9871899755
84.17765724884859 -6.215791603144264 8290.9871899755
84.1782160974416 -6.215791304847485 8290.9871899755
84.1784955217486 -6.2157911554932666 8290.9871899755
