RAJ2000 DEJ2000 VEL
83.84292041054444 -6.040313371249399 7630.9026023745
83.84292044264195 -6.039757811315499 7630.9026023745
83.84292047473646 -6.039202251402913 7630.9026023745
83.84292050682795 -6.038646691511561 7630.9026023745
83.84292053891645 -6.0380911316414245 7630.9026023745
83.84292057100191 -6.037535571792465 7630.9026023745
83.8429206030844 -6.036980011964585 7630.9026023745
83.84280889807435 -6.036535557961666 7630.9026023745
83.84269719324557 -6.0360911039502625 7630.9026023745
83.84258548859803 -6.035646649930343 7410.8744065075
83.8424737841317 -6.035202195901877 7410.8744065075
83.84225034953869 -6.034757735599358 7410.8744065075
83.84213865209982 -6.034202169588827 7410.8744065075
83.84191521818883 -6.033757709184662 7410.8744065075
83.84169178464182 -6.033313248705994 7410.8744065075
83.84135662153928 -6.0328687817117945 7410.8744065075
83.84102145898318 -6.03242431453337 7410.8744065075
83.84057456034469 -6.03209095250237 7410.8744065075
83.84023939890436 -6.03164648488622 7410.8744065075
83.83979250138151 -6.03131312225814 7410.8744065075
83.83934559726256 -6.031090871205325 7410.8744065075
83.83901042301746 -6.030868626728448 7410.8744065075
83.83867524904531 -6.030646382057375 7410.8744065075
83.83822833855626 -6.030535242051489 7410.8744065075
83.83778143571003 -6.030312989781261 7410.8744065075
83.8373345332273 -6.03009073716321 7410.8744065075
83.83677589413404 -6.029979588767305 7410.8744065075
83.83621725526605 -6.02986843982362 7410.8744065075
83.83577035378154 -6.029646185983198 7410.8744065075
83.83532344469604 -6.029535043702412 7410.8744065075
83.83487653579118 -6.029423901071338 7410.8744065075
83.83442962706695 -6.029312758089955 7410.8744065075
83.8339827185233 -6.0292016147583025 7410.8744065075
83.83342407265653 -6.029201574982235 7410.8744065075
83.83286543525334 -6.0290904227525415 7410.8744065075
83.83230679807504 -6.02897926997501 7410.8744065075
83.83174816112155 -6.028868116649704 7410.8744065075
83.83118952439283 -6.028756962776573 7410.8744065075
83.83063088788882 -6.028645808355644 7410.8744065075
83.83007224257085 -6.028645765287817 7410.8744065075
83.82951359724883 -6.028645721671378 7410.8744065075
83.8289549519227 -6.028645677506265 7410.8744065075
83.82850804501774 -6.028534529878279 7410.8744065075
83.82806113829298 -6.028423381900005 7410.8744065075
83.82772596074732 -6.02831224271168 7410.8744065075
83.82739078333722 -6.028201103326679 7630.9026023745
83.8270556060627 -6.028089963744962 7630.9026023745
83.8266086902448 -6.028089926525627 7630.9026023745
83.82616177442411 -6.028089888955138 7630.9026023745
83.82571486853067 -6.027978739136764 7630.9026023745
83.82526796281722 -6.027867588968081 7630.9026023745
83.82482105728374 -6.027756438449097 7630.9026023745
83.8243741519302 -6.027645287579809 7630.9026023745
83.82403898587356 -6.027423034331937 7630.9026023745
83.82359208094897 -6.027311882850635 7630.9026023745
83.82314517620425 -6.02720073101902 7630.9026023745
83.8226982821854 -6.026978466947647 7630.9026023745
83.82225138852874 -6.026756202528409 7630.9026023745
83.82180449523423 -6.0265339377612746 7630.9026023745
83.82135760230182 -6.026311672646289 7630.9026023745
83.82091070973146 -6.026089407183404 7630.9026023745
83.82057554603058 -6.025867151917333 7630.9026023745
83.82024038260155 -6.025644896456966 7630.9026023745
83.8197934910272 -6.025422630125977 7630.9026023745
83.81934659981472 -6.025200363447084 7630.9026023745
83.81901144858836 -6.024866995398027 7630.9026023745
83.81856455814564 -6.024644728112696 7630.9026023745
83.81811767954349 -6.024311348609313 7630.9026023745
83.81767078991524 -6.024089080629768 7630.9026023745
83.81733564038817 -6.023755711617208 7630.9026023745
83.81688875152928 -6.02353344303123 7630.9026023745
83.81655360281758 -6.023200073569774 7630.9026023745
83.81621844264882 -6.02297781577783 7630.9026023745
83.81599502253717 -6.022644457377669 7630.9026023745
83.81565986293448 -6.022422199264485 7630.9026023745
83.81543644338879 -6.022088840656757 7630.9026023745
83.81510128435207 -6.0218665822223265 7630.9026023745
83.81476613774583 -6.021533211743177 7630.9026023745
83.81431926398828 -6.021199829322014 7630.9026023745
83.81398413058213 -6.020755346551325 7630.9026023745
83.81353725793333 -6.020421963532245 7630.9026023745
83.81320212563571 -6.01997748032269 7630.9026023745
83.8128669813373 -6.019644108764426 7630.9026023745
83.81264356461982 -6.019310749118347 7630.9026023745
83.81230840841127 -6.019088489077379 7630.9026023745
83.81208499225912 -6.018755129223532 7630.9026023745
83.81174984938536 -6.018421757032664 7630.9026023745
83.81152644665758 -6.017977285147958 7630.9026023745
83.81119131747941 -6.017532800821818 7630.9026023745
83.81096792849007 -6.0169772169238644 7630.9026023745
83.81063280037309 -6.016532732296357 7630.9026023745
83.81040939931421 -6.016088260025148 7630.9026023745
83.81018599861582 -6.015643787678393 7630.9026023745
83.80996258515006 -6.015310427062357 7630.9026023745
83.80973917195512 -6.014977066365421 7630.9026023745
83.80962749844667 -6.014532606480941 7630.9026023745
83.80940409900961 -6.014088133869656 7630.9026023745
83.80918069993285 -6.01364366118273 7630.9026023745
83.80906904044738 -6.013088089433032 7630.9026023745
83.80884565539496 -6.012532504853523 7630.9026023745
83.8086222707917 -6.011976920205037 7630.9026023745
83.80851061219902 -6.011421348401959 7630.9026023745
83.80839894039035 -6.0109768883725225 7630.9026023745
83.80828726875991 -6.010532428333072 7850.930798241499
83.80828732259587 -6.010087981241878 7850.930798241499
83.80828737642778 -6.009643534162509 7850.930798241499
83.80828743025563 -6.009199087094987 7850.930798241499
83.80828749753474 -6.008643528277173 7850.930798241499
83.8082875648075 -6.00808796947776 7850.930798241499
83.80828763207393 -6.007532410696644 7850.930798241499
83.80839941055473 -6.007087976621208 7850.930798241499
83.80851118884884 -6.006643542535492 7850.930798241499
83.80862296695628 -6.006199108439453 7850.930798241499
83.80884645594 -6.005865798924645 7850.930798241499
83.80906994464696 -6.0055324893285675 7850.930798241499
83.8092934330772 -6.0051991796511865 7850.930798241499
83.80951692123074 -6.004865869892485 7850.930798241499
83.80974040910758 -6.004532560052471 7850.930798241499
83.80996389670777 -6.004199250131141 7850.930798241499
83.81018738403134 -6.003865940128454 7850.930798241499
83.81041087107829 -6.003532630044421 7850.930798241499
83.81063435784868 -6.003199319879022 7850.930798241499
83.81085784434252 -6.00286600963225 7850.930798241499
83.81108133055984 -6.002532699304095 7850.930798241499
83.81130481650067 -6.002199388894541 7850.930798241499
83.8114165913723 -6.00175495436451 7850.930798241499
83.81164007678274 -6.001421643838149 7850.930798241499
83.81186356191675 -6.001088333230351 7850.930798241499
83.8119753360943 -6.000643898618839 7850.930798241499
83.81208711008561 -6.0001994639966645 7850.930798241499
83.81231060705083 -5.99975504153182 7850.930798241499
83.8124223931697 -5.999199495165075 7850.930798241499
83.81253417905471 -5.998643948793864 7850.930798241499
83.8126459647059 -5.9980884024181025 7850.930798241499
83.81286946033026 -5.9976439797868055 7850.930798241499
83.81298123295082 -5.997199545064385 7850.930798241499
83.81309300538528 -5.996755110331097 7850.930798241499
83.8132047776337 -5.996310675586885 7850.930798241499
83.81342827205724 -5.995866252780262 7850.930798241499
83.8135400561978 -5.995310706315244 7850.930798241499
83.81376356223774 -5.994755171728042 7850.930798241499
83.81398706781593 -5.994199637070113 7850.930798241499
83.8143222826441 -5.993755225781035 7850.930798241499
83.81454577508518 -5.993310802598198 7850.930798241499
83.81488098890182 -5.992866391001558 7850.930798241499
83.81521620216698 -5.99242197921819 7850.930798241499
83.81555141488073 -5.991977567248059 7850.930798241499
83.81588662704316 -5.991533155091135 7850.930798241499
83.81633356003168 -5.991088754125276 7850.930798241499
83.81678048059932 -5.990755464467544 7850.930798241499
83.81711567937667 -5.990422163262346 7850.930798241499
83.81756258738527 -5.990199984647385 7850.930798241499
83.81789778533648 -5.989866682991296 7850.930798241499
83.81812126181917 -5.989533370138846 7630.9026023745
83.81823302842693 -5.989088934582392 7630.9026023745
83.81823306258885 -5.988755599668413 7630.9026023745
83.81812138732955 -5.988311142120914 7630.9026023745
83.81800971224841 -5.9878666845620145 7630.9026023745
83.81789803734542 -5.987422226991735 7630.9026023745
83.81778636262052 -5.9869777694100135 7630.9026023745
83.81767468807374 -5.986533311816824 7630.9026023745
83.81756301370501 -5.986088854212161 7630.9026023745
83.81745133951435 -5.985644396595969 7630.9026023745
83.81733966550172 -5.985199938968225 7630.9026023745
83.81711627158676 -5.984755470126712 7630.9026023745
83.81700459802076 -5.984311012453894 7410.8744065075
83.81689292463273 -5.983866554769437 7630.9026023745
83.81678125142264 -5.983422097073316 7410.8744065075
83.81655784695592 -5.983088739657174 7410.8744065075
83.8164461624319 -5.98275539351479 7410.8744065075
83.81633448980247 -5.982310935756544 7410.8744065075
83.81611109785905 -5.981866466586939 7410.8744065075
83.81588770627444 -5.9814219973397424 7410.8744065075
83.81566431504856 -5.9809775280149555 7410.8744065075
83.81544092418142 -5.980533058612507 7410.8744065075
83.81521753367294 -5.980088589132423 7410.8744065075
83.81499413149551 -5.9797552311591256 7410.8744065075
83.8147707295875 -5.979421873103743 7410.8744065075
83.81454734006581 -5.978977403385503 7410.8744065075
83.81421223208795 -5.978532921816935 7410.8744065075
83.81387712464895 -5.978088440060874 7410.8744065075
83.81354201774873 -5.9776439581173175 7410.8744065075
83.81320691138723 -5.977199475986239 7410.8744065075
83.81287179311177 -5.976866105235876 7410.8744065075
83.81264839365014 -5.976532746395324 7410.8744065075
83.81231326355069 -5.976310486892186 7410.8744065075
83.81208986465025 -5.975977127841468 7410.8744065075
83.811754735112 -5.975754868015376 7410.8744065075
83.81164303590869 -5.975588188395206 7410.8744065075
