RAJ2000 DEJ2000 VEL
83.72968256820319 -4.873475303113362 10931.325540379501
83.72968266379822 -4.873030798864677 10931.325540379501
83.72979429773129 -4.872475196853533 10931.325540379501
83.72979441710675 -4.87191956637463 10931.325540379501
83.72979453646843 -4.87136393580719 10931.325540379501
83.72979465581636 -4.8708083051512 10931.325540379501
83.72979477515052 -4.870252674406572 10931.325540379501
83.72979489447094 -4.869697043573289 10931.325540379501
83.72979495412598 -4.869419228123338 10931.325540379501
