RAJ2000 DEJ2000 VEL
83.75749730576024 -5.228513696291756 9611.156365177501
83.75749738860463 -5.228069228687568 9611.156365177501
83.75772062230126 -5.227624806853014 9611.156365177501
83.75783228032287 -5.227180362047912 9611.156365177501
83.75794393817856 -5.226735917185583 9611.156365177501
83.75805559586837 -5.226291472266037 9611.156365177501
83.7581672533923 -5.225847027289217 9611.156365177501
83.75816735629948 -5.225291442513783 9611.156365177501
83.75816740774891 -5.225013650105358 9831.1845610445
