RAJ2000 DEJ2000 VEL
84.36018753978092 -6.690807328796858 6530.7616230395
84.3597399214349 -6.690696586385921 6530.7616230395
84.35918053675879 -6.690697063009176 6750.7898189065
84.35862115212728 -6.690697539082994 6750.7898189065
84.35806176754032 -6.690698014607342 6750.7898189065
84.35750238299785 -6.69069848958224 6750.7898189065
84.35705498525617 -6.690809993272394 6750.7898189065
84.35660758734114 -6.690921496614419 6750.7898189065
84.3561601892527 -6.691032999608243 6750.7898189065
84.35582466796923 -6.69114440765446 6750.7898189065
84.35560113308982 -6.691366845073471 6970.818014773499
84.35526561148212 -6.69147825280026 6970.818014773499
84.35493008973945 -6.691589660332702 6970.818014773499
84.35470655429229 -6.691812097427079 6970.818014773499
84.35437114149515 -6.692034628782845 6970.818014773499
84.35403572841582 -6.692257159954336 6970.818014773499
84.3537003150543 -6.692479690941546 6970.818014773499
84.3534768877874 -6.6928132517723204 6970.818014773499
84.35314147383433 -6.693035782463536 6970.818014773499
84.3529180459763 -6.6933693431247665 6970.818014773499
84.3525826314316 -6.693591873520021 6970.818014773499
84.35235920298233 -6.693925434011735 6970.818014773499
84.35202378784588 -6.694147964111028 6970.818014773499
84.35180035880528 -6.694481524433258 6970.818014773499
84.35146494307696 -6.694704054236619 6970.818014773499
84.3511296356476 -6.695037708088603 6970.818014773499
84.3506823414404 -6.695260331141501 7190.8462106404995
84.35034703315857 -6.695593984582565 7190.8462106404995
84.34989973815279 -6.6958166070540575 7190.8462106404995
84.34945244277479 -6.696039229187569 7190.8462106404995
84.34911702506878 -6.696261757701203 7190.8462106404995
84.34878160708016 -6.696484286030643 7190.8462106404995
84.34833420270098 -6.696595783042628 7190.8462106404995
84.34788679814774 -6.696707279706487 7190.8462106404995
84.34755137936513 -6.696929807338015 7190.8462106404995
84.34710397438207 -6.697041303396904 7190.8462106404995
84.34665656922483 -6.697152799107645 7190.8462106404995
84.34620916389339 -6.697264294470237 7190.8462106404995
84.34587352921369 -6.697264572536235 7190.8462106404995
84.34542590901283 -6.697153818682661 7190.8462106404995
84.34497828904536 -6.697043064480563 7190.8462106404995
84.3446424403038 -6.696821093236361 7190.8462106404995
84.34430659189084 -6.696599121807372 7190.8462106404995
84.34397074380645 -6.696377150193583 7190.8462106404995
84.34363489605059 -6.696155178394956 7190.8462106404995
84.34341081966414 -6.695821989989596 7410.8744065075
84.34307486583265 -6.695488893642744 7410.8744065075
84.34285068348555 -6.695044580838725 7410.8744065075
84.34262650158192 -6.694600267999491 7410.8744065075
84.34251409097406 -6.694044738932134 7410.8744065075
84.34228980336448 -6.693489301887957 7190.8462106404995
84.34217739348908 -6.692933772919684 7190.8462106404995
84.34206498391535 -6.692378244011936 7190.8462106404995
84.34195257464323 -6.691822715164626 7190.8462106404995
84.34184016567269 -6.691267186377749 7190.8462106404995
84.34183963366208 -6.690711565799134 7190.8462106404995
84.34183910169673 -6.690155945303045 7190.8462106404995
84.34172669337279 -6.689600416741258 7190.8462106404995
84.34161428535032 -6.6890448882396685 7190.8462106404995
84.3415018776293 -6.688489359798238 7190.8462106404995
84.34127770042042 -6.688045047207325 7190.8462106404995
84.34105352365445 -6.687600734580768 7190.8462106404995
84.34094122316166 -6.687156330243053 7190.8462106404995
84.3407171532551 -6.686823141579968 7190.8462106404995
84.34049308367692 -6.686489952858272 7190.8462106404995
84.34026901442712 -6.686156764077961 7190.8462106404995
84.34004494550565 -6.685823575239011 7190.8462106404995
84.33970910731101 -6.685601601751635 7190.8462106404995
84.33948503906957 -6.685268412741538 7190.8462106404995
84.33914920155448 -6.685046438956739 7190.8462106404995
84.33892513399297 -6.684713249775465 7190.8462106404995
84.3385892971573 -6.68449127569318 7190.8462106404995
84.33825335517139 -6.684158177510082 7190.8462106404995
84.3378055386536 -6.683825170239632 7190.8462106404995
84.33735772278952 -6.683492162646471 7190.8462106404995
84.33690990757904 -6.683159154730554 7190.8462106404995
84.33646209302212 -6.682826146491879 7190.8462106404995
84.33612615380746 -6.682493047200985 7190.8462106404995
84.33579031996811 -6.682271071598739 7190.8462106404995
84.33545438164974 -6.681937971960508 7190.8462106404995
84.33511854854518 -6.681715995994745 7190.8462106404995
84.33478271576803 -6.68149401984394 7410.8744065075
84.33444688331828 -6.681272043508127 7410.8744065075
84.3341110511959 -6.681050066987291 7410.8744065075
84.33388709367448 -6.680827999991885 7410.8744065075
84.33355126215086 -6.680606023167016 7410.8744065075
84.33332720082117 -6.680272832175051 7410.8744065075
84.33299136997601 -6.680050855052535 7410.8744065075
84.33276730932518 -6.679717663889157 7410.8744065075
84.33243147915839 -6.679495686468999 7410.8744065075
84.3322074191863 -6.679162495134155 7410.8744065075
84.3318714857543 -6.678829393655964 7410.8744065075
84.33153544895058 -6.678385168261412 7410.8744065075
84.33119941280006 -6.677940942720594 7410.8744065075
84.33086337730268 -6.677496717033455 7410.8744065075
84.33052734245837 -6.677052491200018 7410.8744065075
84.33019141179408 -6.676719388915876 7410.8744065075
84.3299673548164 -6.676386196943354 7410.8744065075
84.32974329816606 -6.6760530049118545 7410.8744065075
84.32951924184309 -6.675719812821388 7410.8744065075
84.32929518584741 -6.6753866206719445 7410.8744065075
84.3290710269324 -6.674942304816248 7410.8744065075
84.32884686845853 -6.6744979889241405 7410.8744065075
84.32851083778068 -6.674053762250815 7410.8744065075
84.32817480775535 -6.67360953543094 7410.8744065075
84.327727008866 -6.673276521161428 7410.8744065075
84.32727931343719 -6.673054630158162 7410.8744065075
84.32671984878918 -6.672943951305383 7410.8744065075
84.32616048699154 -6.672944395492505 7410.8744065075
84.32560112523547 -6.672944839130189 7410.8744065075
84.32504176352089 -6.672945282218438 7410.8744065075
84.32448229967537 -6.672834601170609 7410.8744065075
84.32392283612683 -6.672723919576345 7410.8744065075
84.32336337287522 -6.672613237435666 7410.8744065075
84.3228039099205 -6.672502554748568 7410.8744065075
84.32224444726256 -6.672391871515041 7410.8744065075
84.32168508643053 -6.672392311306148 7410.8744065075
84.32123749636693 -6.672281539172313 7410.8744065075
84.32078990653443 -6.672170766689874 7410.8744065075
84.32034231693301 -6.672059993858888 7410.8744065075
84.31989472756258 -6.671949220679278 7410.8744065075
84.3195589093883 -6.671727236121162 7410.8744065075
84.31911132055117 -6.67161646233546 7410.8744065075
84.318663731945 -6.6715056882011865 7410.8744065075
84.3183279147014 -6.671283702942888 7410.8744065075
84.31799209778391 -6.671061717499441 7410.8744065075
84.31765638178557 -6.6709508554007275 7190.8462106404995
84.3173205654407 -6.670728869580588 7410.8744065075
84.31698474942185 -6.670506883575287 7190.8462106404995
84.31664893372903 -6.670284897384824 7190.8462106404995
84.31631311836219 -6.670062911009194 7190.8462106404995
84.31597720312602 -6.669729800950411 7190.8462106404995
84.31564138849062 -6.669507814210817 7190.8462106404995
84.31541734548065 -6.669174617143126 7190.8462106404995
84.31508153152095 -6.66895263010552 7190.8462106404995
84.31485748918706 -6.668619432865787 7190.8462106404995
84.31452167590295 -6.668397445530175 7190.8462106404995
84.31429763424502 -6.668064248118371 7190.8462106404995
84.3139618216364 -6.667842260484714 7190.8462106404995
84.31362590972506 -6.667509149231761 7190.8462106404995
84.31317812745344 -6.667176124052517 7190.8462106404995
84.31273034583162 -6.666843098550024 7190.8462106404995
84.31228256485957 -6.666510072724288 7190.8462106404995
84.31183478453718 -6.666177046575273 7190.8462106404995
84.311498875381 -6.665843934211913 7190.8462106404995
84.31116306575095 -6.665621945056002 7190.8462106404995
84.31093902786765 -6.665288746563345 7190.8462106404995
84.31060321891249 -6.665066757109293 7190.8462106404995
84.3102674102828 -6.66484476747004 7190.8462106404995
84.30993160197852 -6.664622777645524 7190.8462106404995
84.30959579399963 -6.664400787635749 7190.8462106404995
84.30925998634613 -6.664178797440762 7190.8462106404995
84.30892417901796 -6.663956807060498 7190.8462106404995
84.30870014355636 -6.663623607830935 7190.8462106404995
84.30836433690274 -6.663401617152504 7190.8462106404995
84.30802853057435 -6.663179626288774 7190.8462106404995
84.30769272457123 -6.662957635239824 7190.8462106404995
84.30735691889329 -6.6627356440055845 7190.8462106404995
84.30702111354056 -6.6625136525861 7190.8462106404995
84.30668530851297 -6.662291660981327 7190.8462106404995
84.30646127547178 -6.661958461014575 7190.8462106404995
84.30612547111835 -6.6617364691115535 7190.8462106404995
84.30578956932891 -6.66140335376376 7190.8462106404995
84.30534179868448 -6.661070322949905 7190.8462106404995
84.30489402868857 -6.660737291812599 7190.8462106404995
84.3044462593411 -6.660404260351873 7190.8462106404995
84.303998490642 -6.660071228567679 7190.8462106404995
84.30366259160225 -6.659738112108484 7190.8462106404995
84.30332679022139 -6.659516118682379 7190.8462106404995
84.30310276094747 -6.659182917633116 7190.8462106404995
84.30276696024018 -6.658960923908656 7190.8462106404995
84.30243106289822 -6.658627806818378 7190.8462106404995
84.30223519569009 -6.658516830818355 7190.8462106404995
