RAJ2000 DEJ2000 VEL
83.82803328558307 -4.9459452800201795 12031.4665197145
83.82769873753838 -4.945500757319809 12251.4947155815
83.82736418207813 -4.945167358236049 12251.4947155815
83.82714115318748 -4.944833968181861 12251.4947155815
83.82691811658475 -4.944611701892951 12251.4947155815
83.82669508810173 -4.94427831161452 12251.4947155815
83.82636053375366 -4.943944911831508 12251.4947155815
83.82602598782155 -4.943500387910237 12251.4947155815
83.82583082947085 -4.943333685440645 12251.4947155815
