RAJ2000 DEJ2000 VEL
83.77443196191429 -5.382078563666042 6750.7898189065
83.77420879185229 -5.38185629590859 6750.7898189065
83.77409724345915 -5.381522933466278 6750.7898189065
83.77398569518452 -5.3811895709874245 6530.7616230395
83.77376254395034 -5.380856188754018 6530.7616230395
83.77353939295587 -5.380522806418355 6530.7616230395
83.77342786356431 -5.380078329499998 6310.733427172499
83.7732047314736 -5.379633832706093 6310.733427172499
83.77306525560884 -5.379467136448826 6310.733427172499
