RAJ2000 DEJ2000 VEL
83.84520136051528 -5.1030724650974 10711.2973445125
83.84508978705067 -5.103516937956658 10711.2973445125
83.8449782134296 -5.1039614107512845 10711.2973445125
83.84486663965205 -5.104405883481317 10711.2973445125
83.84475506571799 -5.1048503561467715 10711.2973445125
83.84464349162742 -5.105294828747696 10711.2973445125
83.84453191223837 -5.105850420865981 10711.2973445125
83.84442034297662 -5.106183773756005 10711.2973445125
83.84436455571606 -5.1064060099677775 10711.2973445125
