RAJ2000 DEJ2000 VEL
83.63901941432087 -4.877890021363651 10931.325540379501
83.63913100806403 -4.877667815726063 10931.325540379501
83.63935407870848 -4.877556782120335 11151.353736246501
83.63968866512165 -4.877445794503322 11151.353736246501
83.64013472850054 -4.8774459786036655 11151.353736246501
83.64058079186562 -4.877446162353501 11151.353736246501
83.64102681662386 -4.877557471675273 11151.353736246501
83.64147284151508 -4.877668780643023 11151.353736246501
83.64169585401059 -4.877724434994165 11151.353736246501
