RAJ2000 DEJ2000 VEL
83.89752105769792 -5.13618626529438 10931.325540379501
83.89729795567128 -5.136630749869689 10931.325540379501
83.89707484934792 -5.136964115465822 10931.325540379501
83.89685174279228 -5.137297480951398 10931.325540379501
83.89674019925086 -5.137741960746501 10931.325540379501
83.89651709225014 -5.138075326047263 10931.325540379501
83.89629398501705 -5.13840869123753 10931.325540379501
83.89607087755158 -5.13874205631729 10931.325540379501
83.8959593237317 -5.138908738815756 10931.325540379501
