RAJ2000 DEJ2000 VEL
83.8739820528299 -5.258860518470919 10271.2409527785
83.87375889149881 -5.25852716938842 10051.2127569115
83.87353573040669 -5.258193820199459 10051.2127569115
83.87320098876846 -5.257971587049356 10051.2127569115
83.87297782817411 -5.257638237609921 10051.2127569115
83.87264308703362 -5.257416004110189 10051.2127569115
83.87241992693696 -5.257082654420244 10051.2127569115
83.87208518629409 -5.256860420570845 10051.2127569115
83.87197360646469 -5.2566937456138945 10051.2127569115
