RAJ2000 DEJ2000 VEL
83.78063665263828 -4.930937698361586 5430.620643704499
83.78041355753807 -4.9312710343966595 5430.620643704499
83.78007895383958 -4.931493227568518 5430.620643704499
83.77985585826394 -4.931826563334702 5430.620643704499
83.77963276245971 -4.932159898983373 5430.620643704499
83.77940966642684 -4.932493234514549 5430.620643704499
83.77918655425978 -4.932937694155121 5430.620643704499
83.77907498213625 -4.933271048139594 5430.620643704499
83.77899131093783 -4.933465501489666 5430.620643704499
